gameId,actionNumber,clock,period,teamId,teamTricode,personId,playerName,playerNameI,xLegacy,yLegacy,shotDistance,shotResult,isFieldGoal,scoreHome,scoreAway,pointsTotal,location,description,actionType,subType,videoAvailable,shotValue,actionId,game_id,date
0042400205,2,PT12M00.00S,1,0,,0,,,0,0,0,,0,0,0,0,,Start of 1st Period (7:07 PM EST),period,start,0,0,1,0042400205,2025-05-13
0042400205,4,PT12M00.00S,1,1610612739,CLE,1628386,Allen,J. Allen,0,0,0,,0,,,0,h,Jump Ball Allen vs. Turner: Tip to Mobley,Jump Ball,,1,0,2,0042400205,2025-05-13
0042400205,7,PT11M47.00S,1,1610612739,CLE,1629636,Garland,D. Garland,0,0,0,,0,,,0,h,Garland Bad Pass Turnover (P1.T1),Turnover,Bad Pass,1,0,3,0042400205,2025-05-13
0042400205,7,PT11M47.00S,1,1610612754,IND,1630169,Haliburton,T. Haliburton,0,0,0,,0,,,0,v,Haliburton STEAL (1 STL),,,1,0,4,0042400205,2025-05-13
0042400205,9,PT11M37.00S,1,1610612754,IND,1629614,Nembhard,A. Nembhard,-7,-1,1,Made,1,0,2,2,v,Nembhard 1' Driving Layup (2 PTS) (Siakam 1 AST),Made Shot,Driving Layup Shot,1,2,5,0042400205,2025-05-13
0042400205,11,PT11M26.00S,1,1610612739,CLE,1628386,Allen,J. Allen,1,0,0,Made,1,2,2,4,h,Allen Cutting Dunk Shot (2 PTS) (Garland 1 AST),Made Shot,Cutting Dunk Shot,1,2,6,0042400205,2025-05-13
0042400205,13,PT11M10.00S,1,1610612754,IND,1629614,Nembhard,A. Nembhard,7,-8,1,Missed,1,,,0,v,MISS Nembhard 1' Driving Layup,Missed Shot,Driving Layup Shot,1,2,7,0042400205,2025-05-13
0042400205,14,PT11M08.00S,1,1610612739,CLE,1628386,Allen,J. Allen,0,0,0,,0,,,0,h,Allen REBOUND (Off:0 Def:1),Rebound,Unknown,1,0,8,0042400205,2025-05-13
0042400205,15,PT11M03.00S,1,1610612739,CLE,1629622,Strus,M. Strus,-235,8,24,Missed,1,,,0,h,MISS Strus 24' 3PT Running Jump Shot,Missed Shot,Running Jump Shot,1,3,9,0042400205,2025-05-13
0042400205,16,PT10M59.00S,1,1610612739,CLE,1630596,Mobley,E. Mobley,0,0,0,,0,,,0,h,Mobley REBOUND (Off:1 Def:0),Rebound,Unknown,1,0,10,0042400205,2025-05-13
0042400205,17,PT10M55.00S,1,1610612739,CLE,1629636,Garland,D. Garland,143,250,29,Missed,1,,,0,h,MISS Garland 29' 3PT Jump Shot,Missed Shot,Jump Shot,1,3,11,0042400205,2025-05-13
0042400205,18,PT10M52.00S,1,1610612754,IND,1630169,Haliburton,T. Haliburton,0,0,0,,0,,,0,v,Haliburton REBOUND (Off:0 Def:1),Rebound,Unknown,1,0,12,0042400205,2025-05-13
0042400205,19,PT10M40.00S,1,1610612739,CLE,1629622,Strus,M. Strus,0,0,0,,0,,,0,h,Strus S.FOUL (P1.T1) (B.Taylor),Foul,Shooting,1,0,13,0042400205,2025-05-13
0042400205,21,PT10M40.00S,1,1610612754,IND,1627783,Siakam,P. Siakam,0,0,0,,0,,,0,v,MISS Siakam Free Throw 1 of 2,Free Throw,Free Throw 1 of 2,1,0,14,0042400205,2025-05-13
0042400205,22,PT10M40.00S,1,0,,1610612754,,,0,0,0,,0,,,0,v,Pacers Rebound,Rebound,Normal Rebound,0,0,15,0042400205,2025-05-13
0042400205,23,PT10M40.00S,1,1610612754,IND,1627783,Siakam,P. Siakam,0,0,0,,0,2,3,5,v,Siakam Free Throw 2 of 2 (1 PTS),Free Throw,Free Throw 2 of 2,1,0,16,0042400205,2025-05-13
0042400205,24,PT10M24.00S,1,1610612739,CLE,1629636,Garland,D. Garland,32,89,9,Missed,1,,,0,h,MISS Garland 9' Turnaround Jump Shot,Missed Shot,Turnaround Jump Shot,1,2,17,0042400205,2025-05-13
0042400205,25,PT10M21.00S,1,1610612754,IND,1626167,Turner,M. Turner,0,0,0,,0,,,0,v,Turner REBOUND (Off:0 Def:1),Rebound,Unknown,1,0,18,0042400205,2025-05-13
0042400205,26,PT10M14.00S,1,1610612754,IND,1626167,Turner,M. Turner,67,121,14,Missed,1,,,0,v,MISS Turner 14' Jump Shot,Missed Shot,Jump Shot,1,2,19,0042400205,2025-05-13
0042400205,27,PT10M12.00S,1,1610612739,CLE,1628386,Allen,J. Allen,0,0,0,,0,,,0,h,Allen REBOUND (Off:0 Def:2),Rebound,Unknown,1,0,20,0042400205,2025-05-13
0042400205,28,PT10M04.00S,1,1610612739,CLE,1628378,Mitchell,D. Mitchell,70,120,14,Missed,1,,,0,h,MISS Mitchell 14' Turnaround Fadeaway Shot,Missed Shot,Turnaround Fadeaway shot,1,2,21,0042400205,2025-05-13
0042400205,29,PT10M01.00S,1,1610612754,IND,1630174,Nesmith,A. Nesmith,0,0,0,,0,,,0,v,Nesmith REBOUND (Off:0 Def:1),Rebound,Unknown,1,0,22,0042400205,2025-05-13
0042400205,30,PT09M51.00S,1,1610612754,IND,1627783,Siakam,P. Siakam,235,-11,24,Missed,1,,,0,v,MISS Siakam 24' 3PT Jump Shot,Missed Shot,Jump Shot,1,3,23,0042400205,2025-05-13
0042400205,31,PT09M48.00S,1,1610612739,CLE,1630596,Mobley,E. Mobley,0,0,0,,0,,,0,h,Mobley REBOUND (Off:1 Def:1),Rebound,Unknown,1,0,24,0042400205,2025-05-13
0042400205,32,PT09M39.00S,1,1610612739,CLE,1630596,Mobley,E. Mobley,43,55,7,Made,1,4,3,7,h,Mobley 7' Turnaround Hook Shot (2 PTS),Made Shot,Turnaround Hook Shot,1,2,25,0042400205,2025-05-13
0042400205,33,PT09M24.00S,1,1610612754,IND,1630169,Haliburton,T. Haliburton,228,94,25,Missed,1,,,0,v,MISS Haliburton 25' 3PT Jump Shot,Missed Shot,Jump Shot,1,3,26,0042400205,2025-05-13
0042400205,34,PT09M20.00S,1,1610612739,CLE,1629622,Strus,M. Strus,0,0,0,,0,,,0,h,Strus REBOUND (Off:0 Def:1),Rebound,Unknown,1,0,27,0042400205,2025-05-13
0042400205,35,PT09M17.00S,1,1610612754,IND,1630169,Haliburton,T. Haliburton,0,0,0,,0,,,0,v,Haliburton P.FOUL (P1.T1) (J.Capers),Foul,Personal,1,0,28,0042400205,2025-05-13
0042400205,37,PT09M06.00S,1,1610612739,CLE,1630596,Mobley,E. Mobley,49,79,9,Missed,1,,,0,h,MISS Mobley 9' Driving Hook Shot,Missed Shot,Driving Hook Shot,1,2,29,0042400205,2025-05-13
0042400205,38,PT09M04.00S,1,1610612754,IND,1627783,Siakam,P. Siakam,0,0,0,,0,,,0,v,Siakam REBOUND (Off:0 Def:1),Rebound,Unknown,1,0,30,0042400205,2025-05-13
0042400205,39,PT08M58.00S,1,1610612754,IND,1627783,Siakam,P. Siakam,10,16,2,Made,1,4,5,9,v,Siakam 2' Driving Reverse Layup (3 PTS),Made Shot,Driving Reverse Layup Shot,1,2,31,0042400205,2025-05-13
0042400205,40,PT08M38.00S,1,1610612739,CLE,1630596,Mobley,E. Mobley,82,211,23,Missed,1,,,0,h,MISS Mobley 23' Pullup Jump Shot,Missed Shot,Pullup Jump shot,1,2,32,0042400205,2025-05-13
0042400205,41,PT08M36.00S,1,1610612754,IND,1626167,Turner,M. Turner,0,0,0,,0,,,0,v,Turner REBOUND (Off:0 Def:2),Rebound,Unknown,1,0,33,0042400205,2025-05-13
0042400205,42,PT08M30.00S,1,1610612754,IND,1627783,Siakam,P. Siakam,165,0,17,Missed,1,,,0,v,MISS Siakam 17' Jump Shot,Missed Shot,Jump Shot,1,2,34,0042400205,2025-05-13
0042400205,43,PT08M29.00S,1,1610612754,IND,1626167,Turner,M. Turner,0,0,0,,0,,,0,v,Turner REBOUND (Off:1 Def:2),Rebound,Unknown,1,0,35,0042400205,2025-05-13
0042400205,44,PT08M29.00S,1,1610612739,CLE,1629622,Strus,M. Strus,0,0,0,,0,,,0,h,Strus S.FOUL (P2.T2) (J.Capers),Foul,Shooting,1,0,36,0042400205,2025-05-13
0042400205,46,PT08M29.00S,1,1610612754,IND,1626167,Turner,M. Turner,0,0,0,,0,,,0,v,MISS Turner Free Throw 1 of 2,Free Throw,Free Throw 1 of 2,1,0,37,0042400205,2025-05-13
0042400205,47,PT08M29.00S,1,0,,1610612754,,,0,0,0,,0,,,0,v,Pacers Rebound,Rebound,Normal Rebound,0,0,38,0042400205,2025-05-13
0042400205,48,PT08M29.00S,1,1610612754,IND,1626167,Turner,M. Turner,0,0,0,,0,4,6,10,v,Turner Free Throw 2 of 2 (1 PTS),Free Throw,Free Throw 2 of 2,1,0,39,0042400205,2025-05-13
0042400205,49,PT08M10.00S,1,1610612739,CLE,1628378,Mitchell,D. Mitchell,-85,134,16,Missed,1,,,0,h,MISS Mitchell 16' Step Back Jump Shot,Missed Shot,Step Back Jump shot,1,2,40,0042400205,2025-05-13
0042400205,50,PT08M07.00S,1,1610612754,IND,1627783,Siakam,P. Siakam,0,0,0,,0,,,0,v,Siakam REBOUND (Off:0 Def:2),Rebound,Unknown,1,0,41,0042400205,2025-05-13
0042400205,51,PT08M02.00S,1,1610612754,IND,1626167,Turner,M. Turner,-138,228,27,Missed,1,,,0,v,MISS Turner 27' 3PT Jump Shot,Missed Shot,Jump Shot,1,3,42,0042400205,2025-05-13
0042400205,52,PT07M59.00S,1,1610612739,CLE,1629636,Garland,D. Garland,0,0,0,,0,,,0,h,Garland REBOUND (Off:0 Def:1),Rebound,Unknown,1,0,43,0042400205,2025-05-13
0042400205,53,PT07M49.00S,1,1610612739,CLE,1628378,Mitchell,D. Mitchell,237,37,24,Missed,1,,,0,h,MISS Mitchell 24' 3PT Jump Shot,Missed Shot,Jump Shot,1,3,44,0042400205,2025-05-13
0042400205,54,PT07M46.00S,1,1610612754,IND,1627783,Siakam,P. Siakam,0,0,0,,0,,,0,v,Siakam REBOUND (Off:0 Def:3),Rebound,Unknown,1,0,45,0042400205,2025-05-13
0042400205,55,PT07M33.00S,1,1610612754,IND,1630174,Nesmith,A. Nesmith,-228,39,0,Missed,1,,,0,v,MISS Nesmith 3PT Jump Shot,Missed Shot,Jump Shot,1,3,46,0042400205,2025-05-13
0042400205,56,PT07M31.00S,1,1610612739,CLE,1628386,Allen,J. Allen,0,0,0,,0,,,0,h,Allen REBOUND (Off:0 Def:3),Rebound,Unknown,1,0,47,0042400205,2025-05-13
0042400205,57,PT07M25.00S,1,1610612754,IND,1626167,Turner,M. Turner,0,0,0,,0,,,0,v,Turner S.FOUL (P1.T2) (J.Capers),Foul,Shooting,1,0,48,0042400205,2025-05-13
0042400205,59,PT07M25.00S,1,1610612739,CLE,1630596,Mobley,E. Mobley,0,0,0,,0,5,6,11,h,Mobley Free Throw 1 of 2 (3 PTS),Free Throw,Free Throw 1 of 2,1,0,49,0042400205,2025-05-13
0042400205,60,PT07M25.00S,1,1610612739,CLE,1630596,Mobley,E. Mobley,0,0,0,,0,6,6,12,h,Mobley Free Throw 2 of 2 (4 PTS),Free Throw,Free Throw 2 of 2,1,0,50,0042400205,2025-05-13
0042400205,61,PT07M12.00S,1,1610612754,IND,1626167,Turner,M. Turner,10,21,2,Missed,1,,,0,v,MISS Turner 2' Driving Layup,Missed Shot,Driving Layup Shot,1,2,51,0042400205,2025-05-13
0042400205,61,PT07M12.00S,1,1610612739,CLE,1628378,Mitchell,D. Mitchell,0,0,0,,0,,,0,h,Mitchell BLOCK (1 BLK),,,1,2,52,0042400205,2025-05-13
0042400205,63,PT07M12.00S,1,1610612739,CLE,1628378,Mitchell,D. Mitchell,0,0,0,,0,,,0,h,Mitchell REBOUND (Off:0 Def:1),Rebound,Unknown,1,0,53,0042400205,2025-05-13
0042400205,64,PT07M09.00S,1,1610612739,CLE,1628378,Mitchell,D. Mitchell,-1,19,2,Made,1,8,6,14,h,Mitchell 2' Running Layup (2 PTS),Made Shot,Running Layup Shot,1,2,54,0042400205,2025-05-13
0042400205,65,PT07M09.00S,1,1610612754,IND,1630169,Haliburton,T. Haliburton,0,0,0,,0,,,0,v,Haliburton S.FOUL (P2.T3) (J.Capers),Foul,Shooting,1,0,55,0042400205,2025-05-13
0042400205,67,PT07M09.00S,1,1610612754,IND,1630169,Haliburton,T. Haliburton,0,0,0,,0,,,0,v,SUB: Mathurin FOR Haliburton,Substitution,,0,0,56,0042400205,2025-05-13
0042400205,69,PT07M09.00S,1,1610612739,CLE,1628378,Mitchell,D. Mitchell,0,0,0,,0,9,6,15,h,Mitchell Free Throw 1 of 1 (3 PTS),Free Throw,Free Throw 1 of 1,1,0,57,0042400205,2025-05-13
0042400205,70,PT06M51.00S,1,1610612754,IND,1629614,Nembhard,A. Nembhard,2,1,0,Made,1,9,8,17,v,Nembhard Driving Finger Roll Layup (4 PTS),Made Shot,Driving Finger Roll Layup Shot,1,2,58,0042400205,2025-05-13
0042400205,71,PT06M32.00S,1,1610612739,CLE,1630596,Mobley,E. Mobley,-6,-2,1,Made,1,11,8,19,h,Mobley 1' Cutting Dunk Shot (6 PTS) (Garland 2 AST),Made Shot,Cutting Dunk Shot,1,2,59,0042400205,2025-05-13
0042400205,74,PT06M15.00S,1,0,,1610612739,,,0,0,0,,0,,,0,h,CAVALIERS Timeout: Regular (Full 1 Short 0),Timeout,Regular,0,0,60,0042400205,2025-05-13
0042400205,75,PT06M15.00S,1,1610612739,CLE,1630596,Mobley,E. Mobley,0,0,0,,0,,,0,h,SUB: Hunter FOR Mobley,Substitution,,0,0,61,0042400205,2025-05-13
0042400205,76,PT06M15.00S,1,1610612739,CLE,1628378,Mitchell,D. Mitchell,0,0,0,,0,,,0,h,SUB: Wade FOR Mitchell,Substitution,,0,0,62,0042400205,2025-05-13
0042400205,77,PT06M15.00S,1,1610612754,IND,1626167,Turner,M. Turner,0,0,0,,0,,,0,v,SUB: Toppin FOR Turner,Substitution,,0,0,63,0042400205,2025-05-13
0042400205,78,PT06M15.00S,1,1610612754,IND,1627783,Siakam,P. Siakam,0,0,0,,0,,,0,v,SUB: Bryant FOR Siakam,Substitution,,0,0,64,0042400205,2025-05-13
0042400205,83,PT06M15.00S,1,1610612754,IND,1629614,Nembhard,A. Nembhard,0,0,0,,0,,,0,v,SUB: McConnell FOR Nembhard,Substitution,,0,0,65,0042400205,2025-05-13
0042400205,85,PT06M09.00S,1,1610612754,IND,1630167,Toppin,O. Toppin,0,0,0,,0,,,0,v,Toppin OFF.Foul (P1) (B.Taylor),Foul,Offensive,1,0,66,0042400205,2025-05-13
0042400205,87,PT06M09.00S,1,1610612754,IND,1630167,Toppin,O. Toppin,0,0,0,,0,,,0,v,Toppin Offensive Foul Turnover (P1.T1),Turnover,Offensive Foul Turnover,1,0,67,0042400205,2025-05-13
0042400205,88,PT05M56.00S,1,1610612739,CLE,1628386,Allen,J. Allen,20,106,11,Made,1,13,8,21,h,Allen 11' Floating Jump Shot (4 PTS) (Garland 3 AST),Made Shot,Floating Jump shot,1,2,68,0042400205,2025-05-13
0042400205,90,PT05M46.00S,1,1610612754,IND,1631097,Mathurin,B. Mathurin,0,0,0,,0,,,0,v,Mathurin OFF.Foul (P1) (J.Capers),Foul,Offensive,1,0,69,0042400205,2025-05-13
0042400205,92,PT05M46.00S,1,1610612754,IND,1631097,Mathurin,B. Mathurin,0,0,0,,0,,,0,v,Mathurin Offensive Foul Turnover (P1.T2),Turnover,Offensive Foul Turnover,1,0,70,0042400205,2025-05-13
0042400205,93,PT05M39.00S,1,1610612739,CLE,1629636,Garland,D. Garland,208,178,27,Missed,1,,,0,h,MISS Garland 27' 3PT Pullup Jump Shot,Missed Shot,Pullup Jump shot,1,3,71,0042400205,2025-05-13
0042400205,94,PT05M36.00S,1,1610612754,IND,204456,McConnell,T. McConnell,0,0,0,,0,,,0,v,McConnell REBOUND (Off:0 Def:1),Rebound,Unknown,1,0,72,0042400205,2025-05-13
0042400205,95,PT05M28.00S,1,1610612754,IND,1630174,Nesmith,A. Nesmith,-2,-4,0,Missed,1,,,0,v,MISS Nesmith Driving Layup,Missed Shot,Driving Layup Shot,1,2,73,0042400205,2025-05-13
0042400205,96,PT05M26.00S,1,1610612754,IND,1630174,Nesmith,A. Nesmith,0,0,0,,0,,,0,v,Nesmith REBOUND (Off:1 Def:1),Rebound,Unknown,1,0,74,0042400205,2025-05-13
0042400205,97,PT05M24.00S,1,1610612754,IND,1630174,Nesmith,A. Nesmith,2,18,2,Made,1,13,10,23,v,Nesmith 2' Putback Layup (2 PTS),Made Shot,Putback Layup Shot,1,2,75,0042400205,2025-05-13
0042400205,98,PT05M14.00S,1,1610612739,CLE,1629636,Garland,D. Garland,-17,20,3,Missed,1,,,0,h,MISS Garland 3' Driving Finger Roll Layup,Missed Shot,Driving Finger Roll Layup Shot,1,2,76,0042400205,2025-05-13
0042400205,99,PT05M14.00S,1,0,,1610612754,,,0,0,0,,0,,,0,v,Pacers Rebound,Rebound,Unknown,0,0,77,0042400205,2025-05-13
0042400205,100,PT05M14.00S,1,1610612739,CLE,1628386,Allen,J. Allen,0,0,0,,0,,,0,h,Allen L.B.FOUL (P1.T3) (J.Capers),Foul,Loose Ball,1,0,78,0042400205,2025-05-13
0042400205,102,PT05M14.00S,1,1610612739,CLE,1629622,Strus,M. Strus,0,0,0,,0,,,0,h,SUB: Okoro FOR Strus,Substitution,,0,0,79,0042400205,2025-05-13
0042400205,104,PT05M01.00S,1,1610612754,IND,1631097,Mathurin,B. Mathurin,-67,59,9,Made,1,13,12,25,v,Mathurin 9' Driving Floating Jump Shot (2 PTS),Made Shot,Driving Floating Jump Shot,1,2,80,0042400205,2025-05-13
0042400205,105,PT04M36.00S,1,1610612739,CLE,1629636,Garland,D. Garland,98,150,18,Made,1,15,12,27,h,Garland 18' Pullup Jump Shot (2 PTS),Made Shot,Pullup Jump shot,1,2,81,0042400205,2025-05-13
0042400205,106,PT04M12.00S,1,1610612754,IND,1628418,Bryant,T. Bryant,-125,18,13,Missed,1,,,0,v,MISS Bryant 13' Turnaround Fadeaway Shot,Missed Shot,Turnaround Fadeaway shot,1,2,82,0042400205,2025-05-13
0042400205,107,PT04M12.00S,1,0,,1610612739,,,0,0,0,,0,,,0,h,CAVALIERS Rebound,Rebound,Unknown,0,0,83,0042400205,2025-05-13
0042400205,109,PT04M12.00S,1,1610612739,CLE,1629636,Garland,D. Garland,0,0,0,,0,,,0,h,SUB: Mitchell FOR Garland,Substitution,,0,0,84,0042400205,2025-05-13
0042400205,111,PT04M02.00S,1,1610612754,IND,1628418,Bryant,T. Bryant,0,0,0,,0,,,0,v,Bryant S.FOUL (P1.T4) (J.Capers),Foul,Shooting,1,0,85,0042400205,2025-05-13
0042400205,113,PT04M02.00S,1,1610612739,CLE,1628378,Mitchell,D. Mitchell,0,0,0,,0,16,12,28,h,Mitchell Free Throw 1 of 2 (4 PTS),Free Throw,Free Throw 1 of 2,1,0,86,0042400205,2025-05-13
0042400205,114,PT04M02.00S,1,1610612754,IND,204456,McConnell,T. McConnell,0,0,0,,0,,,0,v,SUB: Nembhard FOR McConnell,Substitution,,0,0,87,0042400205,2025-05-13
0042400205,116,PT04M02.00S,1,1610612754,IND,1630167,Toppin,O. Toppin,0,0,0,,0,,,0,v,SUB: Siakam FOR Toppin,Substitution,,0,0,88,0042400205,2025-05-13
0042400205,118,PT04M02.00S,1,1610612754,IND,1628418,Bryant,T. Bryant,0,0,0,,0,,,0,v,SUB: Toppin FOR Bryant,Substitution,,0,0,89,0042400205,2025-05-13
0042400205,120,PT04M02.00S,1,1610612739,CLE,1628378,Mitchell,D. Mitchell,0,0,0,,0,17,12,29,h,Mitchell Free Throw 2 of 2 (5 PTS),Free Throw,Free Throw 2 of 2,1,0,90,0042400205,2025-05-13
0042400205,121,PT03M44.00S,1,1610612754,IND,1631097,Mathurin,B. Mathurin,190,149,24,Missed,1,,,0,v,MISS Mathurin 24' 3PT Pullup Jump Shot,Missed Shot,Pullup Jump shot,1,3,91,0042400205,2025-05-13
0042400205,122,PT03M43.00S,1,0,,1610612739,,,0,0,0,,0,,,0,h,CAVALIERS Rebound,Rebound,Unknown,0,0,92,0042400205,2025-05-13
0042400205,124,PT03M35.00S,1,1610612754,IND,1630167,Toppin,O. Toppin,0,0,0,,0,,,0,v,Toppin S.FOUL (P2.PN) (M.Lindsay),Foul,Shooting,1,0,93,0042400205,2025-05-13
0042400205,126,PT03M35.00S,1,1610612739,CLE,1628378,Mitchell,D. Mitchell,0,0,0,,0,18,12,30,h,Mitchell Free Throw 1 of 2 (6 PTS),Free Throw,Free Throw 1 of 2,1,0,94,0042400205,2025-05-13
0042400205,127,PT03M35.00S,1,1610612754,IND,1631097,Mathurin,B. Mathurin,0,0,0,,0,,,0,v,SUB: Sheppard FOR Mathurin,Substitution,,0,0,95,0042400205,2025-05-13
0042400205,128,PT03M35.00S,1,1610612754,IND,1630174,Nesmith,A. Nesmith,0,0,0,,0,,,0,v,SUB: Haliburton FOR Nesmith,Substitution,,0,0,96,0042400205,2025-05-13
0042400205,131,PT03M35.00S,1,1610612739,CLE,1628378,Mitchell,D. Mitchell,0,0,0,,0,19,12,31,h,Mitchell Free Throw 2 of 2 (7 PTS),Free Throw,Free Throw 2 of 2,1,0,97,0042400205,2025-05-13
0042400205,132,PT03M21.00S,1,1610612754,IND,1627783,Siakam,P. Siakam,12,159,16,Missed,1,,,0,v,MISS Siakam 16' Jump Shot,Missed Shot,Jump Shot,1,2,98,0042400205,2025-05-13
0042400205,133,PT03M19.00S,1,0,,1610612739,,,0,0,0,,0,,,0,h,CAVALIERS Rebound,Rebound,Unknown,0,0,99,0042400205,2025-05-13
0042400205,135,PT03M03.00S,1,1610612739,CLE,1628386,Allen,J. Allen,0,0,0,,0,,,0,h,Allen Bad Pass Turnover (P1.T2),Turnover,Bad Pass,1,0,100,0042400205,2025-05-13
0042400205,135,PT03M03.00S,1,1610612754,IND,1630167,Toppin,O. Toppin,0,0,0,,0,,,0,v,Toppin STEAL (1 STL),,,1,0,101,0042400205,2025-05-13
0042400205,137,PT02M59.00S,1,1610612754,IND,1630167,Toppin,O. Toppin,0,0,0,,0,,,0,v,Toppin Bad Pass Turnover (P2.T3),Turnover,Bad Pass,1,0,102,0042400205,2025-05-13
0042400205,137,PT02M59.00S,1,1610612739,CLE,1628386,Allen,J. Allen,0,0,0,,0,,,0,h,Allen STEAL (1 STL),,,1,0,103,0042400205,2025-05-13
0042400205,139,PT02M59.00S,1,1610612739,CLE,1628386,Allen,J. Allen,-1,6,1,Made,1,21,12,33,h,Allen 1' Reverse Dunk (6 PTS) (Mitchell 1 AST),Made Shot,Reverse Dunk Shot,1,2,104,0042400205,2025-05-13
0042400205,141,PT02M59.00S,1,0,,1610612754,,,0,0,0,,0,,,0,v,Pacers Timeout: Regular (Reg.1 Short 0),Timeout,Regular,0,0,105,0042400205,2025-05-13
0042400205,142,PT02M59.00S,1,1610612739,CLE,1628386,Allen,J. Allen,0,0,0,,0,,,0,h,SUB: Mobley FOR Allen,Substitution,,0,0,106,0042400205,2025-05-13
0042400205,143,PT02M59.00S,1,1610612754,IND,1630167,Toppin,O. Toppin,0,0,0,,0,,,0,v,SUB: Bryant FOR Toppin,Substitution,,0,0,107,0042400205,2025-05-13
0042400205,144,PT02M59.00S,1,1610612754,IND,1629614,Nembhard,A. Nembhard,0,0,0,,0,,,0,v,SUB: Turner FOR Nembhard,Substitution,,0,0,108,0042400205,2025-05-13
0042400205,148,PT02M59.00S,1,1610612754,IND,1628418,Bryant,T. Bryant,0,0,0,,0,,,0,v,SUB: Nembhard FOR Bryant,Substitution,,0,0,109,0042400205,2025-05-13
0042400205,150,PT02M41.00S,1,1610612754,IND,1629614,Nembhard,A. Nembhard,-119,5,12,Made,1,21,14,35,v,Nembhard 12' Step Back Jump Shot (6 PTS) (Siakam 2 AST),Made Shot,Step Back Jump shot,1,2,110,0042400205,2025-05-13
0042400205,152,PT02M31.00S,1,1610612739,CLE,1628378,Mitchell,D. Mitchell,118,236,26,Missed,1,,,0,h,MISS Mitchell 26' 3PT Step Back Jump Shot,Missed Shot,Step Back Jump shot,1,3,111,0042400205,2025-05-13
0042400205,153,PT02M30.00S,1,0,,1610612754,,,0,0,0,,0,,,0,v,Pacers Rebound,Rebound,Unknown,0,0,112,0042400205,2025-05-13
0042400205,155,PT02M09.00S,1,1610612754,IND,1629614,Nembhard,A. Nembhard,-195,256,32,Missed,1,,,0,v,MISS Nembhard 32' 3PT Jump Shot,Missed Shot,Jump Shot,1,3,113,0042400205,2025-05-13
0042400205,156,PT02M05.00S,1,1610612739,CLE,1630596,Mobley,E. Mobley,0,0,0,,0,,,0,h,Mobley REBOUND (Off:1 Def:2),Rebound,Unknown,1,0,114,0042400205,2025-05-13
0042400205,157,PT01M56.00S,1,1610612739,CLE,1630596,Mobley,E. Mobley,2,14,1,Made,1,23,14,37,h,Mobley 1' Driving Layup (8 PTS),Made Shot,Driving Layup Shot,1,2,115,0042400205,2025-05-13
0042400205,158,PT01M47.00S,1,1610612754,IND,1630169,Haliburton,T. Haliburton,0,0,0,,0,,,0,v,Haliburton Lost Ball Turnover (P1.T4),Turnover,Lost Ball,1,0,116,0042400205,2025-05-13
0042400205,158,PT01M47.00S,1,1610612739,CLE,1628378,Mitchell,D. Mitchell,0,0,0,,0,,,0,h,Mitchell STEAL (1 STL),,,1,0,117,0042400205,2025-05-13
0042400205,160,PT01M46.00S,1,1610612739,CLE,1628378,Mitchell,D. Mitchell,-4,8,1,Made,1,25,14,39,h,Mitchell 1' Running Layup (9 PTS),Made Shot,Running Layup Shot,1,2,118,0042400205,2025-05-13
0042400205,161,PT01M46.00S,1,1610612754,IND,1627783,Siakam,P. Siakam,0,0,0,,0,,,0,v,Siakam S.FOUL (P1.PN) (M.Lindsay),Foul,Shooting,1,0,119,0042400205,2025-05-13
0042400205,163,PT01M46.00S,1,1610612754,IND,1630169,Haliburton,T. Haliburton,0,0,0,,0,,,0,v,SUB: McConnell FOR Haliburton,Substitution,,0,0,120,0042400205,2025-05-13
0042400205,165,PT01M46.00S,1,1610612739,CLE,1628378,Mitchell,D. Mitchell,0,0,0,,0,,,0,h,MISS Mitchell Free Throw 1 of 1,Free Throw,Free Throw 1 of 1,1,0,121,0042400205,2025-05-13
0042400205,166,PT01M43.00S,1,1610612754,IND,204456,McConnell,T. McConnell,0,0,0,,0,,,0,v,McConnell REBOUND (Off:0 Def:2),Rebound,Unknown,1,0,122,0042400205,2025-05-13
0042400205,167,PT01M36.00S,1,1610612754,IND,1641767,Sheppard,B. Sheppard,-195,199,28,Made,1,25,17,42,v,Sheppard 28' 3PT Jump Shot (3 PTS) (McConnell 1 AST),Made Shot,Jump Shot,1,3,123,0042400205,2025-05-13
0042400205,170,PT01M17.00S,1,1610612754,IND,1626167,Turner,M. Turner,0,0,0,,0,,,0,v,Turner S.FOUL (P2.PN) (B.Taylor),Foul,Shooting,1,0,124,0042400205,2025-05-13
0042400205,172,PT01M17.00S,1,1610612739,CLE,1630596,Mobley,E. Mobley,0,0,0,,0,26,17,43,h,Mobley Free Throw 1 of 2 (9 PTS),Free Throw,Free Throw 1 of 2,1,0,125,0042400205,2025-05-13
0042400205,173,PT01M17.00S,1,1610612754,IND,1626167,Turner,M. Turner,0,0,0,,0,,,0,v,SUB: Bryant FOR Turner,Substitution,,0,0,126,0042400205,2025-05-13
0042400205,175,PT01M17.00S,1,1610612739,CLE,1630596,Mobley,E. Mobley,0,0,0,,0,27,17,44,h,Mobley Free Throw 2 of 2 (10 PTS),Free Throw,Free Throw 2 of 2,1,0,127,0042400205,2025-05-13
0042400205,176,PT00M56.60S,1,1610612754,IND,1629614,Nembhard,A. Nembhard,-159,293,33,Missed,1,,,0,v,MISS Nembhard 33' 3PT Jump Shot,Missed Shot,Jump Shot,1,3,128,0042400205,2025-05-13
0042400205,177,PT00M53.30S,1,1610612739,CLE,1630596,Mobley,E. Mobley,0,0,0,,0,,,0,h,Mobley REBOUND (Off:1 Def:3),Rebound,Unknown,1,0,129,0042400205,2025-05-13
0042400205,178,PT00M36.80S,1,1610612739,CLE,1628378,Mitchell,D. Mitchell,1,92,9,Made,1,29,17,46,h,Mitchell 9' Driving Floating Jump Shot (11 PTS),Made Shot,Driving Floating Jump Shot,1,2,130,0042400205,2025-05-13
0042400205,179,PT00M20.20S,1,1610612754,IND,204456,McConnell,T. McConnell,71,-3,7,Missed,1,,,0,v,MISS McConnell 7' Pullup Jump Shot,Missed Shot,Pullup Jump shot,1,2,131,0042400205,2025-05-13
0042400205,180,PT00M18.10S,1,1610612739,CLE,1628378,Mitchell,D. Mitchell,0,0,0,,0,,,0,h,Mitchell REBOUND (Off:0 Def:2),Rebound,Unknown,1,0,132,0042400205,2025-05-13
0042400205,181,PT00M04.60S,1,1610612754,IND,1641767,Sheppard,B. Sheppard,0,0,0,,0,,,0,v,Sheppard S.FOUL (P1.PN) (M.Lindsay),Foul,Shooting,1,0,133,0042400205,2025-05-13
0042400205,183,PT00M04.60S,1,1610612739,CLE,1628378,Mitchell,D. Mitchell,0,0,0,,0,30,17,47,h,Mitchell Free Throw 1 of 2 (12 PTS),Free Throw,Free Throw 1 of 2,1,0,134,0042400205,2025-05-13
0042400205,184,PT00M04.60S,1,1610612754,IND,1629614,Nembhard,A. Nembhard,0,0,0,,0,,,0,v,SUB: Haliburton FOR Nembhard,Substitution,,0,0,135,0042400205,2025-05-13
0042400205,185,PT00M04.60S,1,1610612754,IND,204456,McConnell,T. McConnell,0,0,0,,0,,,0,v,SUB: Nesmith FOR McConnell,Substitution,,0,0,136,0042400205,2025-05-13
0042400205,188,PT00M04.60S,1,1610612739,CLE,1628378,Mitchell,D. Mitchell,0,0,0,,0,31,17,48,h,Mitchell Free Throw 2 of 2 (13 PTS),Free Throw,Free Throw 2 of 2,1,0,137,0042400205,2025-05-13
0042400205,189,PT00M02.70S,1,1610612739,CLE,1630171,Okoro,I. Okoro,0,0,0,,0,,,0,h,Okoro S.FOUL (P1.T4) (B.Taylor),Foul,Shooting,1,0,138,0042400205,2025-05-13
0042400205,191,PT00M02.70S,1,1610612754,IND,1630169,Haliburton,T. Haliburton,0,0,0,,0,31,18,49,v,Haliburton Free Throw 1 of 3 (1 PTS),Free Throw,Free Throw 1 of 3,1,0,139,0042400205,2025-05-13
0042400205,192,PT00M02.70S,1,1610612754,IND,1630169,Haliburton,T. Haliburton,0,0,0,,0,31,19,50,v,Haliburton Free Throw 2 of 3 (2 PTS),Free Throw,Free Throw 2 of 3,1,0,140,0042400205,2025-05-13
0042400205,193,PT00M02.70S,1,1610612754,IND,1630169,Haliburton,T. Haliburton,0,0,0,,0,,,0,v,MISS Haliburton Free Throw 3 of 3,Free Throw,Free Throw 3 of 3,1,0,141,0042400205,2025-05-13
0042400205,194,PT00M02.70S,1,1610612739,CLE,1629731,Wade,D. Wade,0,0,0,,0,,,0,h,Wade REBOUND (Off:0 Def:1),Rebound,Unknown,1,0,142,0042400205,2025-05-13
0042400205,195,PT00M00.00S,1,0,,0,,,0,0,0,,0,31,19,50,,End of 1st Period (7:39 PM EST),period,end,1,0,143,0042400205,2025-05-13
0042400205,200,PT12M00.00S,2,0,,0,,,0,0,0,,0,31,19,50,,Start of 2nd Period (7:43 PM EST),period,start,0,0,144,0042400205,2025-05-13
0042400205,201,PT11M41.00S,2,1610612754,IND,1630174,Nesmith,A. Nesmith,-225,-1,0,Missed,1,,,0,v,MISS Nesmith 3PT Jump Shot,Missed Shot,Jump Shot,1,3,145,0042400205,2025-05-13
0042400205,202,PT11M38.00S,2,1610612739,CLE,1629631,Hunter,D. Hunter,0,0,0,,0,,,0,h,Hunter REBOUND (Off:0 Def:1),Rebound,Unknown,1,0,146,0042400205,2025-05-13
0042400205,203,PT11M35.00S,2,1610612739,CLE,1629631,Hunter,D. Hunter,7,15,2,Made,1,33,19,52,h,Hunter 2' Running Finger Roll Layup (2 PTS),Made Shot,Running Finger Roll Layup Shot,1,2,147,0042400205,2025-05-13
0042400205,204,PT11M09.00S,2,1610612754,IND,1627783,Siakam,P. Siakam,34,70,8,Missed,1,,,0,v,MISS Siakam 8' Driving Floating Jump Shot,Missed Shot,Driving Floating Jump Shot,1,2,148,0042400205,2025-05-13
0042400205,205,PT11M05.00S,2,1610612754,IND,204456,McConnell,T. McConnell,0,0,0,,0,,,0,v,McConnell REBOUND (Off:1 Def:2),Rebound,Unknown,1,0,149,0042400205,2025-05-13
0042400205,206,PT10M58.00S,2,1610612754,IND,1641767,Sheppard,B. Sheppard,0,0,0,,0,,,0,v,Sheppard Lost Ball Turnover (P1.T5),Turnover,Lost Ball,1,0,150,0042400205,2025-05-13
0042400205,206,PT10M58.00S,2,1610612739,CLE,1628378,Mitchell,D. Mitchell,0,0,0,,0,,,0,h,Mitchell STEAL (2 STL),,,1,0,151,0042400205,2025-05-13
0042400205,208,PT10M52.00S,2,1610612739,CLE,1628378,Mitchell,D. Mitchell,0,0,0,,0,,,0,h,Mitchell Lost Ball Turnover (P1.T3),Turnover,Lost Ball,1,0,152,0042400205,2025-05-13
0042400205,208,PT10M52.00S,2,1610612754,IND,1641767,Sheppard,B. Sheppard,0,0,0,,0,,,0,v,Sheppard STEAL (1 STL),,,1,0,153,0042400205,2025-05-13
0042400205,210,PT10M45.00S,2,1610612739,CLE,1628378,Mitchell,D. Mitchell,0,0,0,,0,,,0,h,Mitchell P.FOUL (P1.T1) (J.Capers),Foul,Personal,1,0,154,0042400205,2025-05-13
0042400205,212,PT10M45.00S,2,1610612754,IND,1641767,Sheppard,B. Sheppard,0,0,0,,0,,,0,v,SUB: Mathurin FOR Sheppard,Substitution,,0,0,155,0042400205,2025-05-13
0042400205,214,PT10M32.00S,2,1610612754,IND,1627783,Siakam,P. Siakam,4,10,1,Missed,1,,,0,v,MISS Siakam 1' Driving Layup,Missed Shot,Driving Layup Shot,1,2,156,0042400205,2025-05-13
0042400205,215,PT10M29.00S,2,1610612739,CLE,1629631,Hunter,D. Hunter,0,0,0,,0,,,0,h,Hunter REBOUND (Off:0 Def:2),Rebound,Unknown,1,0,157,0042400205,2025-05-13
0042400205,216,PT10M26.00S,2,1610612739,CLE,1628378,Mitchell,D. Mitchell,0,0,0,,0,,,0,h,Mitchell Out of Bounds - Bad Pass Turnover Turnover (P2.T4),Turnover,Out of Bounds - Bad Pass Turnover,1,0,158,0042400205,2025-05-13
0042400205,217,PT10M19.00S,2,1610612754,IND,1630167,Toppin,O. Toppin,-224,175,28,Missed,1,,,0,v,MISS Toppin 28' 3PT Jump Shot,Missed Shot,Jump Shot,1,3,159,0042400205,2025-05-13
0042400205,218,PT10M13.00S,2,1610612739,CLE,1629731,Wade,D. Wade,0,0,0,,0,,,0,h,Wade REBOUND (Off:0 Def:2),Rebound,Unknown,1,0,160,0042400205,2025-05-13
0042400205,219,PT10M03.00S,2,1610612739,CLE,1629631,Hunter,D. Hunter,77,232,24,Made,1,36,19,55,h,Hunter 24' 3PT Pullup Jump Shot (5 PTS),Made Shot,Pullup Jump shot,1,3,161,0042400205,2025-05-13
0042400205,220,PT09M52.00S,2,1610612754,IND,1627783,Siakam,P. Siakam,-1,0,0,Made,1,36,21,57,v,Siakam Driving Floating Jump Shot (5 PTS) (Toppin 1 AST),Made Shot,Driving Floating Jump Shot,1,2,162,0042400205,2025-05-13
0042400205,222,PT09M52.00S,2,1610612739,CLE,1629731,Wade,D. Wade,0,0,0,,0,,,0,h,Wade S.FOUL (P1.T2) (B.Taylor),Foul,Shooting,1,0,163,0042400205,2025-05-13
0042400205,224,PT09M52.00S,2,1610612739,CLE,1629731,Wade,D. Wade,0,0,0,,0,,,0,h,SUB: Garland FOR Wade,Substitution,,0,0,164,0042400205,2025-05-13
0042400205,225,PT09M52.00S,2,1610612739,CLE,1628378,Mitchell,D. Mitchell,0,0,0,,0,,,0,h,SUB: Strus FOR Mitchell,Substitution,,0,0,165,0042400205,2025-05-13
0042400205,228,PT09M52.00S,2,1610612754,IND,1627783,Siakam,P. Siakam,0,0,0,,0,,,0,v,MISS Siakam Free Throw 1 of 1,Free Throw,Free Throw 1 of 1,1,0,166,0042400205,2025-05-13
0042400205,229,PT09M50.00S,2,1610612739,CLE,1629631,Hunter,D. Hunter,0,0,0,,0,,,0,h,Hunter REBOUND (Off:0 Def:3),Rebound,Unknown,1,0,167,0042400205,2025-05-13
0042400205,230,PT09M33.00S,2,1610612739,CLE,1630596,Mobley,E. Mobley,61,74,10,Made,1,38,21,59,h,Mobley 10' Turnaround Hook Shot (12 PTS),Made Shot,Turnaround Hook Shot,1,2,168,0042400205,2025-05-13
0042400205,231,PT09M24.00S,2,1610612739,CLE,1629622,Strus,M. Strus,0,0,0,,0,,,0,h,Strus S.FOUL (P3.T3) (J.Capers),Foul,Shooting,1,0,169,0042400205,2025-05-13
0042400205,233,PT09M24.00S,2,1610612754,IND,1630167,Toppin,O. Toppin,0,0,0,,0,38,22,60,v,Toppin Free Throw 1 of 2 (1 PTS),Free Throw,Free Throw 1 of 2,1,0,170,0042400205,2025-05-13
0042400205,234,PT09M24.00S,2,1610612739,CLE,1629622,Strus,M. Strus,0,0,0,,0,,,0,h,SUB: Allen FOR Strus,Substitution,,0,0,171,0042400205,2025-05-13
0042400205,235,PT09M24.00S,2,1610612754,IND,204456,McConnell,T. McConnell,0,0,0,,0,,,0,v,SUB: Turner FOR McConnell,Substitution,,0,0,172,0042400205,2025-05-13
0042400205,236,PT09M24.00S,2,1610612754,IND,1627783,Siakam,P. Siakam,0,0,0,,0,,,0,v,SUB: Haliburton FOR Siakam,Substitution,,0,0,173,0042400205,2025-05-13
0042400205,240,PT09M24.00S,2,1610612754,IND,1630167,Toppin,O. Toppin,0,0,0,,0,38,23,61,v,Toppin Free Throw 2 of 2 (2 PTS),Free Throw,Free Throw 2 of 2,1,0,174,0042400205,2025-05-13
0042400205,241,PT09M06.00S,2,1610612739,CLE,1628386,Allen,J. Allen,4,3,1,Made,1,40,23,63,h,Allen 1' Reverse Layup (8 PTS) (Hunter 1 AST),Made Shot,Reverse Layup Shot,1,2,175,0042400205,2025-05-13
0042400205,243,PT08M56.00S,2,1610612739,CLE,1629636,Garland,D. Garland,0,0,0,,0,,,0,h,Garland S.FOUL (P1.T4) (J.Capers),Foul,Shooting,1,0,176,0042400205,2025-05-13
0042400205,245,PT08M56.00S,2,1610612754,IND,1630174,Nesmith,A. Nesmith,0,0,0,,0,,,0,v,MISS Nesmith Free Throw 1 of 3,Free Throw,Free Throw 1 of 3,1,0,177,0042400205,2025-05-13
0042400205,246,PT08M56.00S,2,0,,1610612754,,,0,0,0,,0,,,0,v,Pacers Rebound,Rebound,Normal Rebound,0,0,178,0042400205,2025-05-13
0042400205,247,PT08M56.00S,2,1610612754,IND,1630174,Nesmith,A. Nesmith,0,0,0,,0,40,24,64,v,Nesmith Free Throw 2 of 3 (3 PTS),Free Throw,Free Throw 2 of 3,1,0,179,0042400205,2025-05-13
0042400205,248,PT08M56.00S,2,1610612754,IND,1630174,Nesmith,A. Nesmith,0,0,0,,0,40,25,65,v,Nesmith Free Throw 3 of 3 (4 PTS),Free Throw,Free Throw 3 of 3,1,0,180,0042400205,2025-05-13
0042400205,249,PT08M43.00S,2,1610612739,CLE,1629631,Hunter,D. Hunter,9,3,1,Made,1,42,25,67,h,Hunter 1' Driving Floating Bank Jump Shot (7 PTS),Made Shot,Driving Floating Bank Jump Shot,1,2,181,0042400205,2025-05-13
0042400205,250,PT08M22.00S,2,1610612754,IND,1630169,Haliburton,T. Haliburton,0,0,0,,0,,,0,v,Haliburton Out of Bounds - Bad Pass Turnover Turnover (P2.T6),Turnover,Out of Bounds - Bad Pass Turnover,1,0,182,0042400205,2025-05-13
0042400205,251,PT08M22.00S,2,0,,1610612754,,,0,0,0,,0,,,0,v,Pacers Timeout: Regular (Reg.2 Short 0),Timeout,Regular,0,0,183,0042400205,2025-05-13
0042400205,252,PT08M10.00S,2,1610612754,IND,1630167,Toppin,O. Toppin,0,0,0,,0,,,0,v,Toppin S.FOUL (P3.T1) (M.Lindsay),Foul,Shooting,1,0,184,0042400205,2025-05-13
0042400205,254,PT08M10.00S,2,1610612739,CLE,1630596,Mobley,E. Mobley,0,0,0,,0,43,25,68,h,Mobley Free Throw 1 of 2 (13 PTS),Free Throw,Free Throw 1 of 2,1,0,185,0042400205,2025-05-13
0042400205,255,PT08M10.00S,2,1610612754,IND,1630167,Toppin,O. Toppin,0,0,0,,0,,,0,v,SUB: Siakam FOR Toppin,Substitution,,0,0,186,0042400205,2025-05-13
0042400205,257,PT08M10.00S,2,1610612754,IND,1631097,Mathurin,B. Mathurin,0,0,0,,0,,,0,v,SUB: Nembhard FOR Mathurin,Substitution,,0,0,187,0042400205,2025-05-13
0042400205,259,PT08M10.00S,2,1610612739,CLE,1630596,Mobley,E. Mobley,0,0,0,,0,44,25,69,h,Mobley Free Throw 2 of 2 (14 PTS),Free Throw,Free Throw 2 of 2,1,0,188,0042400205,2025-05-13
0042400205,260,PT07M55.00S,2,1610612754,IND,1630169,Haliburton,T. Haliburton,227,76,24,Made,1,44,28,72,v,Haliburton 24' 3PT Step Back Jump Shot (5 PTS),Made Shot,Step Back Jump shot,1,3,189,0042400205,2025-05-13
0042400205,261,PT07M47.00S,2,1610612754,IND,1630174,Nesmith,A. Nesmith,0,0,0,,0,,,0,v,Nesmith P.FOUL (P1.T2) (M.Lindsay),Foul,Personal,1,0,190,0042400205,2025-05-13
0042400205,263,PT07M41.00S,2,1610612739,CLE,1630171,Okoro,I. Okoro,0,0,0,,0,,,0,h,Okoro Bad Pass Turnover (P1.T5),Turnover,Bad Pass,1,0,191,0042400205,2025-05-13
0042400205,263,PT07M41.00S,2,1610612754,IND,1629614,Nembhard,A. Nembhard,0,0,0,,0,,,0,v,Nembhard STEAL (1 STL),,,1,0,192,0042400205,2025-05-13
0042400205,265,PT07M26.00S,2,1610612754,IND,1630174,Nesmith,A. Nesmith,157,223,27,Missed,1,,,0,v,MISS Nesmith 27' 3PT Jump Shot,Missed Shot,Jump Shot,1,3,193,0042400205,2025-05-13
0042400205,266,PT07M20.00S,2,0,,1610612739,,,0,0,0,,0,,,0,h,CAVALIERS Rebound,Rebound,Unknown,1,0,194,0042400205,2025-05-13
0042400205,268,PT07M20.00S,2,1610612739,CLE,1630596,Mobley,E. Mobley,0,0,0,,0,,,0,h,SUB: Wade FOR Mobley,Substitution,,0,0,195,0042400205,2025-05-13
0042400205,270,PT07M07.00S,2,1610612739,CLE,1628386,Allen,J. Allen,0,16,2,Missed,1,,,0,h,MISS Allen 2' Cutting Layup Shot,Missed Shot,Cutting Layup Shot,1,2,196,0042400205,2025-05-13
0042400205,270,PT07M07.00S,2,1610612754,IND,1626167,Turner,M. Turner,0,0,0,,0,,,0,v,Turner BLOCK (1 BLK),,,1,2,197,0042400205,2025-05-13
0042400205,272,PT07M04.00S,2,1610612754,IND,1630169,Haliburton,T. Haliburton,0,0,0,,0,,,0,v,Haliburton REBOUND (Off:0 Def:2),Rebound,Unknown,1,0,198,0042400205,2025-05-13
0042400205,273,PT07M02.00S,2,1610612754,IND,1630174,Nesmith,A. Nesmith,-227,131,26,Made,1,44,31,75,v,Nesmith 26' 3PT Running Jump Shot (7 PTS) (Haliburton 1 AST),Made Shot,Running Jump Shot,1,3,199,0042400205,2025-05-13
0042400205,275,PT07M02.00S,2,0,,1610612739,,,0,0,0,,0,,,0,h,CAVALIERS Timeout: Regular (Full 2 Short 0),Timeout,Regular,0,0,200,0042400205,2025-05-13
0042400205,276,PT07M02.00S,2,1610612739,CLE,1629636,Garland,D. Garland,0,0,0,,0,,,0,h,SUB: Mitchell FOR Garland,Substitution,,0,0,201,0042400205,2025-05-13
0042400205,278,PT06M48.00S,2,1610612754,IND,1629614,Nembhard,A. Nembhard,0,0,0,,0,,,0,v,Nembhard S.FOUL (P1.T3) (B.Taylor),Foul,Shooting,1,0,202,0042400205,2025-05-13
0042400205,280,PT06M48.00S,2,1610612739,CLE,1628378,Mitchell,D. Mitchell,0,0,0,,0,45,31,76,h,Mitchell Free Throw 1 of 2 (14 PTS),Free Throw,Free Throw 1 of 2,1,0,203,0042400205,2025-05-13
0042400205,281,PT06M48.00S,2,1610612739,CLE,1628378,Mitchell,D. Mitchell,0,0,0,,0,46,31,77,h,Mitchell Free Throw 2 of 2 (15 PTS),Free Throw,Free Throw 2 of 2,1,0,204,0042400205,2025-05-13
0042400205,282,PT06M33.00S,2,1610612754,IND,1629614,Nembhard,A. Nembhard,-74,253,26,Made,1,46,34,80,v,Nembhard 26' 3PT Step Back Jump Shot (9 PTS) (Siakam 3 AST),Made Shot,Step Back Jump shot,1,3,205,0042400205,2025-05-13
0042400205,284,PT06M20.00S,2,1610612739,CLE,1628378,Mitchell,D. Mitchell,162,203,26,Missed,1,,,0,h,MISS Mitchell 26' 3PT Pullup Jump Shot,Missed Shot,Pullup Jump shot,1,3,206,0042400205,2025-05-13
0042400205,285,PT06M18.00S,2,1610612739,CLE,1629731,Wade,D. Wade,0,0,0,,0,,,0,h,Wade REBOUND (Off:1 Def:2),Rebound,Unknown,1,0,207,0042400205,2025-05-13
0042400205,286,PT06M18.00S,2,1610612739,CLE,1629731,Wade,D. Wade,0,0,0,Made,1,48,34,82,h,Wade Tip Layup Shot (2 PTS),Made Shot,Tip Layup Shot,1,2,208,0042400205,2025-05-13
0042400205,287,PT05M56.00S,2,1610612754,IND,1630174,Nesmith,A. Nesmith,123,59,14,Made,1,48,36,84,v,Nesmith 14' Turnaround Fadeaway (9 PTS),Made Shot,Turnaround Fadeaway shot,1,2,209,0042400205,2025-05-13
0042400205,289,PT05M45.00S,2,1610612739,CLE,1628386,Allen,J. Allen,0,0,0,,0,,,0,h,Allen Bad Pass Turnover (P2.T6),Turnover,Bad Pass,1,0,210,0042400205,2025-05-13
0042400205,291,PT05M44.00S,2,1610612739,CLE,1629631,Hunter,D. Hunter,0,0,0,,0,,,0,h,Hunter L.B.FOUL (P1.PN) (M.Lindsay),Foul,Loose Ball,1,0,211,0042400205,2025-05-13
0042400205,293,PT05M44.00S,2,1610612754,IND,1627783,Siakam,P. Siakam,0,0,0,,0,48,37,85,v,Siakam Free Throw 1 of 2 (6 PTS),Free Throw,Free Throw 1 of 2,1,0,212,0042400205,2025-05-13
0042400205,294,PT05M44.00S,2,1610612739,CLE,1629631,Hunter,D. Hunter,0,0,0,,0,,,0,h,SUB: Mobley FOR Hunter,Substitution,,0,0,213,0042400205,2025-05-13
0042400205,296,PT05M44.00S,2,1610612754,IND,1627783,Siakam,P. Siakam,0,0,0,,0,48,38,86,v,Siakam Free Throw 2 of 2 (7 PTS),Free Throw,Free Throw 2 of 2,1,0,214,0042400205,2025-05-13
0042400205,297,PT05M36.00S,2,1610612739,CLE,1629731,Wade,D. Wade,0,0,0,,0,,,0,h,Wade OFF.Foul (P2) (B.Taylor),Foul,Offensive,1,0,215,0042400205,2025-05-13
0042400205,299,PT05M36.00S,2,1610612739,CLE,1629731,Wade,D. Wade,0,0,0,,0,,,0,h,Wade Offensive Foul Turnover (P1.T7),Turnover,Offensive Foul Turnover,1,0,216,0042400205,2025-05-13
0042400205,300,PT05M36.00S,2,1610612739,CLE,1630171,Okoro,I. Okoro,0,0,0,,0,,,0,h,SUB: Garland FOR Okoro,Substitution,,0,0,217,0042400205,2025-05-13
0042400205,302,PT05M30.00S,2,1610612754,IND,1627783,Siakam,P. Siakam,55,11,6,Missed,1,,,0,v,MISS Siakam 6' Driving Layup,Missed Shot,Driving Layup Shot,1,2,218,0042400205,2025-05-13
0042400205,303,PT05M29.00S,2,0,,1610612739,,,0,0,0,,0,,,0,h,CAVALIERS Rebound,Rebound,Unknown,0,0,219,0042400205,2025-05-13
0042400205,305,PT05M14.00S,2,1610612739,CLE,1629636,Garland,D. Garland,-4,247,25,Missed,1,,,0,h,MISS Garland 25' 3PT Step Back Jump Shot,Missed Shot,Step Back Jump shot,1,3,220,0042400205,2025-05-13
0042400205,306,PT05M11.00S,2,1610612754,IND,1630169,Haliburton,T. Haliburton,0,0,0,,0,,,0,v,Haliburton REBOUND (Off:0 Def:3),Rebound,Unknown,1,0,221,0042400205,2025-05-13
0042400205,307,PT05M01.00S,2,1610612754,IND,1626167,Turner,M. Turner,-29,20,4,Missed,1,,,0,v,MISS Turner 4' Hook Shot,Missed Shot,Hook Shot,1,2,222,0042400205,2025-05-13
0042400205,308,PT04M59.00S,2,1610612739,CLE,1629731,Wade,D. Wade,0,0,0,,0,,,0,h,Wade REBOUND (Off:1 Def:3),Rebound,Unknown,1,0,223,0042400205,2025-05-13
0042400205,309,PT04M49.00S,2,1610612739,CLE,1628378,Mitchell,D. Mitchell,98,159,19,Missed,1,,,0,h,MISS Mitchell 19' Step Back Jump Shot,Missed Shot,Step Back Jump shot,1,2,224,0042400205,2025-05-13
0042400205,310,PT04M47.00S,2,1610612754,IND,1629614,Nembhard,A. Nembhard,0,0,0,,0,,,0,v,Nembhard REBOUND (Off:0 Def:1),Rebound,Unknown,1,0,225,0042400205,2025-05-13
0042400205,311,PT04M37.00S,2,1610612754,IND,1630169,Haliburton,T. Haliburton,55,306,31,Made,1,48,41,89,v,Haliburton 31' 3PT Pullup Jump Shot (8 PTS) (Nembhard 1 AST),Made Shot,Pullup Jump shot,1,3,226,0042400205,2025-05-13
0042400205,313,PT04M36.00S,2,0,,1610612739,,,0,0,0,,0,,,0,h,CAVALIERS Timeout: Regular (Full 3 Short 0),Timeout,Regular,0,0,227,0042400205,2025-05-13
0042400205,314,PT04M36.00S,2,1610612754,IND,1630174,Nesmith,A. Nesmith,0,0,0,,0,,,0,v,SUB: Sheppard FOR Nesmith,Substitution,,0,0,228,0042400205,2025-05-13
0042400205,316,PT04M20.00S,2,1610612739,CLE,1629636,Garland,D. Garland,142,148,21,Missed,1,,,0,h,MISS Garland 21' Pullup Jump Shot,Missed Shot,Pullup Jump shot,1,2,229,0042400205,2025-05-13
0042400205,317,PT04M16.00S,2,1610612739,CLE,1629731,Wade,D. Wade,0,0,0,,0,,,0,h,Wade REBOUND (Off:2 Def:3),Rebound,Unknown,1,0,230,0042400205,2025-05-13
0042400205,318,PT04M16.00S,2,1610612739,CLE,1629731,Wade,D. Wade,0,0,0,Made,1,50,41,91,h,Wade Tip Layup Shot (4 PTS),Made Shot,Tip Layup Shot,1,2,231,0042400205,2025-05-13
0042400205,319,PT03M57.00S,2,1610612754,IND,1630169,Haliburton,T. Haliburton,136,275,31,Made,1,50,44,94,v,Haliburton 31' 3PT Step Back Jump Shot (11 PTS),Made Shot,Step Back Jump shot,1,3,232,0042400205,2025-05-13
0042400205,320,PT03M44.00S,2,1610612739,CLE,1629636,Garland,D. Garland,-49,37,6,Made,1,52,44,96,h,Garland 6' Driving Floating Jump Shot (4 PTS),Made Shot,Driving Floating Jump Shot,1,2,233,0042400205,2025-05-13
0042400205,321,PT03M24.00S,2,1610612754,IND,1630169,Haliburton,T. Haliburton,167,246,30,Made,1,52,47,99,v,Haliburton 30' 3PT Jump Shot (14 PTS) (Nembhard 2 AST),Made Shot,Jump Shot,1,3,234,0042400205,2025-05-13
0042400205,323,PT03M15.00S,2,1610612754,IND,1627783,Siakam,P. Siakam,0,0,0,,0,,,0,v,Siakam P.FOUL (P2.T4) (B.Taylor),Foul,Personal,1,0,235,0042400205,2025-05-13
0042400205,325,PT03M05.00S,2,1610612739,CLE,1628378,Mitchell,D. Mitchell,103,242,26,Missed,1,,,0,h,MISS Mitchell 26' 3PT Step Back Jump Shot,Missed Shot,Step Back Jump shot,1,3,236,0042400205,2025-05-13
0042400205,326,PT03M03.00S,2,0,,1610612739,,,0,0,0,,0,,,0,h,CAVALIERS Rebound,Rebound,Unknown,1,0,237,0042400205,2025-05-13
0042400205,373,PT02M50.00S,2,1610612739,CLE,1629636,Garland,D. Garland,0,0,0,,0,,,0,h,Garland Bad Pass Turnover (P2.T8),Turnover,Bad Pass,1,0,238,0042400205,2025-05-13
0042400205,373,PT02M50.00S,2,1610612754,IND,1627783,Siakam,P. Siakam,0,0,0,,0,,,0,v,Siakam STEAL (1 STL),,,1,0,239,0042400205,2025-05-13
0042400205,331,PT02M32.00S,2,1610612754,IND,1627783,Siakam,P. Siakam,0,4,0,Made,1,52,49,101,v,Siakam Driving Layup (9 PTS) (Haliburton 2 AST),Made Shot,Driving Layup Shot,1,2,240,0042400205,2025-05-13
0042400205,333,PT02M13.00S,2,1610612754,IND,1629614,Nembhard,A. Nembhard,0,0,0,,0,,,0,v,Nembhard P.FOUL (P2.PN) (J.Capers),Foul,Personal,1,0,241,0042400205,2025-05-13
0042400205,335,PT02M13.00S,2,1610612739,CLE,1628386,Allen,J. Allen,0,0,0,,0,53,49,102,h,Allen Free Throw 1 of 2 (9 PTS),Free Throw,Free Throw 1 of 2,1,0,242,0042400205,2025-05-13
0042400205,336,PT02M13.00S,2,1610612739,CLE,1629731,Wade,D. Wade,0,0,0,,0,,,0,h,SUB: Okoro FOR Wade,Substitution,,0,0,243,0042400205,2025-05-13
0042400205,337,PT02M13.00S,2,1610612754,IND,1641767,Sheppard,B. Sheppard,0,0,0,,0,,,0,v,SUB: Nesmith FOR Sheppard,Substitution,,0,0,244,0042400205,2025-05-13
0042400205,340,PT02M13.00S,2,1610612739,CLE,1628386,Allen,J. Allen,0,0,0,,0,,,0,h,MISS Allen Free Throw 2 of 2,Free Throw,Free Throw 2 of 2,1,0,245,0042400205,2025-05-13
0042400205,341,PT02M11.00S,2,1610612754,IND,1627783,Siakam,P. Siakam,0,0,0,,0,,,0,v,Siakam REBOUND (Off:0 Def:4),Rebound,Unknown,1,0,246,0042400205,2025-05-13
0042400205,342,PT01M55.00S,2,1610612754,IND,1630174,Nesmith,A. Nesmith,240,22,24,Missed,1,,,0,v,MISS Nesmith 24' 3PT Jump Shot,Missed Shot,Jump Shot,1,3,247,0042400205,2025-05-13
0042400205,343,PT01M53.00S,2,1610612754,IND,1630174,Nesmith,A. Nesmith,0,0,0,,0,,,0,v,Nesmith REBOUND (Off:2 Def:1),Rebound,Unknown,1,0,248,0042400205,2025-05-13
0042400205,344,PT01M50.00S,2,1610612754,IND,1630174,Nesmith,A. Nesmith,52,45,7,Missed,1,,,0,v,MISS Nesmith 7' Step Back Jump Shot,Missed Shot,Step Back Jump shot,1,2,249,0042400205,2025-05-13
0042400205,345,PT01M48.00S,2,1610612739,CLE,1628378,Mitchell,D. Mitchell,0,0,0,,0,,,0,h,Mitchell REBOUND (Off:0 Def:3),Rebound,Unknown,1,0,250,0042400205,2025-05-13
0042400205,346,PT01M30.00S,2,1610612739,CLE,1629636,Garland,D. Garland,-85,230,25,Missed,1,,,0,h,MISS Garland 25' 3PT Pullup Jump Shot,Missed Shot,Pullup Jump shot,1,3,251,0042400205,2025-05-13
0042400205,347,PT01M27.00S,2,1610612754,IND,1630169,Haliburton,T. Haliburton,0,0,0,,0,,,0,v,Haliburton REBOUND (Off:0 Def:4),Rebound,Unknown,1,0,252,0042400205,2025-05-13
0042400205,348,PT01M16.00S,2,1610612754,IND,1630169,Haliburton,T. Haliburton,38,344,35,Made,1,53,52,105,v,Haliburton 35' 3PT Pullup Jump Shot (17 PTS) (Nembhard 3 AST),Made Shot,Pullup Jump shot,1,3,253,0042400205,2025-05-13
0042400205,350,PT01M05.00S,2,1610612739,CLE,1630171,Okoro,I. Okoro,42,75,9,Made,1,55,52,107,h,Okoro 9' Driving Hook Shot (2 PTS),Made Shot,Driving Hook Shot,1,2,254,0042400205,2025-05-13
0042400205,352,PT00M44.00S,2,1610612754,IND,1627783,Siakam,P. Siakam,223,-8,0,Missed,1,,,0,v,MISS Siakam 3PT Jump Shot,Missed Shot,Jump Shot,1,3,255,0042400205,2025-05-13
0042400205,353,PT00M44.00S,2,1610612739,CLE,1628378,Mitchell,D. Mitchell,0,0,0,,0,,,0,h,Mitchell REBOUND (Off:0 Def:4),Rebound,Unknown,1,0,256,0042400205,2025-05-13
0042400205,354,PT00M33.90S,2,1610612754,IND,1630174,Nesmith,A. Nesmith,0,0,0,,0,,,0,v,Nesmith P.FOUL (P2.PN) (B.Taylor),Foul,Personal,1,0,257,0042400205,2025-05-13
0042400205,356,PT00M33.90S,2,1610612739,CLE,1628378,Mitchell,D. Mitchell,0,0,0,,0,56,52,108,h,Mitchell Free Throw 1 of 2 (16 PTS),Free Throw,Free Throw 1 of 2,1,0,258,0042400205,2025-05-13
0042400205,357,PT00M33.90S,2,1610612739,CLE,1628378,Mitchell,D. Mitchell,0,0,0,,0,,,0,h,MISS Mitchell Free Throw 2 of 2,Free Throw,Free Throw 2 of 2,1,0,259,0042400205,2025-05-13
0042400205,358,PT00M31.90S,2,1610612754,IND,1630174,Nesmith,A. Nesmith,0,0,0,,0,,,0,v,Nesmith REBOUND (Off:2 Def:2),Rebound,Unknown,1,0,260,0042400205,2025-05-13
0042400205,359,PT00M10.50S,2,1610612754,IND,1630169,Haliburton,T. Haliburton,0,0,0,,0,,,0,v,Haliburton Lost Ball Turnover (P3.T7),Turnover,Lost Ball,1,0,261,0042400205,2025-05-13
0042400205,359,PT00M10.50S,2,1610612739,CLE,1630171,Okoro,I. Okoro,0,0,0,,0,,,0,h,Okoro STEAL (1 STL),,,1,0,262,0042400205,2025-05-13
0042400205,361,PT00M10.50S,2,1610612754,IND,1630169,Haliburton,T. Haliburton,0,0,0,,0,,,0,v,SUB: Sheppard FOR Haliburton,Substitution,,0,0,263,0042400205,2025-05-13
0042400205,362,PT00M10.50S,2,1610612754,IND,1626167,Turner,M. Turner,0,0,0,,0,,,0,v,SUB: Bryant FOR Turner,Substitution,,0,0,264,0042400205,2025-05-13
0042400205,365,PT00M10.50S,2,1610612754,IND,1627783,Siakam,P. Siakam,0,0,0,,0,,,0,v,SUB: Walker FOR Siakam,Substitution,,0,0,265,0042400205,2025-05-13
0042400205,367,PT00M06.90S,2,1610612739,CLE,1630171,Okoro,I. Okoro,0,0,0,,0,,,0,h,Jump Ball Okoro vs. Nesmith: Tip to Mobley,Jump Ball,,1,0,266,0042400205,2025-05-13
0042400205,370,PT00M00.00S,2,1610612739,CLE,1628378,Mitchell,D. Mitchell,-18,252,25,Missed,1,,,0,h,MISS Mitchell 25' 3PT Pullup Jump Shot,Missed Shot,Pullup Jump shot,1,3,267,0042400205,2025-05-13
0042400205,371,PT00M00.00S,2,1610612754,IND,1630174,Nesmith,A. Nesmith,0,0,0,,0,,,0,v,Nesmith REBOUND (Off:2 Def:3),Rebound,Unknown,1,0,268,0042400205,2025-05-13
0042400205,372,PT00M00.00S,2,0,,0,,,0,0,0,,0,56,52,108,,End of 2nd Period (8:16 PM EST),period,end,1,0,269,0042400205,2025-05-13
0042400205,383,PT12M00.00S,3,0,,0,,,0,0,0,,0,56,52,108,,Start of 3rd Period (8:33 PM EST),period,start,0,0,270,0042400205,2025-05-13
0042400205,384,PT11M36.00S,3,1610612754,IND,1627783,Siakam,P. Siakam,15,145,15,Missed,1,,,0,v,MISS Siakam 15' Turnaround Fadeaway Shot,Missed Shot,Turnaround Fadeaway shot,1,2,271,0042400205,2025-05-13
0042400205,385,PT11M34.00S,3,1610612739,CLE,1628378,Mitchell,D. Mitchell,0,0,0,,0,,,0,h,Mitchell REBOUND (Off:0 Def:5),Rebound,Unknown,1,0,272,0042400205,2025-05-13
0042400205,386,PT11M21.00S,3,1610612739,CLE,1630596,Mobley,E. Mobley,-40,112,12,Made,1,58,52,110,h,Mobley 12' Turnaround Fadeaway (16 PTS),Made Shot,Turnaround Fadeaway shot,1,2,273,0042400205,2025-05-13
0042400205,387,PT11M12.00S,3,1610612754,IND,1629614,Nembhard,A. Nembhard,0,0,0,,0,,,0,v,Nembhard OFF.Foul (P3) (J.Capers),Foul,Offensive,1,0,274,0042400205,2025-05-13
0042400205,389,PT11M12.00S,3,1610612754,IND,1629614,Nembhard,A. Nembhard,0,0,0,,0,,,0,v,Nembhard Offensive Foul Turnover (P1.T8),Turnover,Offensive Foul Turnover,1,0,275,0042400205,2025-05-13
0042400205,390,PT11M03.00S,3,1610612739,CLE,1629636,Garland,D. Garland,-6,7,1,Made,1,60,52,112,h,Garland 1' Driving Finger Roll Layup (6 PTS),Made Shot,Driving Finger Roll Layup Shot,1,2,276,0042400205,2025-05-13
0042400205,391,PT11M03.00S,3,0,,1610612754,,,0,0,0,,0,,,0,v,Pacers Timeout: Regular (Reg.3 Short 0),Timeout,Regular,0,0,277,0042400205,2025-05-13
0042400205,392,PT10M55.00S,3,1610612739,CLE,1629636,Garland,D. Garland,0,0,0,,0,,,0,h,Garland P.FOUL (P2.T1) (J.Capers),Foul,Personal,1,0,278,0042400205,2025-05-13
0042400205,394,PT10M48.00S,3,1610612754,IND,1629614,Nembhard,A. Nembhard,0,0,0,,0,,,0,v,Nembhard Bad Pass Turnover (P2.T9),Turnover,Bad Pass,1,0,279,0042400205,2025-05-13
0042400205,394,PT10M48.00S,3,1610612739,CLE,1628378,Mitchell,D. Mitchell,0,0,0,,0,,,0,h,Mitchell STEAL (3 STL),,,1,0,280,0042400205,2025-05-13
0042400205,398,PT10M44.00S,3,1610612739,CLE,1628378,Mitchell,D. Mitchell,-4,12,1,Missed,1,,,0,h,MISS Mitchell 1' Running Layup,Missed Shot,Running Layup Shot,1,2,281,0042400205,2025-05-13
0042400205,398,PT10M44.00S,3,1610612754,IND,1626167,Turner,M. Turner,0,0,0,,0,,,0,v,Turner BLOCK (2 BLK),,,1,2,282,0042400205,2025-05-13
0042400205,400,PT10M44.00S,3,1610612739,CLE,1629622,Strus,M. Strus,0,0,0,,0,,,0,h,Strus REBOUND (Off:1 Def:1),Rebound,Unknown,1,0,283,0042400205,2025-05-13
0042400205,401,PT10M44.00S,3,1610612739,CLE,1629622,Strus,M. Strus,12,8,1,Missed,1,,,0,h,MISS Strus 1' Putback Layup,Missed Shot,Putback Layup Shot,1,2,284,0042400205,2025-05-13
0042400205,401,PT10M44.00S,3,1610612754,IND,1629614,Nembhard,A. Nembhard,0,0,0,,0,,,0,v,Nembhard BLOCK (1 BLK),,,1,2,285,0042400205,2025-05-13
0042400205,403,PT10M44.00S,3,0,,1610612739,,,0,0,0,,0,,,0,h,CAVALIERS Rebound,Rebound,Unknown,0,0,286,0042400205,2025-05-13
0042400205,405,PT10M35.00S,3,1610612739,CLE,1629636,Garland,D. Garland,0,0,0,,0,,,0,h,Garland Bad Pass Turnover (P3.T9),Turnover,Bad Pass,1,0,287,0042400205,2025-05-13
0042400205,405,PT10M35.00S,3,1610612754,IND,1630174,Nesmith,A. Nesmith,0,0,0,,0,,,0,v,Nesmith STEAL (1 STL),,,1,0,288,0042400205,2025-05-13
0042400205,407,PT10M26.00S,3,1610612754,IND,1626167,Turner,M. Turner,0,0,0,,0,,,0,v,Turner Traveling Turnover (P1.T10),Turnover,Traveling,1,0,289,0042400205,2025-05-13
0042400205,408,PT10M12.00S,3,1610612739,CLE,1629622,Strus,M. Strus,235,-4,24,Missed,1,,,0,h,MISS Strus 24' 3PT Jump Shot,Missed Shot,Jump Shot,1,3,290,0042400205,2025-05-13
0042400205,409,PT10M05.00S,3,1610612739,CLE,1628378,Mitchell,D. Mitchell,0,0,0,,0,,,0,h,Mitchell REBOUND (Off:1 Def:5),Rebound,Unknown,1,0,291,0042400205,2025-05-13
0042400205,410,PT10M05.00S,3,1610612739,CLE,1628378,Mitchell,D. Mitchell,0,0,0,Missed,1,,,0,h,MISS Mitchell Tip Layup Shot,Missed Shot,Tip Layup Shot,1,2,292,0042400205,2025-05-13
0042400205,411,PT10M04.00S,3,1610612754,IND,1630174,Nesmith,A. Nesmith,0,0,0,,0,,,0,v,Nesmith REBOUND (Off:2 Def:4),Rebound,Unknown,1,0,293,0042400205,2025-05-13
0042400205,412,PT09M58.00S,3,1610612754,IND,1626167,Turner,M. Turner,6,84,8,Made,1,60,54,114,v,Turner 8' Turnaround Jump Shot (3 PTS) (Nesmith 1 AST),Made Shot,Turnaround Jump Shot,1,2,294,0042400205,2025-05-13
0042400205,414,PT09M44.00S,3,1610612739,CLE,1630596,Mobley,E. Mobley,-196,170,26,Made,1,63,54,117,h,Mobley 26' 3PT Jump Shot (19 PTS) (Strus 1 AST),Made Shot,Jump Shot,1,3,295,0042400205,2025-05-13
0042400205,417,PT09M23.00S,3,1610612754,IND,1630169,Haliburton,T. Haliburton,-173,185,25,Missed,1,,,0,v,MISS Haliburton 25' 3PT Step Back Jump Shot,Missed Shot,Step Back Jump shot,1,3,296,0042400205,2025-05-13
0042400205,418,PT09M19.00S,3,1610612739,CLE,1630596,Mobley,E. Mobley,0,0,0,,0,,,0,h,Mobley REBOUND (Off:1 Def:4),Rebound,Unknown,1,0,297,0042400205,2025-05-13
0042400205,419,PT09M05.00S,3,1610612739,CLE,1628386,Allen,J. Allen,21,139,14,Missed,1,,,0,h,MISS Allen 14' Jump Shot,Missed Shot,Jump Shot,1,2,298,0042400205,2025-05-13
0042400205,419,PT09M05.00S,3,1610612754,IND,1626167,Turner,M. Turner,0,0,0,,0,,,0,v,Turner BLOCK (3 BLK),,,1,2,299,0042400205,2025-05-13
0042400205,421,PT09M00.00S,3,1610612754,IND,1626167,Turner,M. Turner,0,0,0,,0,,,0,v,Turner REBOUND (Off:1 Def:3),Rebound,Unknown,1,0,300,0042400205,2025-05-13
0042400205,422,PT08M58.00S,3,1610612754,IND,1630174,Nesmith,A. Nesmith,1,4,0,Made,1,63,56,119,v,Nesmith Running Layup (11 PTS),Made Shot,Running Layup Shot,1,2,301,0042400205,2025-05-13
0042400205,423,PT08M47.00S,3,1610612739,CLE,1628378,Mitchell,D. Mitchell,-137,277,31,Missed,1,,,0,h,MISS Mitchell 31' 3PT Jump Shot,Missed Shot,Jump Shot,1,3,302,0042400205,2025-05-13
0042400205,424,PT08M44.00S,3,1610612754,IND,1630174,Nesmith,A. Nesmith,0,0,0,,0,,,0,v,Nesmith REBOUND (Off:2 Def:5),Rebound,Unknown,1,0,303,0042400205,2025-05-13
0042400205,425,PT08M36.00S,3,1610612739,CLE,1629636,Garland,D. Garland,0,0,0,,0,,,0,h,Garland P.FOUL (P3.T2) (M.Lindsay),Foul,Personal,1,0,304,0042400205,2025-05-13
0042400205,427,PT08M27.00S,3,1610612754,IND,1627783,Siakam,P. Siakam,2,245,25,Made,1,63,59,122,v,Siakam 25' 3PT Jump Shot (12 PTS) (Haliburton 3 AST),Made Shot,Jump Shot,1,3,305,0042400205,2025-05-13
0042400205,429,PT08M13.00S,3,1610612754,IND,1630174,Nesmith,A. Nesmith,0,0,0,,0,,,0,v,Nesmith S.FOUL (P3.T1) (M.Lindsay),Foul,Shooting,1,0,306,0042400205,2025-05-13
0042400205,431,PT08M13.00S,3,1610612739,CLE,1629636,Garland,D. Garland,0,0,0,,0,64,59,123,h,Garland Free Throw 1 of 2 (7 PTS),Free Throw,Free Throw 1 of 2,1,0,307,0042400205,2025-05-13
0042400205,432,PT08M13.00S,3,1610612739,CLE,1629636,Garland,D. Garland,0,0,0,,0,,,0,h,MISS Garland Free Throw 2 of 2,Free Throw,Free Throw 2 of 2,1,0,308,0042400205,2025-05-13
0042400205,433,PT08M11.00S,3,1610612754,IND,1630174,Nesmith,A. Nesmith,0,0,0,,0,,,0,v,Nesmith REBOUND (Off:2 Def:6),Rebound,Unknown,1,0,309,0042400205,2025-05-13
0042400205,434,PT07M58.00S,3,1610612754,IND,1630169,Haliburton,T. Haliburton,174,253,31,Made,1,64,62,126,v,Haliburton 31' 3PT Step Back Jump Shot (20 PTS) (Nembhard 4 AST),Made Shot,Step Back Jump shot,1,3,310,0042400205,2025-05-13
0042400205,436,PT07M43.00S,3,1610612739,CLE,1629622,Strus,M. Strus,233,58,24,Missed,1,,,0,h,MISS Strus 24' 3PT Jump Shot,Missed Shot,Jump Shot,1,3,311,0042400205,2025-05-13
0042400205,437,PT07M41.00S,3,1610612754,IND,1626167,Turner,M. Turner,0,0,0,,0,,,0,v,Turner REBOUND (Off:1 Def:4),Rebound,Unknown,1,0,312,0042400205,2025-05-13
0042400205,438,PT07M34.00S,3,1610612754,IND,1630169,Haliburton,T. Haliburton,156,267,31,Missed,1,,,0,v,MISS Haliburton 31' 3PT Pullup Jump Shot,Missed Shot,Pullup Jump shot,1,3,313,0042400205,2025-05-13
0042400205,439,PT07M31.00S,3,1610612739,CLE,1629622,Strus,M. Strus,0,0,0,,0,,,0,h,Strus REBOUND (Off:1 Def:2),Rebound,Unknown,1,0,314,0042400205,2025-05-13
0042400205,440,PT07M20.00S,3,1610612739,CLE,1629636,Garland,D. Garland,140,17,14,Missed,1,,,0,h,MISS Garland 14' Pullup Jump Shot,Missed Shot,Pullup Jump shot,1,2,315,0042400205,2025-05-13
0042400205,441,PT07M18.00S,3,1610612754,IND,1630174,Nesmith,A. Nesmith,0,0,0,,0,,,0,v,Nesmith REBOUND (Off:2 Def:7),Rebound,Unknown,1,0,316,0042400205,2025-05-13
0042400205,442,PT07M04.00S,3,1610612754,IND,1627783,Siakam,P. Siakam,-228,80,24,Made,1,64,65,129,v,Siakam 24' 3PT Jump Shot (15 PTS) (Nesmith 2 AST),Made Shot,Jump Shot,1,3,317,0042400205,2025-05-13
0042400205,444,PT07M04.00S,3,0,,1610612739,,,0,0,0,,0,,,0,h,CAVALIERS Timeout: Regular (Full 4 Short 0),Timeout,Regular,0,0,318,0042400205,2025-05-13
0042400205,445,PT07M04.00S,3,1610612739,CLE,1629636,Garland,D. Garland,0,0,0,,0,,,0,h,SUB: Hunter FOR Garland,Substitution,,0,0,319,0042400205,2025-05-13
0042400205,446,PT07M04.00S,3,1610612754,IND,1626167,Turner,M. Turner,0,0,0,,0,,,0,v,SUB: Bryant FOR Turner,Substitution,,0,0,320,0042400205,2025-05-13
0042400205,453,PT07M04.00S,3,1610612739,CLE,1628386,Allen,J. Allen,0,0,0,,0,,,0,h,SUB: Wade FOR Allen,Substitution,,0,0,321,0042400205,2025-05-13
0042400205,449,PT06M48.00S,3,1610612739,CLE,1629622,Strus,M. Strus,55,273,28,Missed,1,,,0,h,MISS Strus 28' 3PT Pullup Jump Shot,Missed Shot,Pullup Jump shot,1,3,322,0042400205,2025-05-13
0042400205,450,PT06M46.00S,3,1610612754,IND,1627783,Siakam,P. Siakam,0,0,0,,0,,,0,v,Siakam REBOUND (Off:0 Def:5),Rebound,Unknown,1,0,323,0042400205,2025-05-13
0042400205,451,PT06M36.00S,3,1610612739,CLE,1629731,Wade,D. Wade,0,0,0,,0,,,0,h,Wade P.FOUL (P3.T3) (B.Taylor),Foul,Personal,1,0,324,0042400205,2025-05-13
0042400205,455,PT06M30.00S,3,1610612754,IND,1627783,Siakam,P. Siakam,98,150,18,Made,1,64,67,131,v,Siakam 18' Pullup Jump Shot (17 PTS) (Haliburton 4 AST),Made Shot,Pullup Jump shot,1,2,325,0042400205,2025-05-13
0042400205,458,PT06M15.00S,3,1610612739,CLE,1630596,Mobley,E. Mobley,-99,127,16,Missed,1,,,0,h,MISS Mobley 16' Jump Shot,Missed Shot,Jump Shot,1,2,326,0042400205,2025-05-13
0042400205,459,PT06M11.00S,3,1610612739,CLE,1630596,Mobley,E. Mobley,0,0,0,,0,,,0,h,Mobley REBOUND (Off:2 Def:4),Rebound,Unknown,1,0,327,0042400205,2025-05-13
0042400205,461,PT06M06.00S,3,1610612739,CLE,1628378,Mitchell,D. Mitchell,-230,112,26,Missed,1,,,0,h,MISS Mitchell 26' 3PT Pullup Jump Shot,Missed Shot,Pullup Jump shot,1,3,328,0042400205,2025-05-13
0042400205,462,PT06M04.00S,3,1610612739,CLE,1629622,Strus,M. Strus,0,0,0,,0,,,0,h,Strus REBOUND (Off:2 Def:2),Rebound,Unknown,1,0,329,0042400205,2025-05-13
0042400205,463,PT06M04.00S,3,1610612739,CLE,1629622,Strus,M. Strus,13,10,2,Missed,1,,,0,h,MISS Strus 2' Putback Layup,Missed Shot,Putback Layup Shot,1,2,330,0042400205,2025-05-13
0042400205,463,PT06M04.00S,3,1610612754,IND,1627783,Siakam,P. Siakam,0,0,0,,0,,,0,v,Siakam BLOCK (1 BLK),,,1,2,331,0042400205,2025-05-13
0042400205,465,PT06M02.00S,3,1610612754,IND,1628418,Bryant,T. Bryant,0,0,0,,0,,,0,v,Bryant REBOUND (Off:0 Def:1),Rebound,Unknown,1,0,332,0042400205,2025-05-13
0042400205,466,PT05M54.00S,3,1610612754,IND,1629614,Nembhard,A. Nembhard,-233,-7,0,Missed,1,,,0,v,MISS Nembhard 3PT Running Jump Shot,Missed Shot,Running Jump Shot,1,3,333,0042400205,2025-05-13
0042400205,467,PT05M54.00S,3,0,,1610612739,,,0,0,0,,0,,,0,h,CAVALIERS Rebound,Rebound,Unknown,0,0,334,0042400205,2025-05-13
0042400205,468,PT05M54.00S,3,1610612754,IND,1627783,Siakam,P. Siakam,0,0,0,,0,,,0,v,Siakam L.B.FOUL (P3.T2) (M.Lindsay),Foul,Loose Ball,1,0,335,0042400205,2025-05-13
0042400205,470,PT05M43.00S,3,1610612739,CLE,1629622,Strus,M. Strus,-4,7,1,Missed,1,,,0,h,MISS Strus 1' Driving Layup,Missed Shot,Driving Layup Shot,1,2,336,0042400205,2025-05-13
0042400205,471,PT05M40.00S,3,1610612754,IND,1628418,Bryant,T. Bryant,0,0,0,,0,,,0,v,Bryant REBOUND (Off:0 Def:2),Rebound,Unknown,1,0,337,0042400205,2025-05-13
0042400205,472,PT05M31.00S,3,1610612739,CLE,1629731,Wade,D. Wade,0,0,0,,0,,,0,h,Wade P.FOUL (P4.T4) (B.Taylor),Foul,Personal,1,0,338,0042400205,2025-05-13
0042400205,474,PT05M31.00S,3,1610612739,CLE,1629622,Strus,M. Strus,0,0,0,,0,,,0,h,SUB: Okoro FOR Strus,Substitution,,0,0,339,0042400205,2025-05-13
0042400205,476,PT05M31.00S,3,0,,1610612754,,,0,0,0,,0,,,0,v,Pacers Turnover: 5 Second Violation (T#11),Turnover,5 Second Violation,1,0,340,0042400205,2025-05-13
0042400205,477,PT05M10.00S,3,1610612739,CLE,1630596,Mobley,E. Mobley,213,132,25,Missed,1,,,0,h,MISS Mobley 25' 3PT Jump Shot,Missed Shot,Jump Shot,1,3,341,0042400205,2025-05-13
0042400205,478,PT05M07.00S,3,1610612754,IND,1627783,Siakam,P. Siakam,0,0,0,,0,,,0,v,Siakam REBOUND (Off:0 Def:6),Rebound,Unknown,1,0,342,0042400205,2025-05-13
0042400205,479,PT04M54.00S,3,1610612754,IND,1630169,Haliburton,T. Haliburton,26,92,10,Made,1,64,69,133,v,Haliburton 10' Driving Floating Jump Shot (22 PTS) (Nembhard 5 AST),Made Shot,Driving Floating Jump Shot,1,2,343,0042400205,2025-05-13
0042400205,481,PT04M44.00S,3,1610612754,IND,1628418,Bryant,T. Bryant,0,0,0,,0,,,0,v,Bryant S.FOUL (P2.T3) (M.Lindsay),Foul,Shooting,1,0,344,0042400205,2025-05-13
0042400205,483,PT04M44.00S,3,1610612739,CLE,1630596,Mobley,E. Mobley,0,0,0,,0,,,0,h,MISS Mobley Free Throw 1 of 2,Free Throw,Free Throw 1 of 2,1,0,345,0042400205,2025-05-13
0042400205,484,PT04M44.00S,3,0,,1610612739,,,0,0,0,,0,,,0,h,CAVALIERS Rebound,Rebound,Normal Rebound,0,0,346,0042400205,2025-05-13
0042400205,485,PT04M44.00S,3,1610612739,CLE,1628378,Mitchell,D. Mitchell,0,0,0,,0,,,0,h,SUB: Garland FOR Mitchell,Substitution,,0,0,347,0042400205,2025-05-13
0042400205,486,PT04M44.00S,3,1610612754,IND,1629614,Nembhard,A. Nembhard,0,0,0,,0,,,0,v,SUB: Sheppard FOR Nembhard,Substitution,,0,0,348,0042400205,2025-05-13
0042400205,487,PT04M44.00S,3,1610612754,IND,1627783,Siakam,P. Siakam,0,0,0,,0,,,0,v,SUB: Toppin FOR Siakam,Substitution,,0,0,349,0042400205,2025-05-13
0042400205,491,PT04M44.00S,3,1610612739,CLE,1630596,Mobley,E. Mobley,0,0,0,,0,65,69,134,h,Mobley Free Throw 2 of 2 (20 PTS),Free Throw,Free Throw 2 of 2,1,0,350,0042400205,2025-05-13
0042400205,492,PT04M23.00S,3,1610612754,IND,1628418,Bryant,T. Bryant,-13,13,2,Missed,1,,,0,v,MISS Bryant 2' Cutting Layup Shot,Missed Shot,Cutting Layup Shot,1,2,351,0042400205,2025-05-13
0042400205,492,PT04M23.00S,3,1610612739,CLE,1630596,Mobley,E. Mobley,0,0,0,,0,,,0,h,Mobley BLOCK (1 BLK),,,1,2,352,0042400205,2025-05-13
0042400205,494,PT04M20.00S,3,1610612739,CLE,1629731,Wade,D. Wade,0,0,0,,0,,,0,h,Wade REBOUND (Off:2 Def:4),Rebound,Unknown,1,0,353,0042400205,2025-05-13
0042400205,495,PT04M11.00S,3,1610612739,CLE,1629636,Garland,D. Garland,0,0,0,,0,,,0,h,Garland Bad Pass Turnover (P4.T10),Turnover,Bad Pass,1,0,354,0042400205,2025-05-13
0042400205,495,PT04M11.00S,3,1610612754,IND,1628418,Bryant,T. Bryant,0,0,0,,0,,,0,v,Bryant STEAL (1 STL),,,1,0,355,0042400205,2025-05-13
0042400205,497,PT04M07.00S,3,1610612754,IND,1628418,Bryant,T. Bryant,-2,14,1,Made,1,65,71,136,v,Bryant 1' Running Dunk (2 PTS),Made Shot,Running Dunk Shot,1,2,356,0042400205,2025-05-13
0042400205,498,PT03M48.00S,3,1610612739,CLE,1630171,Okoro,I. Okoro,-1,17,2,Missed,1,,,0,h,MISS Okoro 2' Cutting Layup Shot,Missed Shot,Cutting Layup Shot,1,2,357,0042400205,2025-05-13
0042400205,499,PT03M46.00S,3,1610612754,IND,1630167,Toppin,O. Toppin,0,0,0,,0,,,0,v,Toppin REBOUND (Off:0 Def:1),Rebound,Unknown,1,0,358,0042400205,2025-05-13
0042400205,500,PT03M40.00S,3,1610612754,IND,1630174,Nesmith,A. Nesmith,22,17,3,Missed,1,,,0,v,MISS Nesmith 3' Driving Layup,Missed Shot,Driving Layup Shot,1,2,359,0042400205,2025-05-13
0042400205,501,PT03M38.00S,3,1610612739,CLE,1629636,Garland,D. Garland,0,0,0,,0,,,0,h,Garland REBOUND (Off:0 Def:2),Rebound,Unknown,1,0,360,0042400205,2025-05-13
0042400205,502,PT03M21.00S,3,1610612739,CLE,1629731,Wade,D. Wade,-240,15,24,Missed,1,,,0,h,MISS Wade 24' 3PT Jump Shot,Missed Shot,Jump Shot,1,3,361,0042400205,2025-05-13
0042400205,503,PT03M19.00S,3,1610612754,IND,1630167,Toppin,O. Toppin,0,0,0,,0,,,0,v,Toppin REBOUND (Off:0 Def:2),Rebound,Unknown,1,0,362,0042400205,2025-05-13
0042400205,504,PT03M14.00S,3,1610612754,IND,1628418,Bryant,T. Bryant,10,16,2,Made,1,65,73,138,v,Bryant 2' Cutting Dunk Shot (4 PTS) (Haliburton 5 AST),Made Shot,Cutting Dunk Shot,1,2,363,0042400205,2025-05-13
0042400205,506,PT03M14.00S,3,0,,1610612739,,,0,0,0,,0,,,0,h,CAVALIERS Timeout: Regular (Full 5 Short 0),Timeout,Regular,0,0,364,0042400205,2025-05-13
0042400205,507,PT03M14.00S,3,1610612739,CLE,1630596,Mobley,E. Mobley,0,0,0,,0,,,0,h,SUB: Strus FOR Mobley,Substitution,,0,0,365,0042400205,2025-05-13
0042400205,508,PT03M14.00S,3,1610612739,CLE,1630171,Okoro,I. Okoro,0,0,0,,0,,,0,h,SUB: Jerome FOR Okoro,Substitution,,0,0,366,0042400205,2025-05-13
0042400205,510,PT03M14.00S,3,1610612754,IND,1630174,Nesmith,A. Nesmith,0,0,0,,0,,,0,v,SUB: Mathurin FOR Nesmith,Substitution,,0,0,367,0042400205,2025-05-13
0042400205,515,PT03M00.00S,3,1610612739,CLE,1629636,Garland,D. Garland,-10,13,2,Missed,1,,,0,h,MISS Garland 2' Driving Layup,Missed Shot,Driving Layup Shot,1,2,368,0042400205,2025-05-13
0042400205,516,PT02M59.00S,3,1610612754,IND,1628418,Bryant,T. Bryant,0,0,0,,0,,,0,v,Bryant REBOUND (Off:0 Def:3),Rebound,Unknown,1,0,369,0042400205,2025-05-13
0042400205,518,PT02M41.00S,3,1610612754,IND,1630169,Haliburton,T. Haliburton,6,1,1,Made,1,65,75,140,v,Haliburton 1' Driving Layup (24 PTS),Made Shot,Driving Layup Shot,1,2,370,0042400205,2025-05-13
0042400205,519,PT02M27.00S,3,1610612739,CLE,1629660,Jerome,T. Jerome,-143,227,27,Made,1,68,75,143,h,Jerome 27' 3PT Step Back Jump Shot (3 PTS),Made Shot,Step Back Jump shot,1,3,371,0042400205,2025-05-13
0042400205,520,PT02M09.00S,3,1610612754,IND,1628418,Bryant,T. Bryant,12,9,2,Made,1,68,77,145,v,Bryant 2' Cutting Dunk Shot (6 PTS) (Toppin 2 AST),Made Shot,Cutting Dunk Shot,1,2,372,0042400205,2025-05-13
0042400205,523,PT01M56.00S,3,1610612739,CLE,1629636,Garland,D. Garland,-74,42,9,Missed,1,,,0,h,MISS Garland 9' Driving Floating Bank Jump Shot,Missed Shot,Driving Floating Bank Jump Shot,1,2,373,0042400205,2025-05-13
0042400205,524,PT01M55.00S,3,1610612754,IND,1630167,Toppin,O. Toppin,0,0,0,,0,,,0,v,Toppin REBOUND (Off:0 Def:3),Rebound,Unknown,1,0,374,0042400205,2025-05-13
0042400205,525,PT01M50.00S,3,1610612754,IND,1630167,Toppin,O. Toppin,-6,11,1,Made,1,68,79,147,v,Toppin 1' Running Layup (4 PTS),Made Shot,Running Layup Shot,1,2,375,0042400205,2025-05-13
0042400205,526,PT01M50.00S,3,1610612739,CLE,1629660,Jerome,T. Jerome,0,0,0,,0,,,0,h,Jerome S.FOUL (P1.PN) (M.Lindsay),Foul,Shooting,1,0,376,0042400205,2025-05-13
0042400205,528,PT01M50.00S,3,1610612739,CLE,1629731,Wade,D. Wade,0,0,0,,0,,,0,h,SUB: Allen FOR Wade,Substitution,,0,0,377,0042400205,2025-05-13
0042400205,529,PT01M50.00S,3,1610612754,IND,1630169,Haliburton,T. Haliburton,0,0,0,,0,,,0,v,SUB: McConnell FOR Haliburton,Substitution,,0,0,378,0042400205,2025-05-13
0042400205,532,PT01M50.00S,3,1610612754,IND,1630167,Toppin,O. Toppin,0,0,0,,0,68,80,148,v,Toppin Free Throw 1 of 1 (5 PTS),Free Throw,Free Throw 1 of 1,1,0,379,0042400205,2025-05-13
0042400205,533,PT01M30.00S,3,1610612739,CLE,1629631,Hunter,D. Hunter,61,134,15,Missed,1,,,0,h,MISS Hunter 15' Pullup Jump Shot,Missed Shot,Pullup Jump shot,1,2,380,0042400205,2025-05-13
0042400205,534,PT01M28.00S,3,1610612754,IND,1641767,Sheppard,B. Sheppard,0,0,0,,0,,,0,v,Sheppard REBOUND (Off:0 Def:1),Rebound,Unknown,1,0,381,0042400205,2025-05-13
0042400205,535,PT01M15.00S,3,1610612754,IND,1631097,Mathurin,B. Mathurin,-6,4,1,Missed,1,,,0,v,MISS Mathurin 1' Driving Reverse Layup,Missed Shot,Driving Reverse Layup Shot,1,2,382,0042400205,2025-05-13
0042400205,536,PT01M12.00S,3,1610612739,CLE,1629622,Strus,M. Strus,0,0,0,,0,,,0,h,Strus REBOUND (Off:2 Def:3),Rebound,Unknown,1,0,383,0042400205,2025-05-13
0042400205,537,PT01M07.00S,3,1610612739,CLE,1629660,Jerome,T. Jerome,-89,243,26,Made,1,71,80,151,h,Jerome 26' 3PT Running Pull-Up Jump Shot (6 PTS),Made Shot,Running Pull-Up Jump Shot,1,3,384,0042400205,2025-05-13
0042400205,538,PT01M06.00S,3,0,,1610612754,,,0,0,0,,0,,,0,v,Pacers Timeout: Regular (Reg.4 Short 0),Timeout,Regular,0,0,385,0042400205,2025-05-13
0042400205,539,PT01M06.00S,3,1610612739,CLE,1629636,Garland,D. Garland,0,0,0,,0,,,0,h,SUB: Mitchell FOR Garland,Substitution,,0,0,386,0042400205,2025-05-13
0042400205,540,PT01M06.00S,3,1610612754,IND,1641767,Sheppard,B. Sheppard,0,0,0,,0,,,0,v,SUB: Nembhard FOR Sheppard,Substitution,,0,0,387,0042400205,2025-05-13
0042400205,543,PT00M45.20S,3,1610612754,IND,1628418,Bryant,T. Bryant,237,8,24,Made,1,71,83,154,v,Bryant 24' 3PT Jump Shot (9 PTS) (Toppin 3 AST),Made Shot,Jump Shot,1,3,388,0042400205,2025-05-13
0042400205,545,PT00M33.40S,3,1610612739,CLE,1628378,Mitchell,D. Mitchell,64,74,10,Made,1,73,83,156,h,Mitchell 10' Driving Floating Jump Shot (18 PTS),Made Shot,Driving Floating Jump Shot,1,2,389,0042400205,2025-05-13
0042400205,546,PT00M33.40S,3,1610612754,IND,1628418,Bryant,T. Bryant,0,0,0,,0,,,0,v,Bryant S.FOUL (P3.T4) (M.Lindsay),Foul,Shooting,1,0,390,0042400205,2025-05-13
0042400205,548,PT00M33.40S,3,1610612739,CLE,1628378,Mitchell,D. Mitchell,0,0,0,,0,74,83,157,h,Mitchell Free Throw 1 of 1 (19 PTS),Free Throw,Free Throw 1 of 1,1,0,391,0042400205,2025-05-13
0042400205,549,PT00M12.80S,3,1610612754,IND,1631097,Mathurin,B. Mathurin,-10,5,1,Made,1,74,85,159,v,Mathurin 1' Cutting Layup Shot (4 PTS) (McConnell 2 AST),Made Shot,Cutting Layup Shot,1,2,392,0042400205,2025-05-13
0042400205,552,PT00M01.50S,3,1610612739,CLE,1629631,Hunter,D. Hunter,-64,47,8,Made,1,76,85,161,h,Hunter 8' Driving Floating Bank Jump Shot (9 PTS),Made Shot,Driving Floating Bank Jump Shot,1,2,393,0042400205,2025-05-13
0042400205,553,PT00M00.00S,3,1610612754,IND,1630167,Toppin,O. Toppin,189,556,59,Missed,1,,,0,v,MISS Toppin 59' 3PT Jump Shot,Missed Shot,Jump Shot,1,3,394,0042400205,2025-05-13
0042400205,554,PT00M00.00S,3,0,,1610612754,,,0,0,0,,0,,,0,v,Pacers Rebound,Rebound,Unknown,0,0,395,0042400205,2025-05-13
0042400205,555,PT00M00.00S,3,0,,0,,,0,0,0,,0,76,85,161,,End of 3rd Period (9:05 PM EST),period,end,1,0,396,0042400205,2025-05-13
0042400205,560,PT12M00.00S,4,0,,0,,,0,0,0,,0,76,85,161,,Start of 4th Period (9:08 PM EST),period,start,0,0,397,0042400205,2025-05-13
0042400205,561,PT11M45.00S,4,1610612739,CLE,1629660,Jerome,T. Jerome,50,92,10,Made,1,78,85,163,h,Jerome 10' Pullup Jump Shot (8 PTS),Made Shot,Pullup Jump shot,1,2,398,0042400205,2025-05-13
0042400205,562,PT11M21.00S,4,1610612754,IND,1627783,Siakam,P. Siakam,173,31,18,Missed,1,,,0,v,MISS Siakam 18' Fadeaway Jumper,Missed Shot,Fadeaway Jump Shot,1,2,399,0042400205,2025-05-13
0042400205,563,PT11M17.00S,4,1610612739,CLE,1628378,Mitchell,D. Mitchell,0,0,0,,0,,,0,h,Mitchell REBOUND (Off:1 Def:6),Rebound,Unknown,1,0,400,0042400205,2025-05-13
0042400205,564,PT11M05.00S,4,1610612754,IND,1631097,Mathurin,B. Mathurin,0,0,0,,0,,,0,v,Mathurin S.FOUL (P2.T1) (M.Lindsay),Foul,Shooting,1,0,401,0042400205,2025-05-13
0042400205,566,PT11M05.00S,4,1610612739,CLE,1628378,Mitchell,D. Mitchell,0,0,0,,0,79,85,164,h,Mitchell Free Throw 1 of 3 (20 PTS),Free Throw,Free Throw 1 of 3,1,0,402,0042400205,2025-05-13
0042400205,567,PT11M05.00S,4,1610612739,CLE,1628378,Mitchell,D. Mitchell,0,0,0,,0,80,85,165,h,Mitchell Free Throw 2 of 3 (21 PTS),Free Throw,Free Throw 2 of 3,1,0,403,0042400205,2025-05-13
0042400205,568,PT11M05.00S,4,1610612739,CLE,1628378,Mitchell,D. Mitchell,0,0,0,,0,81,85,166,h,Mitchell Free Throw 3 of 3 (22 PTS),Free Throw,Free Throw 3 of 3,1,0,404,0042400205,2025-05-13
0042400205,569,PT10M45.00S,4,1610612754,IND,204456,McConnell,T. McConnell,0,0,0,,0,,,0,v,McConnell Lost Ball Turnover (P1.T12),Turnover,Lost Ball,1,0,405,0042400205,2025-05-13
0042400205,569,PT10M45.00S,4,1610612739,CLE,1628378,Mitchell,D. Mitchell,0,0,0,,0,,,0,h,Mitchell STEAL (4 STL),,,1,0,406,0042400205,2025-05-13
0042400205,571,PT10M39.00S,4,1610612739,CLE,1628378,Mitchell,D. Mitchell,-2,17,2,Missed,1,,,0,h,MISS Mitchell 2' Running Layup,Missed Shot,Running Layup Shot,1,2,407,0042400205,2025-05-13
0042400205,571,PT10M39.00S,4,1610612754,IND,1631097,Mathurin,B. Mathurin,0,0,0,,0,,,0,v,Mathurin BLOCK (1 BLK),,,1,2,408,0042400205,2025-05-13
0042400205,573,PT10M36.00S,4,1610612754,IND,1627783,Siakam,P. Siakam,0,0,0,,0,,,0,v,Siakam REBOUND (Off:0 Def:7),Rebound,Unknown,1,0,409,0042400205,2025-05-13
0042400205,574,PT10M36.00S,4,1610612739,CLE,1629631,Hunter,D. Hunter,0,0,0,,0,,,0,h,Hunter P.FOUL (P2.T1) (M.Lindsay),Foul,Personal,1,0,410,0042400205,2025-05-13
0042400205,576,PT10M31.00S,4,1610612739,CLE,1628378,Mitchell,D. Mitchell,0,0,0,,0,,,0,h,Mitchell P.FOUL (P2.T2) (J.Capers),Foul,Personal,1,0,411,0042400205,2025-05-13
0042400205,578,PT10M17.00S,4,1610612754,IND,204456,McConnell,T. McConnell,0,0,0,,0,,,0,v,McConnell Lost Ball Turnover (P2.T13),Turnover,Lost Ball,1,0,412,0042400205,2025-05-13
0042400205,578,PT10M17.00S,4,1610612739,CLE,1629631,Hunter,D. Hunter,0,0,0,,0,,,0,h,Hunter STEAL (1 STL),,,1,0,413,0042400205,2025-05-13
0042400205,580,PT10M15.00S,4,1610612739,CLE,1629631,Hunter,D. Hunter,-9,-3,1,Missed,1,,,0,h,MISS Hunter 1' Running Layup,Missed Shot,Running Layup Shot,1,2,414,0042400205,2025-05-13
0042400205,580,PT10M15.00S,4,1610612754,IND,1626167,Turner,M. Turner,0,0,0,,0,,,0,v,Turner BLOCK (4 BLK),,,1,2,415,0042400205,2025-05-13
0042400205,582,PT10M15.00S,4,0,,1610612739,,,0,0,0,,0,,,0,h,CAVALIERS Rebound,Rebound,Unknown,0,0,416,0042400205,2025-05-13
0042400205,584,PT10M15.00S,4,1610612739,CLE,1628378,Mitchell,D. Mitchell,0,0,0,,0,,,0,h,SUB: Garland FOR Mitchell,Substitution,,0,0,417,0042400205,2025-05-13
0042400205,585,PT10M15.00S,4,1610612754,IND,1631097,Mathurin,B. Mathurin,0,0,0,,0,,,0,v,SUB: Haliburton FOR Mathurin,Substitution,,0,0,418,0042400205,2025-05-13
0042400205,586,PT10M15.00S,4,1610612754,IND,204456,McConnell,T. McConnell,0,0,0,,0,,,0,v,SUB: Nesmith FOR McConnell,Substitution,,0,0,419,0042400205,2025-05-13
0042400205,590,PT10M06.00S,4,1610612739,CLE,1629631,Hunter,D. Hunter,64,75,10,Missed,1,,,0,h,MISS Hunter 10' Driving Floating Jump Shot,Missed Shot,Driving Floating Jump Shot,1,2,420,0042400205,2025-05-13
0042400205,591,PT10M03.00S,4,1610612739,CLE,1629631,Hunter,D. Hunter,0,0,0,,0,,,0,h,Hunter REBOUND (Off:1 Def:3),Rebound,Unknown,1,0,421,0042400205,2025-05-13
0042400205,592,PT10M03.00S,4,1610612739,CLE,1629622,Strus,M. Strus,-203,163,26,Missed,1,,,0,h,MISS Strus 26' 3PT Jump Shot,Missed Shot,Jump Shot,1,3,422,0042400205,2025-05-13
0042400205,593,PT10M00.00S,4,1610612754,IND,1629614,Nembhard,A. Nembhard,0,0,0,,0,,,0,v,Nembhard REBOUND (Off:0 Def:2),Rebound,Unknown,1,0,423,0042400205,2025-05-13
0042400205,594,PT09M49.00S,4,1610612754,IND,1627783,Siakam,P. Siakam,98,114,15,Made,1,81,87,168,v,Siakam 15' Turnaround Fadeaway (19 PTS),Made Shot,Turnaround Fadeaway shot,1,2,424,0042400205,2025-05-13
0042400205,595,PT09M36.00S,4,1610612739,CLE,1629636,Garland,D. Garland,165,197,26,Missed,1,,,0,h,MISS Garland 26' 3PT Pullup Jump Shot,Missed Shot,Pullup Jump shot,1,3,425,0042400205,2025-05-13
0042400205,596,PT09M34.00S,4,1610612739,CLE,1628386,Allen,J. Allen,0,0,0,,0,,,0,h,Allen REBOUND (Off:1 Def:3),Rebound,Unknown,1,0,426,0042400205,2025-05-13
0042400205,597,PT09M31.00S,4,1610612739,CLE,1629631,Hunter,D. Hunter,-186,172,25,Made,1,84,87,171,h,Hunter 25' 3PT Pullup Jump Shot (12 PTS),Made Shot,Pullup Jump shot,1,3,427,0042400205,2025-05-13
0042400205,598,PT09M31.00S,4,1610612754,IND,1627783,Siakam,P. Siakam,0,0,0,,0,,,0,v,Siakam S.FOUL (P4.T2) (M.Lindsay),Foul,Shooting,1,0,428,0042400205,2025-05-13
0042400205,600,PT09M31.00S,4,1610612739,CLE,1628386,Allen,J. Allen,0,0,0,,0,,,0,h,SUB: Mobley FOR Allen,Substitution,,0,0,429,0042400205,2025-05-13
0042400205,601,PT09M31.00S,4,1610612754,IND,1629614,Nembhard,A. Nembhard,0,0,0,,0,,,0,v,SUB: Sheppard FOR Nembhard,Substitution,,0,0,430,0042400205,2025-05-13
0042400205,604,PT09M31.00S,4,1610612739,CLE,1629631,Hunter,D. Hunter,0,0,0,,0,,,0,h,MISS Hunter Free Throw 1 of 1,Free Throw,Free Throw 1 of 1,1,0,431,0042400205,2025-05-13
0042400205,605,PT09M26.00S,4,1610612739,CLE,1630596,Mobley,E. Mobley,0,0,0,,0,,,0,h,Mobley REBOUND (Off:3 Def:4),Rebound,Unknown,1,0,432,0042400205,2025-05-13
0042400205,606,PT09M24.00S,4,1610612739,CLE,1629636,Garland,D. Garland,5,12,1,Made,1,86,87,173,h,Garland 1' Driving Layup (9 PTS) (Jerome 1 AST),Made Shot,Driving Layup Shot,1,2,433,0042400205,2025-05-13
0042400205,608,PT09M24.00S,4,0,,1610612754,,,0,0,0,,0,,,0,v,Pacers Timeout: Regular (Reg.5 Short 0),Timeout,Regular,0,0,434,0042400205,2025-05-13
0042400205,609,PT09M09.00S,4,1610612754,IND,1630169,Haliburton,T. Haliburton,7,0,1,Made,1,86,89,175,v,Haliburton 1' Driving Dunk (26 PTS),Made Shot,Driving Dunk Shot,1,2,435,0042400205,2025-05-13
0042400205,610,PT08M53.00S,4,1610612754,IND,1641767,Sheppard,B. Sheppard,0,0,0,,0,,,0,v,Sheppard S.FOUL (P2.T3) (J.Capers),Foul,Shooting,1,0,436,0042400205,2025-05-13
0042400205,612,PT08M53.00S,4,1610612739,CLE,1629636,Garland,D. Garland,0,0,0,,0,87,89,176,h,Garland Free Throw 1 of 2 (10 PTS),Free Throw,Free Throw 1 of 2,1,0,437,0042400205,2025-05-13
0042400205,613,PT08M53.00S,4,1610612739,CLE,1629636,Garland,D. Garland,0,0,0,,0,88,89,177,h,Garland Free Throw 2 of 2 (11 PTS),Free Throw,Free Throw 2 of 2,0,0,438,0042400205,2025-05-13
0042400205,614,PT08M40.00S,4,1610612754,IND,1626167,Turner,M. Turner,74,85,11,Made,1,88,91,179,v,Turner 11' Jump Shot (5 PTS) (Haliburton 6 AST),Made Shot,Jump Shot,1,2,439,0042400205,2025-05-13
0042400205,616,PT08M25.00S,4,1610612739,CLE,1629636,Garland,D. Garland,125,228,26,Missed,1,,,0,h,MISS Garland 26' 3PT Pullup Jump Shot,Missed Shot,Pullup Jump shot,1,3,440,0042400205,2025-05-13
0042400205,617,PT08M25.00S,4,0,,1610612754,,,0,0,0,,0,,,0,v,Pacers Rebound,Rebound,Unknown,0,0,441,0042400205,2025-05-13
0042400205,619,PT08M25.00S,4,1610612739,CLE,1629660,Jerome,T. Jerome,0,0,0,,0,,,0,h,SUB: Mitchell FOR Jerome,Substitution,,0,0,442,0042400205,2025-05-13
0042400205,620,PT08M25.00S,4,1610612754,IND,1641767,Sheppard,B. Sheppard,0,0,0,,0,,,0,v,SUB: Nembhard FOR Sheppard,Substitution,,0,0,443,0042400205,2025-05-13
0042400205,623,PT07M59.00S,4,1610612754,IND,1629614,Nembhard,A. Nembhard,-235,-5,24,Made,1,88,94,182,v,Nembhard 24' 3PT Jump Shot (12 PTS) (Siakam 4 AST),Made Shot,Jump Shot,1,3,444,0042400205,2025-05-13
0042400205,625,PT07M47.00S,4,1610612739,CLE,1629631,Hunter,D. Hunter,-65,74,10,Missed,1,,,0,h,MISS Hunter 10' Driving Floating Jump Shot,Missed Shot,Driving Floating Jump Shot,1,2,445,0042400205,2025-05-13
0042400205,626,PT07M45.00S,4,1610612739,CLE,1630596,Mobley,E. Mobley,0,0,0,,0,,,0,h,Mobley REBOUND (Off:4 Def:4),Rebound,Unknown,1,0,446,0042400205,2025-05-13
0042400205,627,PT07M45.00S,4,1610612739,CLE,1630596,Mobley,E. Mobley,0,0,0,Made,1,90,94,184,h,Mobley Tip Layup Shot (22 PTS),Made Shot,Tip Layup Shot,1,2,447,0042400205,2025-05-13
0042400205,628,PT07M31.00S,4,1610612739,CLE,1629631,Hunter,D. Hunter,0,0,0,,0,,,0,h,Hunter P.FOUL (P3.T3) (B.Taylor),Foul,Personal,1,0,448,0042400205,2025-05-13
0042400205,630,PT07M21.00S,4,1610612754,IND,1627783,Siakam,P. Siakam,4,10,1,Made,1,90,96,186,v,Siakam 1' Driving Layup (21 PTS) (Haliburton 7 AST),Made Shot,Driving Layup Shot,1,2,449,0042400205,2025-05-13
0042400205,632,PT07M13.00S,4,1610612754,IND,1630174,Nesmith,A. Nesmith,0,0,0,,0,,,0,v,Nesmith S.FOUL (P4.T4) (M.Lindsay),Foul,Shooting,1,0,450,0042400205,2025-05-13
0042400205,634,PT07M13.00S,4,1610612739,CLE,1628378,Mitchell,D. Mitchell,0,0,0,,0,91,96,187,h,Mitchell Free Throw 1 of 2 (23 PTS),Free Throw,Free Throw 1 of 2,1,0,451,0042400205,2025-05-13
0042400205,635,PT07M13.00S,4,1610612739,CLE,1629622,Strus,M. Strus,0,0,0,,0,,,0,h,SUB: Jerome FOR Strus,Substitution,,0,0,452,0042400205,2025-05-13
0042400205,637,PT07M13.00S,4,1610612739,CLE,1628378,Mitchell,D. Mitchell,0,0,0,,0,,,0,h,MISS Mitchell Free Throw 2 of 2,Free Throw,Free Throw 2 of 2,1,0,453,0042400205,2025-05-13
0042400205,638,PT07M09.00S,4,1610612754,IND,1629614,Nembhard,A. Nembhard,0,0,0,,0,,,0,v,Nembhard REBOUND (Off:0 Def:3),Rebound,Unknown,1,0,454,0042400205,2025-05-13
0042400205,639,PT07M00.00S,4,1610612754,IND,1630169,Haliburton,T. Haliburton,0,0,0,,0,,,0,v,Haliburton Lost Ball Turnover (P4.T14),Turnover,Lost Ball,1,0,455,0042400205,2025-05-13
0042400205,639,PT07M00.00S,4,1610612739,CLE,1629660,Jerome,T. Jerome,0,0,0,,0,,,0,h,Jerome STEAL (1 STL),,,1,0,456,0042400205,2025-05-13
0042400205,641,PT06M53.00S,4,1610612739,CLE,1628378,Mitchell,D. Mitchell,-222,139,26,Made,1,94,96,190,h,Mitchell 26' 3PT Running Pull-Up Jump Shot (26 PTS) (Mobley 1 AST),Made Shot,Running Pull-Up Jump Shot,1,3,457,0042400205,2025-05-13
0042400205,643,PT06M29.00S,4,1610612754,IND,1627783,Siakam,P. Siakam,-230,-5,0,Missed,1,,,0,v,MISS Siakam 3PT Jump Shot,Missed Shot,Jump Shot,1,3,458,0042400205,2025-05-13
0042400205,644,PT06M27.00S,4,1610612739,CLE,1629636,Garland,D. Garland,0,0,0,,0,,,0,h,Garland REBOUND (Off:0 Def:3),Rebound,Unknown,1,0,459,0042400205,2025-05-13
0042400205,645,PT06M08.00S,4,1610612739,CLE,1628378,Mitchell,D. Mitchell,229,62,24,Missed,1,,,0,h,MISS Mitchell 24' 3PT Jump Shot,Missed Shot,Jump Shot,1,3,460,0042400205,2025-05-13
0042400205,646,PT06M05.00S,4,1610612754,IND,1630174,Nesmith,A. Nesmith,0,0,0,,0,,,0,v,Nesmith REBOUND (Off:2 Def:8),Rebound,Unknown,1,0,461,0042400205,2025-05-13
0042400205,647,PT06M02.00S,4,1610612739,CLE,1629660,Jerome,T. Jerome,0,0,0,,0,,,0,h,Jerome P.FOUL (P2.T4) (B.Taylor),Foul,Personal,1,0,462,0042400205,2025-05-13
0042400205,649,PT06M02.00S,4,1610612739,CLE,1629631,Hunter,D. Hunter,0,0,0,,0,,,0,h,SUB: Allen FOR Hunter,Substitution,,0,0,463,0042400205,2025-05-13
0042400205,651,PT05M50.00S,4,1610612754,IND,1627783,Siakam,P. Siakam,15,14,2,Missed,1,,,0,v,MISS Siakam 2' Cutting Layup Shot,Missed Shot,Cutting Layup Shot,1,2,464,0042400205,2025-05-13
0042400205,652,PT05M47.00S,4,1610612739,CLE,1630596,Mobley,E. Mobley,0,0,0,,0,,,0,h,Mobley REBOUND (Off:4 Def:5),Rebound,Unknown,1,0,465,0042400205,2025-05-13
0042400205,653,PT05M33.00S,4,1610612739,CLE,1629636,Garland,D. Garland,0,0,0,,0,,,0,h,Garland Lost Ball Turnover (P5.T11),Turnover,Lost Ball,1,0,466,0042400205,2025-05-13
0042400205,653,PT05M33.00S,4,1610612754,IND,1630174,Nesmith,A. Nesmith,0,0,0,,0,,,0,v,Nesmith STEAL (2 STL),,,1,0,467,0042400205,2025-05-13
0042400205,655,PT05M25.00S,4,1610612754,IND,1630174,Nesmith,A. Nesmith,7,14,2,Made,1,94,98,192,v,Nesmith 2' Driving Layup (13 PTS) (Siakam 5 AST),Made Shot,Driving Layup Shot,1,2,468,0042400205,2025-05-13
0042400205,657,PT05M03.00S,4,1610612739,CLE,1628378,Mitchell,D. Mitchell,105,227,25,Made,1,97,98,195,h,Mitchell 25' 3PT Pullup Jump Shot (29 PTS) (Jerome 2 AST),Made Shot,Pullup Jump shot,1,3,469,0042400205,2025-05-13
0042400205,659,PT04M46.00S,4,1610612754,IND,1630174,Nesmith,A. Nesmith,143,220,26,Missed,1,,,0,v,MISS Nesmith 26' 3PT Jump Shot,Missed Shot,Jump Shot,1,3,470,0042400205,2025-05-13
0042400205,660,PT04M44.00S,4,1610612754,IND,1626167,Turner,M. Turner,0,0,0,,0,,,0,v,Turner REBOUND (Off:2 Def:4),Rebound,Unknown,1,0,471,0042400205,2025-05-13
0042400205,661,PT04M39.00S,4,1610612754,IND,1629614,Nembhard,A. Nembhard,-184,173,25,Made,1,97,101,198,v,Nembhard 25' 3PT Jump Shot (15 PTS) (Haliburton 8 AST),Made Shot,Jump Shot,1,3,472,0042400205,2025-05-13
0042400205,664,PT04M29.00S,4,1610612739,CLE,1629660,Jerome,T. Jerome,58,131,14,Missed,1,,,0,h,MISS Jerome 14' Driving Floating Jump Shot,Missed Shot,Driving Floating Jump Shot,1,2,473,0042400205,2025-05-13
0042400205,664,PT04M29.00S,4,1610612754,IND,1630169,Haliburton,T. Haliburton,0,0,0,,0,,,0,v,Haliburton BLOCK (1 BLK),,,1,2,474,0042400205,2025-05-13
0042400205,666,PT04M28.00S,4,1610612754,IND,1630169,Haliburton,T. Haliburton,0,0,0,,0,,,0,v,Haliburton REBOUND (Off:0 Def:5),Rebound,Unknown,1,0,475,0042400205,2025-05-13
0042400205,667,PT04M23.00S,4,1610612754,IND,1630169,Haliburton,T. Haliburton,-2,-8,1,Made,1,97,103,200,v,Haliburton 1' Running Layup (28 PTS),Made Shot,Running Layup Shot,1,2,476,0042400205,2025-05-13
0042400205,668,PT04M23.00S,4,1610612739,CLE,1629660,Jerome,T. Jerome,0,0,0,,0,,,0,h,Jerome S.FOUL (P3.PN) (J.Capers),Foul,Shooting,1,0,477,0042400205,2025-05-13
0042400205,671,PT04M23.00S,4,1610612739,CLE,1629660,Jerome,T. Jerome,0,0,0,,0,,,0,h,SUB: Strus FOR Jerome,Substitution,,0,0,478,0042400205,2025-05-13
0042400205,672,PT04M23.00S,4,1610612739,CLE,1629636,Garland,D. Garland,0,0,0,,0,,,0,h,SUB: Hunter FOR Garland,Substitution,,0,0,479,0042400205,2025-05-13
0042400205,675,PT04M23.00S,4,1610612754,IND,1630169,Haliburton,T. Haliburton,0,0,0,,0,97,104,201,v,Haliburton Free Throw 1 of 1 (29 PTS),Free Throw,Free Throw 1 of 1,1,0,480,0042400205,2025-05-13
0042400205,676,PT04M01.00S,4,1610612739,CLE,1629631,Hunter,D. Hunter,-28,38,5,Missed,1,,,0,h,MISS Hunter 5' Driving Layup,Missed Shot,Driving Layup Shot,1,2,481,0042400205,2025-05-13
0042400205,677,PT03M59.00S,4,1610612739,CLE,1629631,Hunter,D. Hunter,0,0,0,,0,,,0,h,Hunter REBOUND (Off:2 Def:3),Rebound,Unknown,1,0,482,0042400205,2025-05-13
0042400205,678,PT03M59.00S,4,0,,1610612739,,,0,0,0,,0,,,0,h,CAVALIERS Turnover: Shot Clock (T#12),Turnover,Shot Clock Turnover,1,0,483,0042400205,2025-05-13
0042400205,679,PT03M59.00S,4,1610612739,CLE,1628386,Allen,J. Allen,0,0,0,,0,,,0,h,SUB: Jerome FOR Allen,Substitution,,0,0,484,0042400205,2025-05-13
0042400205,681,PT03M34.00S,4,1610612754,IND,1630174,Nesmith,A. Nesmith,-224,5,0,Missed,1,,,0,v,MISS Nesmith 3PT Jump Shot,Missed Shot,Jump Shot,1,3,485,0042400205,2025-05-13
0042400205,682,PT03M32.00S,4,1610612739,CLE,1630596,Mobley,E. Mobley,0,0,0,,0,,,0,h,Mobley REBOUND (Off:4 Def:6),Rebound,Unknown,1,0,486,0042400205,2025-05-13
0042400205,683,PT03M27.00S,4,1610612739,CLE,1629631,Hunter,D. Hunter,214,136,25,Missed,1,,,0,h,MISS Hunter 25' 3PT Running Jump Shot,Missed Shot,Running Jump Shot,1,3,487,0042400205,2025-05-13
0042400205,684,PT03M24.00S,4,1610612754,IND,1630174,Nesmith,A. Nesmith,0,0,0,,0,,,0,v,Nesmith REBOUND (Off:2 Def:9),Rebound,Unknown,1,0,488,0042400205,2025-05-13
0042400205,685,PT03M05.00S,4,1610612754,IND,1630169,Haliburton,T. Haliburton,-214,127,25,Missed,1,,,0,v,MISS Haliburton 25' 3PT Step Back Jump Shot,Missed Shot,Step Back Jump shot,1,3,489,0042400205,2025-05-13
0042400205,686,PT03M03.00S,4,1610612739,CLE,1628378,Mitchell,D. Mitchell,0,0,0,,0,,,0,h,Mitchell REBOUND (Off:1 Def:7),Rebound,Unknown,1,0,490,0042400205,2025-05-13
0042400205,687,PT02M43.00S,4,1610612739,CLE,1629660,Jerome,T. Jerome,-232,111,26,Missed,1,,,0,h,MISS Jerome 26' 3PT Jump Shot,Missed Shot,Jump Shot,1,3,491,0042400205,2025-05-13
0042400205,688,PT02M41.00S,4,1610612739,CLE,1628378,Mitchell,D. Mitchell,0,0,0,,0,,,0,h,Mitchell REBOUND (Off:2 Def:7),Rebound,Unknown,1,0,492,0042400205,2025-05-13
0042400205,689,PT02M40.00S,4,1610612739,CLE,1628378,Mitchell,D. Mitchell,-5,66,7,Missed,1,,,0,h,MISS Mitchell 7' Floating Jump Shot,Missed Shot,Floating Jump shot,1,2,493,0042400205,2025-05-13
0042400205,690,PT02M38.00S,4,1610612754,IND,1626167,Turner,M. Turner,0,0,0,,0,,,0,v,Turner REBOUND (Off:2 Def:5),Rebound,Unknown,1,0,494,0042400205,2025-05-13
0042400205,691,PT02M38.00S,4,1610612739,CLE,1629622,Strus,M. Strus,0,0,0,,0,,,0,h,Strus P.FOUL (P4.PN) (J.Capers),Foul,Personal,1,0,495,0042400205,2025-05-13
0042400205,693,PT02M38.00S,4,0,,1610612739,,,0,0,0,,0,,,0,h,CAVALIERS Timeout: Regular (Full 6 Short 0),Timeout,Regular,0,0,496,0042400205,2025-05-13
0042400205,694,PT02M38.00S,4,1610612739,CLE,1629660,Jerome,T. Jerome,0,0,0,,0,,,0,h,SUB: Garland FOR Jerome,Substitution,,0,0,497,0042400205,2025-05-13
0042400205,696,PT02M38.00S,4,1610612754,IND,1626167,Turner,M. Turner,0,0,0,,0,97,105,202,v,Turner Free Throw 1 of 2 (6 PTS),Free Throw,Free Throw 1 of 2,1,0,498,0042400205,2025-05-13
0042400205,697,PT02M38.00S,4,1610612754,IND,1626167,Turner,M. Turner,0,0,0,,0,97,106,203,v,Turner Free Throw 2 of 2 (7 PTS),Free Throw,Free Throw 2 of 2,1,0,499,0042400205,2025-05-13
0042400205,698,PT02M23.00S,4,1610612739,CLE,1628378,Mitchell,D. Mitchell,0,275,28,Made,1,100,106,206,h,Mitchell 28' 3PT Pullup Jump Shot (32 PTS),Made Shot,Pullup Jump shot,1,3,500,0042400205,2025-05-13
0042400205,699,PT01M59.00S,4,1610612754,IND,1627783,Siakam,P. Siakam,89,172,19,Missed,1,,,0,v,MISS Siakam 19' Turnaround Fadeaway Shot,Missed Shot,Turnaround Fadeaway shot,1,2,501,0042400205,2025-05-13
0042400205,700,PT01M57.00S,4,1610612739,CLE,1629622,Strus,M. Strus,0,0,0,,0,,,0,h,Strus REBOUND (Off:2 Def:4),Rebound,Unknown,1,0,502,0042400205,2025-05-13
0042400205,701,PT01M49.00S,4,1610612754,IND,1630174,Nesmith,A. Nesmith,0,0,0,,0,,,0,v,Nesmith S.FOUL (P5.PN) (B.Taylor),Foul,Shooting,1,0,503,0042400205,2025-05-13
0042400205,703,PT01M49.00S,4,1610612739,CLE,1628378,Mitchell,D. Mitchell,0,0,0,,0,,,0,h,MISS Mitchell Free Throw 1 of 3,Free Throw,Free Throw 1 of 3,1,0,504,0042400205,2025-05-13
0042400205,704,PT01M49.00S,4,0,,1610612739,,,0,0,0,,0,,,0,h,CAVALIERS Rebound,Rebound,Normal Rebound,0,0,505,0042400205,2025-05-13
0042400205,705,PT01M49.00S,4,1610612739,CLE,1628378,Mitchell,D. Mitchell,0,0,0,,0,,,0,h,MISS Mitchell Free Throw 2 of 3,Free Throw,Free Throw 2 of 3,1,0,506,0042400205,2025-05-13
0042400205,706,PT01M49.00S,4,0,,1610612739,,,0,0,0,,0,,,0,h,CAVALIERS Rebound,Rebound,Normal Rebound,0,0,507,0042400205,2025-05-13
0042400205,707,PT01M49.00S,4,1610612739,CLE,1628378,Mitchell,D. Mitchell,0,0,0,,0,,,0,h,MISS Mitchell Free Throw 3 of 3,Free Throw,Free Throw 3 of 3,1,0,508,0042400205,2025-05-13
0042400205,708,PT01M47.00S,4,1610612754,IND,1630174,Nesmith,A. Nesmith,0,0,0,,0,,,0,v,Nesmith REBOUND (Off:2 Def:10),Rebound,Unknown,1,0,509,0042400205,2025-05-13
0042400205,709,PT01M33.00S,4,1610612754,IND,1630169,Haliburton,T. Haliburton,-104,35,11,Missed,1,,,0,v,MISS Haliburton 11' Driving Floating Jump Shot,Missed Shot,Driving Floating Jump Shot,1,2,510,0042400205,2025-05-13
0042400205,709,PT01M33.00S,4,1610612739,CLE,1630596,Mobley,E. Mobley,0,0,0,,0,,,0,h,Mobley BLOCK (2 BLK),,,1,2,511,0042400205,2025-05-13
0042400205,711,PT01M30.00S,4,1610612739,CLE,1629636,Garland,D. Garland,0,0,0,,0,,,0,h,Garland REBOUND (Off:0 Def:4),Rebound,Unknown,1,0,512,0042400205,2025-05-13
0042400205,712,PT01M27.00S,4,1610612739,CLE,1628378,Mitchell,D. Mitchell,-233,6,0,Made,1,103,106,209,h,Mitchell 3PT Running Jump Shot (35 PTS) (Strus 2 AST),Made Shot,Running Jump Shot,1,3,513,0042400205,2025-05-13
0042400205,714,PT01M07.00S,4,1610612754,IND,1629614,Nembhard,A. Nembhard,-77,31,8,Made,1,103,108,211,v,Nembhard 8' Driving Floating Bank Jump Shot (17 PTS),Made Shot,Driving Floating Bank Jump Shot,1,2,514,0042400205,2025-05-13
0042400205,715,PT01M07.00S,4,1610612739,CLE,1629636,Garland,D. Garland,0,0,0,,0,,,0,h,Garland S.FOUL (P4.PN) (B.Taylor),Foul,Shooting,1,0,515,0042400205,2025-05-13
0042400205,717,PT01M07.00S,4,1610612754,IND,1629614,Nembhard,A. Nembhard,0,0,0,,0,103,109,212,v,Nembhard Free Throw 1 of 1 (18 PTS),Free Throw,Free Throw 1 of 1,1,0,516,0042400205,2025-05-13
0042400205,718,PT00M59.20S,4,1610612739,CLE,1628378,Mitchell,D. Mitchell,12,21,2,Missed,1,,,0,h,MISS Mitchell 2' Driving Layup,Missed Shot,Driving Layup Shot,1,2,517,0042400205,2025-05-13
0042400205,719,PT00M56.90S,4,1610612754,IND,1630174,Nesmith,A. Nesmith,0,0,0,,0,,,0,v,Nesmith REBOUND (Off:2 Def:11),Rebound,Unknown,1,0,518,0042400205,2025-05-13
0042400205,720,PT00M55.80S,4,1610612739,CLE,1629631,Hunter,D. Hunter,0,0,0,,0,,,0,h,Hunter P.FOUL (P4.PN) (J.Capers),Foul,Personal,1,0,519,0042400205,2025-05-13
0042400205,722,PT00M55.80S,4,1610612754,IND,1630169,Haliburton,T. Haliburton,0,0,0,,0,103,110,213,v,Haliburton Free Throw 1 of 2 (30 PTS),Free Throw,Free Throw 1 of 2,1,0,520,0042400205,2025-05-13
0042400205,723,PT00M55.80S,4,1610612754,IND,1630169,Haliburton,T. Haliburton,0,0,0,,0,103,111,214,v,Haliburton Free Throw 2 of 2 (31 PTS),Free Throw,Free Throw 2 of 2,1,0,521,0042400205,2025-05-13
0042400205,724,PT00M43.70S,4,1610612739,CLE,1629631,Hunter,D. Hunter,141,230,27,Missed,1,,,0,h,MISS Hunter 27' 3PT Jump Shot,Missed Shot,Jump Shot,1,3,522,0042400205,2025-05-13
0042400205,725,PT00M43.70S,4,1610612739,CLE,1630596,Mobley,E. Mobley,0,0,0,,0,,,0,h,Mobley REBOUND (Off:5 Def:6),Rebound,Unknown,1,0,523,0042400205,2025-05-13
0042400205,726,PT00M43.70S,4,1610612739,CLE,1630596,Mobley,E. Mobley,17,12,2,Made,1,105,111,216,h,Mobley 2' Tip Layup Shot (24 PTS),Made Shot,Tip Layup Shot,1,2,524,0042400205,2025-05-13
0042400205,727,PT00M43.70S,4,1610612754,IND,1630169,Haliburton,T. Haliburton,0,0,0,,0,,,0,v,Haliburton S.FOUL (P3.PN) (M.Lindsay),Foul,Shooting,1,0,525,0042400205,2025-05-13
0042400205,729,PT00M43.70S,4,1610612739,CLE,1630596,Mobley,E. Mobley,0,0,0,,0,,,0,h,MISS Mobley Free Throw 1 of 1,Free Throw,Free Throw 1 of 1,1,0,526,0042400205,2025-05-13
0042400205,730,PT00M41.60S,4,1610612754,IND,1630169,Haliburton,T. Haliburton,0,0,0,,0,,,0,v,Haliburton REBOUND (Off:0 Def:6),Rebound,Unknown,1,0,527,0042400205,2025-05-13
0042400205,731,PT00M23.60S,4,1610612754,IND,1626167,Turner,M. Turner,227,21,0,Made,1,105,114,219,v,Turner 3PT Jump Shot (10 PTS) (Nembhard 6 AST),Made Shot,Jump Shot,1,3,528,0042400205,2025-05-13
0042400205,733,PT00M23.20S,4,0,,1610612739,,,0,0,0,,0,,,0,h,CAVALIERS Timeout: Regular (Full 7 Short 0),Timeout,Regular,0,0,529,0042400205,2025-05-13
0042400205,734,PT00M23.20S,4,1610612754,IND,1626167,Turner,M. Turner,0,0,0,,0,,,0,v,SUB: Toppin FOR Turner,Substitution,,0,0,530,0042400205,2025-05-13
0042400205,736,PT00M19.70S,4,1610612739,CLE,1628378,Mitchell,D. Mitchell,147,212,26,Missed,1,,,0,h,MISS Mitchell 26' 3PT Jump Shot,Missed Shot,Jump Shot,1,3,531,0042400205,2025-05-13
0042400205,737,PT00M17.40S,4,1610612739,CLE,1629622,Strus,M. Strus,0,0,0,,0,,,0,h,Strus REBOUND (Off:3 Def:4),Rebound,Unknown,1,0,532,0042400205,2025-05-13
0042400205,738,PT00M16.40S,4,1610612739,CLE,1629622,Strus,M. Strus,235,27,24,Missed,1,,,0,h,MISS Strus 24' 3PT Fadeaway Jumper,Missed Shot,Fadeaway Jump Shot,1,3,533,0042400205,2025-05-13
0042400205,739,PT00M13.90S,4,1610612754,IND,1627783,Siakam,P. Siakam,0,0,0,,0,,,0,v,Siakam REBOUND (Off:0 Def:8),Rebound,Unknown,1,0,534,0042400205,2025-05-13
0042400205,740,PT00M00.00S,4,0,,0,,,0,0,0,,0,105,114,219,,End of 4th Period (9:42 PM EST),period,end,1,0,535,0042400205,2025-05-13
0042400225,2,PT12M00.00S,1,0,,0,,,0,0,0,,0,0,0,0,,Start of 1st Period (9:48 PM EST),period,start,0,0,1,0042400225,2025-05-13
0042400225,4,PT12M00.00S,1,1610612760,OKC,1631096,Holmgren,C. Holmgren,0,0,0,,0,,,0,h,Jump Ball Holmgren vs. Jokic: Tip to Hartenstein,Jump Ball,,1,0,2,0042400225,2025-05-13
0042400225,7,PT11M35.00S,1,1610612760,OKC,1631096,Holmgren,C. Holmgren,227,20,0,Made,1,3,0,3,h,Holmgren 3PT Jump Shot (3 PTS) (Gilgeous-Alexander 1 AST),Made Shot,Jump Shot,1,3,3,0042400225,2025-05-13
0042400225,9,PT11M18.00S,1,1610612743,DEN,203932,Gordon,A. Gordon,-16,259,26,Missed,1,,,0,v,MISS Gordon 26' 3PT Jump Shot,Missed Shot,Jump Shot,1,3,4,0042400225,2025-05-13
0042400225,10,PT11M15.00S,1,1610612760,OKC,1629652,Dort,L. Dort,0,0,0,,0,,,0,h,Dort REBOUND (Off:0 Def:1),Rebound,Unknown,1,0,5,0042400225,2025-05-13
0042400225,11,PT11M11.00S,1,1610612760,OKC,1628983,Gilgeous-Alexander,S. Gilgeous-Alexander,-11,-7,1,Made,1,5,0,5,h,Gilgeous-Alexander 1' Running Layup (2 PTS),Made Shot,Running Layup Shot,1,2,6,0042400225,2025-05-13
0042400225,12,PT10M59.00S,1,1610612743,DEN,1631128,Braun,C. Braun,0,0,0,,0,,,0,v,Braun Out of Bounds Lost Ball Turnover (P1.T1),Turnover,Out of Bounds Lost Ball Turnover,1,0,7,0042400225,2025-05-13
0042400225,13,PT10M47.00S,1,1610612760,OKC,1629652,Dort,L. Dort,-225,-10,0,Missed,1,,,0,h,MISS Dort 3PT Jump Shot,Missed Shot,Jump Shot,1,3,8,0042400225,2025-05-13
0042400225,14,PT10M39.00S,1,1610612743,DEN,203932,Gordon,A. Gordon,0,0,0,,0,,,0,v,Gordon REBOUND (Off:0 Def:1),Rebound,Unknown,1,0,9,0042400225,2025-05-13
0042400225,15,PT10M30.00S,1,1610612743,DEN,1627750,Murray,J. Murray,-17,257,26,Missed,1,,,0,v,MISS Murray 26' 3PT Jump Shot,Missed Shot,Jump Shot,1,3,10,0042400225,2025-05-13
0042400225,16,PT10M26.00S,1,1610612743,DEN,1627750,Murray,J. Murray,0,0,0,,0,,,0,v,Murray REBOUND (Off:1 Def:0),Rebound,Unknown,1,0,11,0042400225,2025-05-13
0042400225,17,PT10M25.00S,1,1610612743,DEN,1627750,Murray,J. Murray,5,8,1,Missed,1,,,0,v,MISS Murray 1' Putback Layup,Missed Shot,Putback Layup Shot,1,2,12,0042400225,2025-05-13
0042400225,18,PT10M25.00S,1,1610612743,DEN,203999,Jokić,N. Jokić,0,0,0,,0,,,0,v,Jokic REBOUND (Off:1 Def:0),Rebound,Unknown,1,0,13,0042400225,2025-05-13
0042400225,19,PT10M22.00S,1,1610612743,DEN,203999,Jokić,N. Jokić,0,0,0,Made,1,5,2,7,v,Jokic Tip Layup Shot (2 PTS),Made Shot,Tip Layup Shot,1,2,14,0042400225,2025-05-13
0042400225,20,PT10M12.00S,1,1610612760,OKC,1631114,Williams,J. Williams,55,237,24,Missed,1,,,0,h,MISS Jal. Williams 24' 3PT Pullup Jump Shot,Missed Shot,Pullup Jump shot,1,3,15,0042400225,2025-05-13
0042400225,21,PT10M09.00S,1,1610612743,DEN,1631128,Braun,C. Braun,0,0,0,,0,,,0,v,Braun REBOUND (Off:0 Def:1),Rebound,Unknown,1,0,16,0042400225,2025-05-13
0042400225,22,PT10M04.00S,1,1610612743,DEN,1629008,Porter Jr.,M. Porter Jr.,228,-21,0,Missed,1,,,0,v,MISS Porter Jr. 3PT Running Jump Shot,Missed Shot,Running Jump Shot,1,3,17,0042400225,2025-05-13
0042400225,23,PT10M01.00S,1,1610612743,DEN,1629008,Porter Jr.,M. Porter Jr.,0,0,0,,0,,,0,v,Porter Jr. REBOUND (Off:1 Def:0),Rebound,Unknown,1,0,18,0042400225,2025-05-13
0042400225,24,PT10M01.00S,1,1610612743,DEN,1629008,Porter Jr.,M. Porter Jr.,153,206,26,Missed,1,,,0,v,MISS Porter Jr. 26' 3PT Jump Shot,Missed Shot,Jump Shot,1,3,19,0042400225,2025-05-13
0042400225,25,PT09M56.00S,1,1610612760,OKC,1628392,Hartenstein,I. Hartenstein,0,0,0,,0,,,0,h,Hartenstein REBOUND (Off:0 Def:1),Rebound,Unknown,1,0,20,0042400225,2025-05-13
0042400225,26,PT09M49.00S,1,1610612760,OKC,1628983,Gilgeous-Alexander,S. Gilgeous-Alexander,0,0,0,,0,,,0,h,Jump Ball Gilgeous-Alexander vs. Porter Jr.: Tip to Jokic,Jump Ball,,1,0,21,0042400225,2025-05-13
0042400225,29,PT09M49.00S,1,1610612760,OKC,1628983,Gilgeous-Alexander,S. Gilgeous-Alexander,0,0,0,,0,,,0,h,Gilgeous-Alexander Lost Ball Turnover (P1.T1),Turnover,Lost Ball,1,0,22,0042400225,2025-05-13
0042400225,29,PT09M49.00S,1,1610612743,DEN,1629008,Porter Jr.,M. Porter Jr.,0,0,0,,0,,,0,v,Porter Jr. STEAL (1 STL),,,1,0,23,0042400225,2025-05-13
0042400225,31,PT09M23.00S,1,1610612743,DEN,203999,Jokić,N. Jokić,69,37,8,Missed,1,,,0,v,MISS Jokic 8' Driving Floating Jump Shot,Missed Shot,Driving Floating Jump Shot,1,2,24,0042400225,2025-05-13
0042400225,32,PT09M21.00S,1,1610612760,OKC,1631096,Holmgren,C. Holmgren,0,0,0,,0,,,0,h,Holmgren REBOUND (Off:0 Def:1),Rebound,Unknown,1,0,25,0042400225,2025-05-13
0042400225,33,PT09M06.00S,1,1610612743,DEN,1629008,Porter Jr.,M. Porter Jr.,0,0,0,,0,,,0,v,Porter Jr. S.FOUL (P1.T1) (C.Blair),Foul,Shooting,1,0,26,0042400225,2025-05-13
0042400225,35,PT09M06.00S,1,1610612760,OKC,1628983,Gilgeous-Alexander,S. Gilgeous-Alexander,0,0,0,,0,6,2,8,h,Gilgeous-Alexander Free Throw 1 of 2 (3 PTS),Free Throw,Free Throw 1 of 2,1,0,27,0042400225,2025-05-13
0042400225,36,PT09M06.00S,1,1610612760,OKC,1628983,Gilgeous-Alexander,S. Gilgeous-Alexander,0,0,0,,0,7,2,9,h,Gilgeous-Alexander Free Throw 2 of 2 (4 PTS),Free Throw,Free Throw 2 of 2,1,0,28,0042400225,2025-05-13
0042400225,37,PT08M44.00S,1,1610612743,DEN,1627750,Murray,J. Murray,96,242,26,Missed,1,,,0,v,MISS Murray 26' 3PT Pullup Jump Shot,Missed Shot,Pullup Jump shot,1,3,29,0042400225,2025-05-13
0042400225,38,PT08M41.00S,1,1610612760,OKC,1631114,Williams,J. Williams,0,0,0,,0,,,0,h,Jal. Williams REBOUND (Off:0 Def:1),Rebound,Unknown,1,0,30,0042400225,2025-05-13
0042400225,39,PT08M33.00S,1,1610612760,OKC,1631114,Williams,J. Williams,234,56,24,Made,1,10,2,12,h,Jal. Williams 24' 3PT Jump Shot (3 PTS) (Gilgeous-Alexander 2 AST),Made Shot,Jump Shot,1,3,31,0042400225,2025-05-13
0042400225,41,PT08M08.00S,1,1610612743,DEN,1627750,Murray,J. Murray,-118,238,27,Missed,1,,,0,v,MISS Murray 27' 3PT Jump Shot,Missed Shot,Jump Shot,1,3,32,0042400225,2025-05-13
0042400225,42,PT08M04.00S,1,1610612760,OKC,1631096,Holmgren,C. Holmgren,0,0,0,,0,,,0,h,Holmgren REBOUND (Off:0 Def:2),Rebound,Unknown,1,0,33,0042400225,2025-05-13
0042400225,43,PT07M58.00S,1,1610612760,OKC,1628392,Hartenstein,I. Hartenstein,0,8,1,Made,1,12,2,14,h,Hartenstein 1' Cutting Dunk Shot (2 PTS) (Jal. Williams 1 AST),Made Shot,Cutting Dunk Shot,1,2,34,0042400225,2025-05-13
0042400225,45,PT07M57.00S,1,0,,1610612743,,,0,0,0,,0,,,0,v,Nuggets Timeout: Regular (Reg.1 Short 0),Timeout,Regular,0,0,35,0042400225,2025-05-13
0042400225,46,PT07M36.00S,1,1610612743,DEN,203932,Gordon,A. Gordon,17,5,2,Made,1,12,4,16,v,Gordon 2' Layup (2 PTS) (Jokic 1 AST),Made Shot,Layup Shot,1,2,36,0042400225,2025-05-13
0042400225,48,PT07M10.00S,1,1610612760,OKC,1631114,Williams,J. Williams,92,136,16,Missed,1,,,0,h,MISS Jal. Williams 16' Step Back Bank Jump Shot,Missed Shot,Step Back Bank Jump Shot,1,2,37,0042400225,2025-05-13
0042400225,49,PT07M08.00S,1,1610612743,DEN,1631128,Braun,C. Braun,0,0,0,,0,,,0,v,Braun REBOUND (Off:0 Def:2),Rebound,Unknown,1,0,38,0042400225,2025-05-13
0042400225,50,PT07M00.00S,1,1610612743,DEN,203932,Gordon,A. Gordon,-20,11,2,Made,1,12,6,18,v,Gordon 2' Driving Layup (4 PTS),Made Shot,Driving Layup Shot,1,2,39,0042400225,2025-05-13
0042400225,51,PT07M00.00S,1,1610612760,OKC,1631114,Williams,J. Williams,0,0,0,,0,,,0,h,Jal. Williams S.FOUL (P1.T1) (C.Blair),Foul,Shooting,1,0,40,0042400225,2025-05-13
0042400225,53,PT07M00.00S,1,1610612743,DEN,203932,Gordon,A. Gordon,0,0,0,,0,,,0,v,MISS Gordon Free Throw 1 of 1,Free Throw,Free Throw 1 of 1,1,0,41,0042400225,2025-05-13
0042400225,54,PT06M58.00S,1,1610612760,OKC,1628392,Hartenstein,I. Hartenstein,0,0,0,,0,,,0,h,Hartenstein REBOUND (Off:0 Def:2),Rebound,Unknown,1,0,42,0042400225,2025-05-13
0042400225,55,PT06M48.00S,1,1610612760,OKC,1628983,Gilgeous-Alexander,S. Gilgeous-Alexander,-141,-7,14,Missed,1,,,0,h,MISS Gilgeous-Alexander 14' Step Back Jump Shot,Missed Shot,Step Back Jump shot,1,2,43,0042400225,2025-05-13
0042400225,56,PT06M46.00S,1,1610612743,DEN,1627750,Murray,J. Murray,0,0,0,,0,,,0,v,Murray REBOUND (Off:1 Def:1),Rebound,Unknown,1,0,44,0042400225,2025-05-13
0042400225,57,PT06M38.00S,1,1610612743,DEN,1627750,Murray,J. Murray,-21,10,2,Made,1,12,8,20,v,Murray 2' Driving Layup (2 PTS),Made Shot,Driving Layup Shot,1,2,45,0042400225,2025-05-13
0042400225,58,PT06M23.00S,1,1610612760,OKC,1631096,Holmgren,C. Holmgren,9,6,1,Made,1,14,8,22,h,Holmgren 1' Driving Dunk (5 PTS),Made Shot,Driving Dunk Shot,1,2,46,0042400225,2025-05-13
0042400225,59,PT06M13.00S,1,1610612743,DEN,203999,Jokić,N. Jokić,-27,15,3,Made,1,14,10,24,v,Jokic 3' Driving Layup (4 PTS),Made Shot,Driving Layup Shot,1,2,47,0042400225,2025-05-13
0042400225,60,PT06M13.00S,1,1610612760,OKC,1628392,Hartenstein,I. Hartenstein,0,0,0,,0,,,0,h,Hartenstein S.FOUL (P1.T2) (Z.Zarba),Foul,Shooting,1,0,48,0042400225,2025-05-13
0042400225,62,PT06M13.00S,1,1610612743,DEN,203999,Jokić,N. Jokić,0,0,0,,0,14,11,25,v,Jokic Free Throw 1 of 1 (5 PTS),Free Throw,Free Throw 1 of 1,1,0,49,0042400225,2025-05-13
0042400225,63,PT05M54.00S,1,1610612760,OKC,1628983,Gilgeous-Alexander,S. Gilgeous-Alexander,0,0,0,,0,,,0,h,Gilgeous-Alexander Lost Ball Turnover (P2.T2),Turnover,Lost Ball,1,0,50,0042400225,2025-05-13
0042400225,63,PT05M54.00S,1,1610612743,DEN,1631128,Braun,C. Braun,0,0,0,,0,,,0,v,Braun STEAL (1 STL),,,1,0,51,0042400225,2025-05-13
0042400225,65,PT05M48.00S,1,1610612743,DEN,1629008,Porter Jr.,M. Porter Jr.,6,12,1,Made,1,14,13,27,v,Porter Jr. 1' Running Dunk (2 PTS) (Braun 1 AST),Made Shot,Running Dunk Shot,1,2,52,0042400225,2025-05-13
0042400225,67,PT05M48.00S,1,0,,1610612760,,,0,0,0,,0,,,0,h,THUNDER Timeout: Regular (Full 1 Short 0),Timeout,Regular,0,0,53,0042400225,2025-05-13
0042400225,68,PT05M48.00S,1,1610612760,OKC,1631096,Holmgren,C. Holmgren,0,0,0,,0,,,0,h,SUB: Caruso FOR Holmgren,Substitution,,0,0,54,0042400225,2025-05-13
0042400225,70,PT05M31.00S,1,1610612760,OKC,1629652,Dort,L. Dort,0,0,0,,0,,,0,h,Dort Bad Pass Turnover (P1.T3),Turnover,Bad Pass,1,0,55,0042400225,2025-05-13
0042400225,70,PT05M31.00S,1,1610612743,DEN,1629008,Porter Jr.,M. Porter Jr.,0,0,0,,0,,,0,v,Porter Jr. STEAL (2 STL),,,1,0,56,0042400225,2025-05-13
0042400225,71,PT05M25.00S,1,1610612743,DEN,1631128,Braun,C. Braun,235,-31,24,Made,1,14,16,30,v,Braun 24' 3PT Running Jump Shot (3 PTS) (Gordon 1 AST),Made Shot,Running Jump Shot,1,3,57,0042400225,2025-05-13
0042400225,74,PT05M11.00S,1,1610612743,DEN,1629008,Porter Jr.,M. Porter Jr.,0,0,0,,0,,,0,v,Porter Jr. P.FOUL (P2.T2) (D.Guthrie),Foul,Personal,1,0,58,0042400225,2025-05-13
0042400225,76,PT05M11.00S,1,1610612743,DEN,1629008,Porter Jr.,M. Porter Jr.,0,0,0,,0,,,0,v,SUB: Westbrook FOR Porter Jr.,Substitution,,0,0,59,0042400225,2025-05-13
0042400225,78,PT05M03.00S,1,1610612760,OKC,1628983,Gilgeous-Alexander,S. Gilgeous-Alexander,-87,241,26,Missed,1,,,0,h,MISS Gilgeous-Alexander 26' 3PT Pullup Jump Shot,Missed Shot,Pullup Jump shot,1,3,60,0042400225,2025-05-13
0042400225,79,PT04M59.00S,1,1610612743,DEN,201566,Westbrook,R. Westbrook,0,0,0,,0,,,0,v,Westbrook REBOUND (Off:0 Def:1),Rebound,Unknown,1,0,61,0042400225,2025-05-13
0042400225,80,PT04M54.00S,1,1610612743,DEN,203932,Gordon,A. Gordon,-4,17,2,Made,1,14,18,32,v,Gordon 2' Running Layup (6 PTS) (Murray 1 AST),Made Shot,Running Layup Shot,1,2,62,0042400225,2025-05-13
0042400225,82,PT04M44.00S,1,1610612760,OKC,1631114,Williams,J. Williams,-17,94,10,Made,1,16,18,34,h,Jal. Williams 10' Driving Floating Jump Shot (5 PTS),Made Shot,Driving Floating Jump Shot,1,2,63,0042400225,2025-05-13
0042400225,83,PT04M20.00S,1,1610612743,DEN,1631128,Braun,C. Braun,-26,104,11,Missed,1,,,0,v,MISS Braun 11' Floating Jump Shot,Missed Shot,Floating Jump shot,1,2,64,0042400225,2025-05-13
0042400225,84,PT04M18.00S,1,1610612760,OKC,1627936,Caruso,A. Caruso,0,0,0,,0,,,0,h,Caruso REBOUND (Off:0 Def:1),Rebound,Unknown,1,0,65,0042400225,2025-05-13
0042400225,85,PT04M05.00S,1,1610612760,OKC,1628983,Gilgeous-Alexander,S. Gilgeous-Alexander,20,-7,2,Missed,1,,,0,h,MISS Gilgeous-Alexander 2' Driving Finger Roll Layup,Missed Shot,Driving Finger Roll Layup Shot,1,2,66,0042400225,2025-05-13
0042400225,86,PT04M03.00S,1,1610612743,DEN,203999,Jokić,N. Jokić,0,0,0,,0,,,0,v,Jokic REBOUND (Off:1 Def:1),Rebound,Unknown,1,0,67,0042400225,2025-05-13
0042400225,87,PT03M53.00S,1,1610612760,OKC,1628983,Gilgeous-Alexander,S. Gilgeous-Alexander,0,0,0,,0,,,0,h,Gilgeous-Alexander P.FOUL (P1.T3) (D.Guthrie),Foul,Personal,1,0,68,0042400225,2025-05-13
0042400225,89,PT03M53.00S,1,1610612760,OKC,1628983,Gilgeous-Alexander,S. Gilgeous-Alexander,0,0,0,,0,,,0,h,SUB: Wallace FOR Gilgeous-Alexander,Substitution,,0,0,69,0042400225,2025-05-13
0042400225,90,PT03M53.00S,1,1610612760,OKC,1629652,Dort,L. Dort,0,0,0,,0,,,0,h,SUB: Wiggins FOR Dort,Substitution,,0,0,70,0042400225,2025-05-13
0042400225,93,PT03M47.00S,1,1610612743,DEN,1631128,Braun,C. Braun,-229,-32,0,Made,1,16,21,37,v,Braun 3PT Jump Shot (6 PTS) (Jokic 2 AST),Made Shot,Jump Shot,1,3,71,0042400225,2025-05-13
0042400225,95,PT03M25.00S,1,1610612760,OKC,1627936,Caruso,A. Caruso,-228,-15,0,Made,1,19,21,40,h,Caruso 3PT Jump Shot (3 PTS) (Wiggins 1 AST),Made Shot,Jump Shot,1,3,72,0042400225,2025-05-13
0042400225,97,PT03M13.00S,1,1610612743,DEN,203932,Gordon,A. Gordon,0,0,0,,0,,,0,v,Gordon Out of Bounds - Bad Pass Turnover Turnover (P1.T2),Turnover,Out of Bounds - Bad Pass Turnover,1,0,73,0042400225,2025-05-13
0042400225,98,PT03M13.00S,1,1610612743,DEN,203932,Gordon,A. Gordon,0,0,0,,0,,,0,v,SUB: Watson FOR Gordon,Substitution,,0,0,74,0042400225,2025-05-13
0042400225,100,PT03M04.00S,1,1610612760,OKC,1631114,Williams,J. Williams,-44,9,4,Missed,1,,,0,h,MISS Jal. Williams 4' Driving Floating Bank Jump Shot,Missed Shot,Driving Floating Bank Jump Shot,1,2,75,0042400225,2025-05-13
0042400225,101,PT03M02.00S,1,1610612760,OKC,1631114,Williams,J. Williams,0,0,0,,0,,,0,h,Jal. Williams REBOUND (Off:1 Def:1),Rebound,Unknown,1,0,76,0042400225,2025-05-13
0042400225,102,PT03M01.00S,1,1610612760,OKC,1631114,Williams,J. Williams,17,11,2,Made,1,21,21,42,h,Jal. Williams 2' Putback Layup (7 PTS),Made Shot,Putback Layup Shot,1,2,77,0042400225,2025-05-13
0042400225,103,PT02M35.00S,1,1610612743,DEN,1631212,Watson,P. Watson,-229,-15,0,Made,1,21,24,45,v,Watson 3PT Jump Shot (3 PTS) (Murray 2 AST),Made Shot,Jump Shot,1,3,78,0042400225,2025-05-13
0042400225,105,PT02M26.00S,1,1610612760,OKC,1627936,Caruso,A. Caruso,-33,5,3,Missed,1,,,0,h,MISS Caruso 3' Driving Reverse Layup,Missed Shot,Driving Reverse Layup Shot,1,2,79,0042400225,2025-05-13
0042400225,106,PT02M25.00S,1,1610612743,DEN,203999,Jokić,N. Jokić,0,0,0,,0,,,0,v,Jokic REBOUND (Off:1 Def:2),Rebound,Unknown,1,0,80,0042400225,2025-05-13
0042400225,107,PT02M20.00S,1,1610612743,DEN,1627750,Murray,J. Murray,0,0,0,,0,,,0,v,Murray Bad Pass Turnover (P1.T3),Turnover,Bad Pass,1,0,81,0042400225,2025-05-13
0042400225,107,PT02M20.00S,1,1610612760,OKC,1628392,Hartenstein,I. Hartenstein,0,0,0,,0,,,0,h,Hartenstein STEAL (1 STL),,,1,0,82,0042400225,2025-05-13
0042400225,109,PT02M15.00S,1,1610612760,OKC,1641717,Wallace,C. Wallace,235,108,26,Missed,1,,,0,h,MISS Wallace 26' 3PT Running Jump Shot,Missed Shot,Running Jump Shot,1,3,83,0042400225,2025-05-13
0042400225,110,PT02M12.00S,1,1610612743,DEN,1631212,Watson,P. Watson,0,0,0,,0,,,0,v,Watson REBOUND (Off:0 Def:1),Rebound,Unknown,1,0,84,0042400225,2025-05-13
0042400225,111,PT01M55.00S,1,1610612743,DEN,201566,Westbrook,R. Westbrook,0,0,0,,0,,,0,v,Westbrook Lost Ball Turnover (P1.T4),Turnover,Lost Ball,1,0,85,0042400225,2025-05-13
0042400225,111,PT01M55.00S,1,1610612760,OKC,1631114,Williams,J. Williams,0,0,0,,0,,,0,h,Jal. Williams STEAL (1 STL),,,1,0,86,0042400225,2025-05-13
0042400225,113,PT01M51.00S,1,1610612760,OKC,1627936,Caruso,A. Caruso,-6,-11,1,Made,1,23,24,47,h,Caruso 1' Running Layup (5 PTS) (Wallace 1 AST),Made Shot,Running Layup Shot,1,2,87,0042400225,2025-05-13
0042400225,115,PT01M26.00S,1,1610612743,DEN,203999,Jokić,N. Jokić,-4,46,5,Made,1,23,26,49,v,Jokic 5' Driving Floating Jump Shot (7 PTS),Made Shot,Driving Floating Jump Shot,1,2,88,0042400225,2025-05-13
0042400225,116,PT01M12.00S,1,1610612760,OKC,1628392,Hartenstein,I. Hartenstein,-40,4,4,Made,1,25,26,51,h,Hartenstein 4' Alley Oop Layup (4 PTS) (Jal. Williams 2 AST),Made Shot,Alley Oop Layup shot,1,2,89,0042400225,2025-05-13
0042400225,118,PT01M02.00S,1,1610612743,DEN,201566,Westbrook,R. Westbrook,157,195,25,Missed,1,,,0,v,MISS Westbrook 25' 3PT Jump Shot,Missed Shot,Jump Shot,1,3,90,0042400225,2025-05-13
0042400225,119,PT01M02.00S,1,1610612743,DEN,203999,Jokić,N. Jokić,0,0,0,,0,,,0,v,Jokic REBOUND (Off:2 Def:2),Rebound,Unknown,1,0,91,0042400225,2025-05-13
0042400225,120,PT01M00.00S,1,1610612743,DEN,203999,Jokić,N. Jokić,0,0,0,Made,1,25,28,53,v,Jokic Tip Layup Shot (9 PTS),Made Shot,Tip Layup Shot,1,2,92,0042400225,2025-05-13
0042400225,121,PT00M49.20S,1,1610612743,DEN,201566,Westbrook,R. Westbrook,0,0,0,,0,,,0,v,Westbrook S.FOUL (P1.T3) (Z.Zarba),Foul,Shooting,1,0,93,0042400225,2025-05-13
0042400225,123,PT00M49.20S,1,1610612760,OKC,1631114,Williams,J. Williams,0,0,0,,0,26,28,54,h,Jal. Williams Free Throw 1 of 2 (8 PTS),Free Throw,Free Throw 1 of 2,1,0,94,0042400225,2025-05-13
0042400225,124,PT00M49.20S,1,1610612760,OKC,1628392,Hartenstein,I. Hartenstein,0,0,0,,0,,,0,h,SUB: Holmgren FOR Hartenstein,Substitution,,0,0,95,0042400225,2025-05-13
0042400225,125,PT00M49.20S,1,1610612743,DEN,1627750,Murray,J. Murray,0,0,0,,0,,,0,v,SUB: Strawther FOR Murray,Substitution,,0,0,96,0042400225,2025-05-13
0042400225,128,PT00M49.20S,1,1610612760,OKC,1631114,Williams,J. Williams,0,0,0,,0,27,28,55,h,Jal. Williams Free Throw 2 of 2 (9 PTS),Free Throw,Free Throw 2 of 2,1,0,97,0042400225,2025-05-13
0042400225,129,PT00M37.80S,1,1610612743,DEN,1631128,Braun,C. Braun,7,10,1,Missed,1,,,0,v,MISS Braun 1' Layup,Missed Shot,Layup Shot,1,2,98,0042400225,2025-05-13
0042400225,129,PT00M37.80S,1,1610612760,OKC,1630598,Wiggins,A. Wiggins,0,0,0,,0,,,0,h,Wiggins BLOCK (1 BLK),,,1,2,99,0042400225,2025-05-13
0042400225,131,PT00M37.80S,1,0,,1610612743,,,0,0,0,,0,,,0,v,Nuggets Rebound,Rebound,Unknown,1,0,100,0042400225,2025-05-13
0042400225,133,PT00M37.80S,1,1610612760,OKC,1627936,Caruso,A. Caruso,0,0,0,,0,,,0,h,SUB: Jay. Williams FOR Caruso,Substitution,,0,0,101,0042400225,2025-05-13
0042400225,135,PT00M30.90S,1,1610612743,DEN,1631128,Braun,C. Braun,-227,111,25,Missed,1,,,0,v,MISS Braun 25' 3PT Jump Shot,Missed Shot,Jump Shot,1,3,102,0042400225,2025-05-13
0042400225,136,PT00M28.50S,1,1610612760,OKC,1631114,Williams,J. Williams,0,0,0,,0,,,0,h,Jal. Williams REBOUND (Off:1 Def:2),Rebound,Unknown,1,0,103,0042400225,2025-05-13
0042400225,137,PT00M20.70S,1,1610612760,OKC,1631114,Williams,J. Williams,-59,53,8,Missed,1,,,0,h,MISS Jal. Williams 8' Pullup Jump Shot,Missed Shot,Pullup Jump shot,1,2,104,0042400225,2025-05-13
0042400225,138,PT00M18.80S,1,1610612743,DEN,203999,Jokić,N. Jokić,0,0,0,,0,,,0,v,Jokic REBOUND (Off:2 Def:3),Rebound,Unknown,1,0,105,0042400225,2025-05-13
0042400225,139,PT00M01.20S,1,1610612743,DEN,1631128,Braun,C. Braun,-227,-1,0,Missed,1,,,0,v,MISS Braun 3PT Jump Shot,Missed Shot,Jump Shot,1,3,106,0042400225,2025-05-13
0042400225,140,PT00M00.20S,1,0,,1610612743,,,0,0,0,,0,,,0,v,Nuggets Rebound,Rebound,Unknown,0,0,107,0042400225,2025-05-13
0042400225,141,PT00M00.00S,1,0,,0,,,0,0,0,,0,27,28,55,,End of 1st Period (10:13 PM EST),period,end,1,0,108,0042400225,2025-05-13
0042400225,152,PT12M00.00S,2,0,,0,,,0,0,0,,0,27,28,55,,Start of 2nd Period (10:17 PM EST),period,start,0,0,109,0042400225,2025-05-13
0042400225,153,PT11M51.00S,2,1610612743,DEN,1631212,Watson,P. Watson,0,0,0,,0,,,0,v,Watson OFF.Foul (P1) (C.Blair),Foul,Offensive,0,0,110,0042400225,2025-05-13
0042400225,155,PT11M51.00S,2,1610612743,DEN,1631212,Watson,P. Watson,0,0,0,,0,,,0,v,Watson Offensive Foul Turnover (P1.T5),Turnover,Offensive Foul Turnover,0,0,111,0042400225,2025-05-13
0042400225,156,PT11M32.00S,2,1610612760,OKC,1627936,Caruso,A. Caruso,228,110,25,Missed,1,,,0,h,MISS Caruso 25' 3PT Jump Shot,Missed Shot,Jump Shot,1,3,112,0042400225,2025-05-13
0042400225,157,PT11M29.00S,2,1610612743,DEN,201566,Westbrook,R. Westbrook,0,0,0,,0,,,0,v,Westbrook REBOUND (Off:0 Def:2),Rebound,Unknown,1,0,113,0042400225,2025-05-13
0042400225,158,PT11M18.00S,2,1610612743,DEN,1627750,Murray,J. Murray,-4,21,2,Made,1,27,30,57,v,Murray 2' Cutting Layup Shot (4 PTS) (Westbrook 1 AST),Made Shot,Cutting Layup Shot,1,2,114,0042400225,2025-05-13
0042400225,160,PT11M06.00S,2,1610612760,OKC,1628983,Gilgeous-Alexander,S. Gilgeous-Alexander,0,0,0,,0,,,0,h,Gilgeous-Alexander Out of Bounds - Bad Pass Turnover Turnover (P3.T4),Turnover,Out of Bounds - Bad Pass Turnover,1,0,115,0042400225,2025-05-13
0042400225,161,PT10M55.00S,2,1610612743,DEN,1627750,Murray,J. Murray,0,0,0,,0,,,0,v,Murray Bad Pass Turnover (P2.T6),Turnover,Bad Pass,1,0,116,0042400225,2025-05-13
0042400225,161,PT10M55.00S,2,1610612760,OKC,1641717,Wallace,C. Wallace,0,0,0,,0,,,0,h,Wallace STEAL (1 STL),,,1,0,117,0042400225,2025-05-13
0042400225,163,PT10M52.00S,2,1610612760,OKC,1641717,Wallace,C. Wallace,-5,-5,1,Made,1,29,30,59,h,Wallace 1' Running Layup (2 PTS),Made Shot,Running Layup Shot,1,2,118,0042400225,2025-05-13
0042400225,164,PT10M52.00S,2,1610612743,DEN,1631124,Strawther,J. Strawther,0,0,0,,0,,,0,v,Strawther S.FOUL (P1.T1) (Z.Zarba),Foul,Shooting,1,0,119,0042400225,2025-05-13
0042400225,166,PT10M52.00S,2,1610612760,OKC,1641717,Wallace,C. Wallace,0,0,0,,0,,,0,h,MISS Wallace Free Throw 1 of 1,Free Throw,Free Throw 1 of 1,1,0,120,0042400225,2025-05-13
0042400225,167,PT10M50.00S,2,1610612743,DEN,1631212,Watson,P. Watson,0,0,0,,0,,,0,v,Watson REBOUND (Off:0 Def:2),Rebound,Unknown,1,0,121,0042400225,2025-05-13
0042400225,168,PT10M30.00S,2,1610612743,DEN,203932,Gordon,A. Gordon,138,1,14,Made,1,29,32,61,v,Gordon 14' Turnaround Fadeaway (8 PTS),Made Shot,Turnaround Fadeaway shot,1,2,122,0042400225,2025-05-13
0042400225,169,PT10M14.00S,2,1610612760,OKC,1628983,Gilgeous-Alexander,S. Gilgeous-Alexander,-7,32,3,Missed,1,,,0,h,MISS Gilgeous-Alexander 3' Driving Floating Jump Shot,Missed Shot,Driving Floating Jump Shot,1,2,123,0042400225,2025-05-13
0042400225,170,PT10M12.00S,2,1610612760,OKC,1628983,Gilgeous-Alexander,S. Gilgeous-Alexander,0,0,0,,0,,,0,h,Gilgeous-Alexander REBOUND (Off:1 Def:0),Rebound,Unknown,1,0,124,0042400225,2025-05-13
0042400225,171,PT10M10.00S,2,1610612760,OKC,1628983,Gilgeous-Alexander,S. Gilgeous-Alexander,0,0,0,,0,,,0,h,Gilgeous-Alexander Lost Ball Turnover (P4.T5),Turnover,Lost Ball,1,0,125,0042400225,2025-05-13
0042400225,171,PT10M10.00S,2,1610612743,DEN,201566,Westbrook,R. Westbrook,0,0,0,,0,,,0,v,Westbrook STEAL (1 STL),,,1,0,126,0042400225,2025-05-13
0042400225,173,PT10M06.00S,2,1610612760,OKC,1631096,Holmgren,C. Holmgren,0,0,0,,0,,,0,h,Holmgren P.FOUL (P1.T1) (Z.Zarba),Foul,Personal,1,0,127,0042400225,2025-05-13
0042400225,175,PT10M00.00S,2,1610612743,DEN,1627750,Murray,J. Murray,-158,197,25,Made,1,29,35,64,v,Murray 25' 3PT Jump Shot (7 PTS) (Westbrook 2 AST),Made Shot,Jump Shot,1,3,128,0042400225,2025-05-13
0042400225,177,PT09M48.00S,2,1610612760,OKC,1631096,Holmgren,C. Holmgren,-1,14,1,Made,1,31,35,66,h,Holmgren 1' Driving Layup (7 PTS),Made Shot,Driving Layup Shot,1,2,129,0042400225,2025-05-13
0042400225,178,PT09M48.00S,2,1610612743,DEN,1631212,Watson,P. Watson,0,0,0,,0,,,0,v,Watson S.FOUL (P2.T2) (D.Guthrie),Foul,Shooting,1,0,130,0042400225,2025-05-13
0042400225,180,PT09M48.00S,2,1610612760,OKC,1641717,Wallace,C. Wallace,0,0,0,,0,,,0,h,SUB: Dort FOR Wallace,Substitution,,0,0,131,0042400225,2025-05-13
0042400225,182,PT09M48.00S,2,1610612760,OKC,1631096,Holmgren,C. Holmgren,0,0,0,,0,,,0,h,MISS Holmgren Free Throw 1 of 1,Free Throw,Free Throw 1 of 1,1,0,132,0042400225,2025-05-13
0042400225,183,PT09M46.00S,2,1610612743,DEN,1631212,Watson,P. Watson,0,0,0,,0,,,0,v,Watson REBOUND (Off:0 Def:3),Rebound,Unknown,1,0,133,0042400225,2025-05-13
0042400225,185,PT09M35.00S,2,1610612743,DEN,201566,Westbrook,R. Westbrook,-131,11,13,Missed,1,,,0,v,MISS Westbrook 13' Fadeaway Jumper,Missed Shot,Fadeaway Jump Shot,1,2,134,0042400225,2025-05-13
0042400225,186,PT09M31.00S,2,1610612743,DEN,1631212,Watson,P. Watson,0,0,0,,0,,,0,v,Watson REBOUND (Off:1 Def:3),Rebound,Unknown,1,0,135,0042400225,2025-05-13
0042400225,187,PT09M20.00S,2,1610612743,DEN,1627750,Murray,J. Murray,-206,169,27,Missed,1,,,0,v,MISS Murray 27' 3PT Step Back Jump Shot,Missed Shot,Step Back Jump shot,1,3,136,0042400225,2025-05-13
0042400225,188,PT09M16.00S,2,1610612743,DEN,1631212,Watson,P. Watson,0,0,0,,0,,,0,v,Watson REBOUND (Off:2 Def:3),Rebound,Unknown,1,0,137,0042400225,2025-05-13
0042400225,189,PT09M14.00S,2,1610612743,DEN,1631212,Watson,P. Watson,-18,11,2,Missed,1,,,0,v,MISS Watson 2' Putback Layup,Missed Shot,Putback Layup Shot,1,2,138,0042400225,2025-05-13
0042400225,189,PT09M14.00S,2,1610612760,OKC,1628983,Gilgeous-Alexander,S. Gilgeous-Alexander,0,0,0,,0,,,0,h,Gilgeous-Alexander BLOCK (1 BLK),,,1,2,139,0042400225,2025-05-13
0042400225,191,PT09M14.00S,2,0,,1610612743,,,0,0,0,,0,,,0,v,Nuggets Rebound,Rebound,Unknown,1,0,140,0042400225,2025-05-13
0042400225,193,PT09M08.00S,2,1610612743,DEN,203932,Gordon,A. Gordon,-110,142,18,Missed,1,,,0,v,MISS Gordon 18' Step Back Jump Shot,Missed Shot,Step Back Jump shot,1,2,141,0042400225,2025-05-13
0042400225,194,PT09M07.00S,2,0,,1610612760,,,0,0,0,,0,,,0,h,THUNDER Rebound,Rebound,Unknown,1,0,142,0042400225,2025-05-13
0042400225,195,PT09M07.00S,2,1610612743,DEN,201566,Westbrook,R. Westbrook,0,0,0,,0,,,0,v,Westbrook L.B.FOUL (P2.T3) (D.Guthrie),Foul,Loose Ball,1,0,143,0042400225,2025-05-13
0042400225,197,PT08M56.00S,2,1610612760,OKC,1628983,Gilgeous-Alexander,S. Gilgeous-Alexander,37,16,4,Missed,1,,,0,h,MISS Gilgeous-Alexander 4' Driving Layup,Missed Shot,Driving Layup Shot,1,2,144,0042400225,2025-05-13
0042400225,197,PT08M56.00S,2,1610612743,DEN,1627750,Murray,J. Murray,0,0,0,,0,,,0,v,Murray BLOCK (1 BLK),,,1,2,145,0042400225,2025-05-13
0042400225,199,PT08M53.00S,2,1610612743,DEN,203932,Gordon,A. Gordon,0,0,0,,0,,,0,v,Gordon REBOUND (Off:0 Def:2),Rebound,Unknown,1,0,146,0042400225,2025-05-13
0042400225,200,PT08M52.00S,2,1610612743,DEN,1631212,Watson,P. Watson,0,0,0,,0,,,0,v,Watson Offensive Charge Foul (P3) (C.Blair),Foul,Offensive Charge,1,0,147,0042400225,2025-05-13
0042400225,202,PT08M52.00S,2,1610612743,DEN,1631212,Watson,P. Watson,0,0,0,,0,,,0,v,Watson Offensive Foul Turnover (P2.T7),Turnover,Offensive Foul Turnover,1,0,148,0042400225,2025-05-13
0042400225,203,PT08M52.00S,2,1610612743,DEN,1631212,Watson,P. Watson,0,0,0,,0,,,0,v,SUB: Braun FOR Watson,Substitution,,0,0,149,0042400225,2025-05-13
0042400225,205,PT08M37.00S,2,1610612760,OKC,1628983,Gilgeous-Alexander,S. Gilgeous-Alexander,-42,129,14,Made,1,33,35,68,h,Gilgeous-Alexander 14' Turnaround Fadeaway (6 PTS),Made Shot,Turnaround Fadeaway shot,1,2,150,0042400225,2025-05-13
0042400225,206,PT08M21.00S,2,1610612743,DEN,201566,Westbrook,R. Westbrook,-18,33,4,Missed,1,,,0,v,MISS Westbrook 4' Cutting Layup Shot,Missed Shot,Cutting Layup Shot,1,2,151,0042400225,2025-05-13
0042400225,207,PT08M19.00S,2,1610612760,OKC,1630198,Joe,I. Joe,0,0,0,,0,,,0,h,Joe REBOUND (Off:0 Def:1),Rebound,Unknown,1,0,152,0042400225,2025-05-13
0042400225,208,PT08M08.00S,2,1610612760,OKC,1628983,Gilgeous-Alexander,S. Gilgeous-Alexander,-29,13,3,Missed,1,,,0,h,MISS Gilgeous-Alexander 3' Layup,Missed Shot,Layup Shot,1,2,153,0042400225,2025-05-13
0042400225,208,PT08M08.00S,2,1610612743,DEN,1631128,Braun,C. Braun,0,0,0,,0,,,0,v,Braun BLOCK (1 BLK),,,1,2,154,0042400225,2025-05-13
0042400225,210,PT08M08.00S,2,0,,1610612760,,,0,0,0,,0,,,0,h,THUNDER Rebound,Rebound,Unknown,0,0,155,0042400225,2025-05-13
0042400225,212,PT08M08.00S,2,1610612760,OKC,1627936,Caruso,A. Caruso,0,0,0,,0,,,0,h,SUB: Jay. Williams FOR Caruso,Substitution,,0,0,156,0042400225,2025-05-13
0042400225,213,PT08M08.00S,2,1610612743,DEN,1627750,Murray,J. Murray,0,0,0,,0,,,0,v,SUB: Porter Jr. FOR Murray,Substitution,,0,0,157,0042400225,2025-05-13
0042400225,214,PT08M08.00S,2,1610612743,DEN,203932,Gordon,A. Gordon,0,0,0,,0,,,0,v,SUB: Jokic FOR Gordon,Substitution,,0,0,158,0042400225,2025-05-13
0042400225,218,PT08M08.00S,2,0,,1610612760,,,0,0,0,,0,,,0,h,THUNDER Timeout: Regular (Full 2 Short 0),Timeout,Regular,0,0,159,0042400225,2025-05-13
0042400225,219,PT08M02.00S,2,1610612760,OKC,1628983,Gilgeous-Alexander,S. Gilgeous-Alexander,71,87,11,Missed,1,,,0,h,MISS Gilgeous-Alexander 11' Driving Floating Jump Shot,Missed Shot,Driving Floating Jump Shot,1,2,160,0042400225,2025-05-13
0042400225,220,PT07M58.00S,2,1610612743,DEN,203999,Jokić,N. Jokić,0,0,0,,0,,,0,v,Jokic REBOUND (Off:2 Def:4),Rebound,Unknown,1,0,161,0042400225,2025-05-13
0042400225,221,PT07M39.00S,2,1610612743,DEN,1631124,Strawther,J. Strawther,-16,269,27,Made,1,33,38,71,v,Strawther 27' 3PT Jump Shot (3 PTS) (Jokic 3 AST),Made Shot,Jump Shot,1,3,162,0042400225,2025-05-13
0042400225,223,PT07M21.00S,2,1610612760,OKC,1629652,Dort,L. Dort,234,87,25,Missed,1,,,0,h,MISS Dort 25' 3PT Jump Shot,Missed Shot,Jump Shot,1,3,163,0042400225,2025-05-13
0042400225,224,PT07M18.00S,2,1610612743,DEN,1631128,Braun,C. Braun,0,0,0,,0,,,0,v,Braun REBOUND (Off:0 Def:3),Rebound,Unknown,1,0,164,0042400225,2025-05-13
0042400225,225,PT07M09.00S,2,1610612743,DEN,1631128,Braun,C. Braun,-12,17,2,Missed,1,,,0,v,MISS Braun 2' Cutting Dunk Shot,Missed Shot,Cutting Dunk Shot,1,2,165,0042400225,2025-05-13
0042400225,227,PT07M06.00S,2,1610612760,OKC,1631096,Holmgren,C. Holmgren,0,0,0,,0,,,0,h,Holmgren REBOUND (Off:0 Def:3),Rebound,Unknown,1,0,166,0042400225,2025-05-13
0042400225,228,PT07M00.00S,2,1610612760,OKC,1629652,Dort,L. Dort,0,0,0,,0,,,0,h,Dort Lost Ball Turnover (P2.T6),Turnover,Lost Ball,1,0,167,0042400225,2025-05-13
0042400225,228,PT07M00.00S,2,1610612743,DEN,1631124,Strawther,J. Strawther,0,0,0,,0,,,0,v,Strawther STEAL (1 STL),,,1,0,168,0042400225,2025-05-13
0042400225,231,PT06M48.00S,2,1610612743,DEN,203999,Jokić,N. Jokić,40,10,4,Missed,1,,,0,v,MISS Jokic 4' Floating Jump Shot,Missed Shot,Floating Jump shot,1,2,169,0042400225,2025-05-13
0042400225,232,PT06M46.00S,2,1610612743,DEN,203999,Jokić,N. Jokić,0,0,0,,0,,,0,v,Jokic REBOUND (Off:3 Def:4),Rebound,Unknown,1,0,170,0042400225,2025-05-13
0042400225,233,PT06M46.00S,2,1610612743,DEN,203999,Jokić,N. Jokić,0,0,0,Made,1,33,40,73,v,Jokic Tip Layup Shot (11 PTS),Made Shot,Tip Layup Shot,1,2,171,0042400225,2025-05-13
0042400225,234,PT06M46.00S,2,0,,1610612760,,,0,0,0,,0,,,0,h,THUNDER Timeout: Regular (Full 3 Short 0),Timeout,Regular,0,0,172,0042400225,2025-05-13
0042400225,235,PT06M46.00S,2,1610612760,OKC,1628983,Gilgeous-Alexander,S. Gilgeous-Alexander,0,0,0,,0,,,0,h,SUB: Hartenstein FOR Gilgeous-Alexander,Substitution,,0,0,173,0042400225,2025-05-13
0042400225,236,PT06M46.00S,2,1610612760,OKC,1629652,Dort,L. Dort,0,0,0,,0,,,0,h,SUB: Wallace FOR Dort,Substitution,,0,0,174,0042400225,2025-05-13
0042400225,237,PT06M46.00S,2,1610612760,OKC,1631096,Holmgren,C. Holmgren,0,0,0,,0,,,0,h,SUB: Jal. Williams FOR Holmgren,Substitution,,0,0,175,0042400225,2025-05-13
0042400225,238,PT06M46.00S,2,1610612760,OKC,1630198,Joe,I. Joe,0,0,0,,0,,,0,h,SUB: Wiggins FOR Joe,Substitution,,0,0,176,0042400225,2025-05-13
0042400225,239,PT06M46.00S,2,1610612760,OKC,1631119,Williams,J. Williams,0,0,0,,0,,,0,h,SUB: Caruso FOR Jay. Williams,Substitution,,0,0,177,0042400225,2025-05-13
0042400225,245,PT06M29.00S,2,1610612760,OKC,1631114,Williams,J. Williams,137,137,19,Made,1,35,40,75,h,Jal. Williams 19' Pullup Jump Shot (11 PTS) (Hartenstein 1 AST),Made Shot,Pullup Jump shot,1,2,178,0042400225,2025-05-13
0042400225,247,PT06M08.00S,2,1610612743,DEN,203999,Jokić,N. Jokić,-71,52,9,Missed,1,,,0,v,MISS Jokic 9' Floating Jump Shot,Missed Shot,Floating Jump shot,1,2,179,0042400225,2025-05-13
0042400225,248,PT06M04.00S,2,1610612760,OKC,1627936,Caruso,A. Caruso,0,0,0,,0,,,0,h,Caruso REBOUND (Off:0 Def:2),Rebound,Unknown,1,0,180,0042400225,2025-05-13
0042400225,249,PT05M57.00S,2,1610612760,OKC,1630598,Wiggins,A. Wiggins,37,9,4,Missed,1,,,0,h,MISS Wiggins 4' Driving Layup,Missed Shot,Driving Layup Shot,1,2,181,0042400225,2025-05-13
0042400225,250,PT05M55.00S,2,1610612743,DEN,1631124,Strawther,J. Strawther,0,0,0,,0,,,0,v,Strawther REBOUND (Off:0 Def:1),Rebound,Unknown,1,0,182,0042400225,2025-05-13
0042400225,251,PT05M50.00S,2,1610612743,DEN,201566,Westbrook,R. Westbrook,0,0,0,,0,,,0,v,Westbrook Bad Pass Turnover (P2.T8),Turnover,Bad Pass,1,0,183,0042400225,2025-05-13
0042400225,251,PT05M50.00S,2,1610612760,OKC,1641717,Wallace,C. Wallace,0,0,0,,0,,,0,h,Wallace STEAL (2 STL),,,1,0,184,0042400225,2025-05-13
0042400225,253,PT05M44.00S,2,1610612760,OKC,1630598,Wiggins,A. Wiggins,205,151,25,Made,1,38,40,78,h,Wiggins 25' 3PT Running Jump Shot (3 PTS) (Caruso 1 AST),Made Shot,Running Jump Shot,1,3,185,0042400225,2025-05-13
0042400225,255,PT05M24.00S,2,1610612743,DEN,1631128,Braun,C. Braun,-12,23,3,Made,1,38,42,80,v,Braun 3' Cutting Layup Shot (8 PTS) (Westbrook 3 AST),Made Shot,Cutting Layup Shot,1,2,186,0042400225,2025-05-13
0042400225,257,PT05M08.00S,2,1610612760,OKC,1627936,Caruso,A. Caruso,-229,42,0,Made,1,41,42,83,h,Caruso 3PT Jump Shot (8 PTS) (Hartenstein 2 AST),Made Shot,Jump Shot,1,3,187,0042400225,2025-05-13
0042400225,259,PT05M07.00S,2,0,,1610612743,,,0,0,0,,0,,,0,v,Nuggets Timeout: Regular (Reg.2 Short 0),Timeout,Regular,0,0,188,0042400225,2025-05-13
0042400225,260,PT05M07.00S,2,1610612743,DEN,1631124,Strawther,J. Strawther,0,0,0,,0,,,0,v,SUB: Murray FOR Strawther,Substitution,,0,0,189,0042400225,2025-05-13
0042400225,261,PT05M07.00S,2,1610612743,DEN,201566,Westbrook,R. Westbrook,0,0,0,,0,,,0,v,SUB: Gordon FOR Westbrook,Substitution,,0,0,190,0042400225,2025-05-13
0042400225,264,PT04M51.00S,2,1610612743,DEN,203932,Gordon,A. Gordon,-15,15,2,Made,1,41,44,85,v,Gordon 2' Layup (10 PTS),Made Shot,Layup Shot,1,2,191,0042400225,2025-05-13
0042400225,265,PT04M40.00S,2,1610612760,OKC,1628392,Hartenstein,I. Hartenstein,15,100,10,Made,1,43,44,87,h,Hartenstein 10' Floating Jump Shot (6 PTS) (Jal. Williams 3 AST),Made Shot,Floating Jump shot,1,2,192,0042400225,2025-05-13
0042400225,267,PT04M27.00S,2,1610612743,DEN,203999,Jokić,N. Jokić,-59,6,6,Made,1,43,46,89,v,Jokic 6' Turnaround Hook Shot (13 PTS),Made Shot,Turnaround Hook Shot,1,2,193,0042400225,2025-05-13
0042400225,268,PT04M17.00S,2,1610612760,OKC,1630598,Wiggins,A. Wiggins,195,189,27,Missed,1,,,0,h,MISS Wiggins 27' 3PT Jump Shot,Missed Shot,Jump Shot,1,3,194,0042400225,2025-05-13
0042400225,269,PT04M16.00S,2,0,,1610612743,,,0,0,0,,0,,,0,v,Nuggets Rebound,Rebound,Unknown,1,0,195,0042400225,2025-05-13
0042400225,271,PT04M01.00S,2,1610612743,DEN,203999,Jokić,N. Jokić,-7,259,26,Made,1,43,49,92,v,Jokic 26' 3PT Jump Shot (16 PTS) (Porter Jr. 1 AST),Made Shot,Jump Shot,1,3,196,0042400225,2025-05-13
0042400225,273,PT03M47.00S,2,1610612760,OKC,1628392,Hartenstein,I. Hartenstein,-58,21,6,Missed,1,,,0,h,MISS Hartenstein 6' Floating Jump Shot,Missed Shot,Floating Jump shot,1,2,197,0042400225,2025-05-13
0042400225,274,PT03M44.00S,2,1610612743,DEN,1631128,Braun,C. Braun,0,0,0,,0,,,0,v,Braun REBOUND (Off:0 Def:4),Rebound,Unknown,1,0,198,0042400225,2025-05-13
0042400225,275,PT03M32.00S,2,1610612743,DEN,1627750,Murray,J. Murray,-10,12,2,Made,1,43,51,94,v,Murray 2' Driving Reverse Layup (9 PTS) (Gordon 2 AST),Made Shot,Driving Reverse Layup Shot,1,2,199,0042400225,2025-05-13
0042400225,277,PT03M24.00S,2,1610612760,OKC,1630598,Wiggins,A. Wiggins,173,183,25,Missed,1,,,0,h,MISS Wiggins 25' 3PT Jump Shot,Missed Shot,Jump Shot,1,3,200,0042400225,2025-05-13
0042400225,278,PT03M21.00S,2,1610612743,DEN,203999,Jokić,N. Jokić,0,0,0,,0,,,0,v,Jokic REBOUND (Off:3 Def:5),Rebound,Unknown,1,0,201,0042400225,2025-05-13
0042400225,279,PT03M20.00S,2,1610612743,DEN,203932,Gordon,A. Gordon,0,0,0,,0,,,0,v,Gordon Out of Bounds Lost Ball Turnover (P2.T9),Turnover,Out of Bounds Lost Ball Turnover,1,0,202,0042400225,2025-05-13
0042400225,280,PT03M20.00S,2,1610612760,OKC,1630598,Wiggins,A. Wiggins,0,0,0,,0,,,0,h,SUB: Gilgeous-Alexander FOR Wiggins,Substitution,,0,0,203,0042400225,2025-05-13
0042400225,282,PT03M12.00S,2,1610612760,OKC,1627936,Caruso,A. Caruso,-28,-5,3,Missed,1,,,0,h,MISS Caruso 3' Driving Layup,Missed Shot,Driving Layup Shot,1,2,204,0042400225,2025-05-13
0042400225,283,PT03M10.00S,2,1610612743,DEN,203999,Jokić,N. Jokić,0,0,0,,0,,,0,v,Jokic REBOUND (Off:3 Def:6),Rebound,Unknown,1,0,205,0042400225,2025-05-13
0042400225,284,PT03M08.00S,2,1610612760,OKC,1641717,Wallace,C. Wallace,0,0,0,,0,,,0,h,Wallace S.FOUL (P1.T2) (D.Guthrie),Foul,Shooting,1,0,206,0042400225,2025-05-13
0042400225,286,PT03M08.00S,2,1610612743,DEN,1627750,Murray,J. Murray,0,0,0,,0,43,52,95,v,Murray Free Throw 1 of 2 (10 PTS),Free Throw,Free Throw 1 of 2,1,0,207,0042400225,2025-05-13
0042400225,287,PT03M08.00S,2,1610612743,DEN,1627750,Murray,J. Murray,0,0,0,,0,43,53,96,v,Murray Free Throw 2 of 2 (11 PTS),Free Throw,Free Throw 2 of 2,1,0,208,0042400225,2025-05-13
0042400225,288,PT03M00.00S,2,1610612760,OKC,1628392,Hartenstein,I. Hartenstein,65,20,7,Made,1,45,53,98,h,Hartenstein 7' Hook Shot (8 PTS) (Wallace 2 AST),Made Shot,Hook Shot,1,2,209,0042400225,2025-05-13
0042400225,290,PT02M36.00S,2,1610612743,DEN,1627750,Murray,J. Murray,-70,15,7,Missed,1,,,0,v,MISS Murray 7' Driving Layup,Missed Shot,Driving Layup Shot,1,2,210,0042400225,2025-05-13
0042400225,290,PT02M36.00S,2,1610612760,OKC,1628983,Gilgeous-Alexander,S. Gilgeous-Alexander,0,0,0,,0,,,0,h,Gilgeous-Alexander BLOCK (2 BLK),,,1,2,211,0042400225,2025-05-13
0042400225,292,PT02M36.00S,2,0,,1610612743,,,0,0,0,,0,,,0,v,Nuggets Rebound,Rebound,Unknown,0,0,212,0042400225,2025-05-13
0042400225,294,PT02M36.00S,2,1610612760,OKC,1627936,Caruso,A. Caruso,0,0,0,,0,,,0,h,SUB: Holmgren FOR Caruso,Substitution,,0,0,213,0042400225,2025-05-13
0042400225,296,PT02M32.00S,2,1610612743,DEN,203999,Jokić,N. Jokić,-192,199,28,Made,1,45,56,101,v,Jokic 28' 3PT Jump Shot (19 PTS) (Porter Jr. 2 AST),Made Shot,Jump Shot,0,3,214,0042400225,2025-05-13
0042400225,298,PT02M23.00S,2,1610612760,OKC,1628983,Gilgeous-Alexander,S. Gilgeous-Alexander,-120,140,18,Made,1,47,56,103,h,Gilgeous-Alexander 18' Pullup Jump Shot (8 PTS),Made Shot,Pullup Jump shot,1,2,215,0042400225,2025-05-13
0042400225,299,PT02M09.00S,2,1610612743,DEN,1631128,Braun,C. Braun,-159,202,26,Missed,1,,,0,v,MISS Braun 26' 3PT Jump Shot,Missed Shot,Jump Shot,1,3,216,0042400225,2025-05-13
0042400225,300,PT02M09.00S,2,0,,1610612743,,,0,0,0,,0,,,0,v,Nuggets Rebound,Rebound,Unknown,1,0,217,0042400225,2025-05-13
0042400225,301,PT02M08.00S,2,1610612760,OKC,1631096,Holmgren,C. Holmgren,0,0,0,,0,,,0,h,Holmgren L.B.FOUL (P2.T3) (Z.Zarba),Foul,Loose Ball,1,0,218,0042400225,2025-05-13
0042400225,303,PT01M55.00S,2,1610612743,DEN,203999,Jokić,N. Jokić,-130,78,15,Missed,1,,,0,v,MISS Jokic 15' Turnaround Fadeaway Shot,Missed Shot,Turnaround Fadeaway shot,1,2,219,0042400225,2025-05-13
0042400225,304,PT01M50.00S,2,1610612760,OKC,1628983,Gilgeous-Alexander,S. Gilgeous-Alexander,0,0,0,,0,,,0,h,Gilgeous-Alexander REBOUND (Off:1 Def:1),Rebound,Unknown,1,0,220,0042400225,2025-05-13
0042400225,305,PT01M45.00S,2,1610612760,OKC,1631096,Holmgren,C. Holmgren,2,0,0,Made,1,49,56,105,h,Holmgren Running Dunk (9 PTS) (Gilgeous-Alexander 3 AST),Made Shot,Running Dunk Shot,1,2,221,0042400225,2025-05-13
0042400225,307,PT01M22.00S,2,1610612743,DEN,1631128,Braun,C. Braun,-228,2,0,Missed,1,,,0,v,MISS Braun 3PT Jump Shot,Missed Shot,Jump Shot,1,3,222,0042400225,2025-05-13
0042400225,308,PT01M19.00S,2,1610612760,OKC,1628392,Hartenstein,I. Hartenstein,0,0,0,,0,,,0,h,Hartenstein REBOUND (Off:0 Def:3),Rebound,Unknown,1,0,223,0042400225,2025-05-13
0042400225,309,PT01M09.00S,2,1610612760,OKC,1631096,Holmgren,C. Holmgren,-156,194,25,Missed,1,,,0,h,MISS Holmgren 25' 3PT Jump Shot,Missed Shot,Jump Shot,1,3,224,0042400225,2025-05-13
0042400225,310,PT01M06.00S,2,1610612743,DEN,1629008,Porter Jr.,M. Porter Jr.,0,0,0,,0,,,0,v,Porter Jr. REBOUND (Off:1 Def:1),Rebound,Unknown,1,0,225,0042400225,2025-05-13
0042400225,311,PT01M01.00S,2,1610612743,DEN,1627750,Murray,J. Murray,0,0,0,,0,,,0,v,Murray Bad Pass Turnover (P3.T10),Turnover,Bad Pass,1,0,226,0042400225,2025-05-13
0042400225,311,PT01M01.00S,2,1610612760,OKC,1628983,Gilgeous-Alexander,S. Gilgeous-Alexander,0,0,0,,0,,,0,h,Gilgeous-Alexander STEAL (1 STL),,,1,0,227,0042400225,2025-05-13
0042400225,313,PT00M55.30S,2,1610612760,OKC,1628983,Gilgeous-Alexander,S. Gilgeous-Alexander,6,9,1,Made,1,51,56,107,h,Gilgeous-Alexander 1' Driving Layup (10 PTS),Made Shot,Driving Layup Shot,1,2,228,0042400225,2025-05-13
0042400225,314,PT00M55.30S,2,1610612743,DEN,1627750,Murray,J. Murray,0,0,0,,0,,,0,v,Murray S.FOUL (P1.T4) (Z.Zarba),Foul,Shooting,1,0,229,0042400225,2025-05-13
0042400225,316,PT00M55.30S,2,1610612760,OKC,1628983,Gilgeous-Alexander,S. Gilgeous-Alexander,0,0,0,,0,52,56,108,h,Gilgeous-Alexander Free Throw 1 of 1 (11 PTS),Free Throw,Free Throw 1 of 1,1,0,230,0042400225,2025-05-13
0042400225,317,PT00M33.80S,2,1610612743,DEN,203999,Jokić,N. Jokić,-185,199,27,Missed,1,,,0,v,MISS Jokic 27' 3PT Jump Shot,Missed Shot,Jump Shot,1,3,231,0042400225,2025-05-13
0042400225,318,PT00M30.70S,2,1610612760,OKC,1641717,Wallace,C. Wallace,0,0,0,,0,,,0,h,Wallace REBOUND (Off:0 Def:1),Rebound,Unknown,1,0,232,0042400225,2025-05-13
0042400225,319,PT00M27.00S,2,1610612743,DEN,1627750,Murray,J. Murray,0,0,0,,0,,,0,v,Murray S.FOUL (P2.PN) (D.Guthrie),Foul,Shooting,1,0,233,0042400225,2025-05-13
0042400225,321,PT00M27.00S,2,1610612760,OKC,1641717,Wallace,C. Wallace,0,0,0,,0,53,56,109,h,Wallace Free Throw 1 of 2 (3 PTS),Free Throw,Free Throw 1 of 2,1,0,234,0042400225,2025-05-13
0042400225,322,PT00M27.00S,2,1610612760,OKC,1631096,Holmgren,C. Holmgren,0,0,0,,0,,,0,h,SUB: Caruso FOR Holmgren,Substitution,,0,0,235,0042400225,2025-05-13
0042400225,324,PT00M27.00S,2,1610612760,OKC,1641717,Wallace,C. Wallace,0,0,0,,0,54,56,110,h,Wallace Free Throw 2 of 2 (4 PTS),Free Throw,Free Throw 2 of 2,1,0,236,0042400225,2025-05-13
0042400225,325,PT00M02.80S,2,1610612743,DEN,1627750,Murray,J. Murray,17,127,13,Missed,1,,,0,v,MISS Murray 13' Jump Shot,Missed Shot,Jump Shot,1,2,237,0042400225,2025-05-13
0042400225,326,PT00M02.80S,2,1610612760,OKC,1628392,Hartenstein,I. Hartenstein,0,0,0,,0,,,0,h,Hartenstein REBOUND (Off:0 Def:4),Rebound,Unknown,1,0,238,0042400225,2025-05-13
0042400225,327,PT00M00.00S,2,0,,0,,,0,0,0,,0,54,56,110,,End of 2nd Period (10:46 PM EST),period,end,1,0,239,0042400225,2025-05-13
0042400225,332,PT12M00.00S,3,0,,0,,,0,0,0,,0,54,56,110,,Start of 3rd Period (11:02 PM EST),period,start,0,0,240,0042400225,2025-05-13
0042400225,333,PT11M39.00S,3,1610612743,DEN,1627750,Murray,J. Murray,-32,189,19,Missed,1,,,0,v,MISS Murray 19' Pullup Jump Shot,Missed Shot,Pullup Jump shot,1,2,241,0042400225,2025-05-13
0042400225,334,PT11M38.00S,3,1610612760,OKC,1628983,Gilgeous-Alexander,S. Gilgeous-Alexander,0,0,0,,0,,,0,h,Gilgeous-Alexander REBOUND (Off:1 Def:2),Rebound,Unknown,1,0,242,0042400225,2025-05-13
0042400225,335,PT11M32.00S,3,1610612760,OKC,1628983,Gilgeous-Alexander,S. Gilgeous-Alexander,1,8,1,Made,1,56,56,112,h,Gilgeous-Alexander 1' Running Layup (13 PTS),Made Shot,Running Layup Shot,1,2,243,0042400225,2025-05-13
0042400225,336,PT11M20.00S,3,1610612743,DEN,203999,Jokić,N. Jokić,80,250,26,Made,1,56,59,115,v,Jokic 26' 3PT Jump Shot (22 PTS) (Murray 3 AST),Made Shot,Jump Shot,1,3,244,0042400225,2025-05-13
0042400225,338,PT11M07.00S,3,1610612760,OKC,1628392,Hartenstein,I. Hartenstein,11,8,1,Made,1,58,59,117,h,Hartenstein 1' Alley Oop Dunk (10 PTS) (Holmgren 1 AST),Made Shot,Alley Oop Dunk Shot,1,2,245,0042400225,2025-05-13
0042400225,340,PT11M07.00S,3,1610612743,DEN,1629008,Porter Jr.,M. Porter Jr.,0,0,0,,0,,,0,v,Porter Jr. S.FOUL (P3.T1) (C.Blair),Foul,Shooting,1,0,246,0042400225,2025-05-13
0042400225,342,PT11M07.00S,3,1610612760,OKC,1628392,Hartenstein,I. Hartenstein,0,0,0,,0,59,59,118,h,Hartenstein Free Throw 1 of 1 (11 PTS),Free Throw,Free Throw 1 of 1,1,0,247,0042400225,2025-05-13
0042400225,343,PT10M59.00S,3,1610612743,DEN,203932,Gordon,A. Gordon,-6,11,1,Missed,1,,,0,v,MISS Gordon 1' Driving Dunk,Missed Shot,Driving Dunk Shot,1,2,248,0042400225,2025-05-13
0042400225,343,PT10M59.00S,3,1610612760,OKC,1628392,Hartenstein,I. Hartenstein,0,0,0,,0,,,0,h,Hartenstein BLOCK (1 BLK),,,1,2,249,0042400225,2025-05-13
0042400225,345,PT10M58.00S,3,0,,1610612743,,,0,0,0,,0,,,0,v,Nuggets Rebound,Rebound,Unknown,0,0,250,0042400225,2025-05-13
0042400225,347,PT10M53.00S,3,1610612743,DEN,203999,Jokić,N. Jokić,16,38,4,Made,1,59,61,120,v,Jokic 4' Turnaround Hook Shot (24 PTS),Made Shot,Turnaround Hook Shot,1,2,251,0042400225,2025-05-13
0042400225,348,PT10M42.00S,3,1610612760,OKC,1631114,Williams,J. Williams,10,10,1,Missed,1,,,0,h,MISS Jal. Williams 1' Driving Layup,Missed Shot,Driving Layup Shot,1,2,252,0042400225,2025-05-13
0042400225,349,PT10M41.00S,3,1610612760,OKC,1628392,Hartenstein,I. Hartenstein,0,0,0,,0,,,0,h,Hartenstein REBOUND (Off:1 Def:4),Rebound,Unknown,1,0,253,0042400225,2025-05-13
0042400225,359,PT10M41.00S,3,1610612760,OKC,1628392,Hartenstein,I. Hartenstein,7,13,1,Missed,1,,,0,h,MISS Hartenstein 1' Tip Layup Shot,Missed Shot,Tip Layup Shot,1,2,254,0042400225,2025-05-13
0042400225,360,PT10M40.00S,3,1610612743,DEN,203999,Jokić,N. Jokić,0,0,0,,0,,,0,v,Jokic REBOUND (Off:3 Def:7),Rebound,Unknown,1,0,255,0042400225,2025-05-13
0042400225,350,PT10M27.00S,3,1610612743,DEN,1627750,Murray,J. Murray,-6,-5,1,Made,1,59,63,122,v,Murray 1' Driving Reverse Layup (13 PTS) (Jokic 4 AST),Made Shot,Driving Reverse Layup Shot,1,2,256,0042400225,2025-05-13
0042400225,352,PT10M27.00S,3,1610612760,OKC,1631096,Holmgren,C. Holmgren,0,0,0,,0,,,0,h,Holmgren S.FOUL (P3.T1) (C.Blair),Foul,Shooting,1,0,257,0042400225,2025-05-13
0042400225,354,PT10M27.00S,3,1610612743,DEN,1627750,Murray,J. Murray,0,0,0,,0,59,64,123,v,Murray Free Throw 1 of 1 (14 PTS),Free Throw,Free Throw 1 of 1,1,0,258,0042400225,2025-05-13
0042400225,355,PT10M16.00S,3,1610612760,OKC,1628983,Gilgeous-Alexander,S. Gilgeous-Alexander,-12,7,1,Made,1,61,64,125,h,Gilgeous-Alexander 1' Driving Layup (15 PTS),Made Shot,Driving Layup Shot,1,2,259,0042400225,2025-05-13
0042400225,356,PT09M56.00S,3,1610612743,DEN,1627750,Murray,J. Murray,49,37,6,Made,1,61,66,127,v,Murray 6' Driving Layup (16 PTS),Made Shot,Driving Layup Shot,1,2,260,0042400225,2025-05-13
0042400225,357,PT09M46.00S,3,1610612760,OKC,1628983,Gilgeous-Alexander,S. Gilgeous-Alexander,-32,134,14,Made,1,63,66,129,h,Gilgeous-Alexander 14' Step Back Jump Shot (17 PTS),Made Shot,Step Back Jump shot,1,2,261,0042400225,2025-05-13
0042400225,358,PT09M44.00S,3,0,,1610612743,,,0,0,0,,0,,,0,v,Nuggets Timeout: Regular (Reg.3 Short 0),Timeout,Regular,0,0,262,0042400225,2025-05-13
0042400225,363,PT09M22.00S,3,1610612743,DEN,203932,Gordon,A. Gordon,228,67,24,Missed,1,,,0,v,MISS Gordon 24' 3PT Jump Shot,Missed Shot,Jump Shot,1,3,263,0042400225,2025-05-13
0042400225,364,PT09M19.00S,3,1610612760,OKC,1628392,Hartenstein,I. Hartenstein,0,0,0,,0,,,0,h,Hartenstein REBOUND (Off:1 Def:5),Rebound,Unknown,1,0,264,0042400225,2025-05-13
0042400225,365,PT09M13.00S,3,1610612760,OKC,1628983,Gilgeous-Alexander,S. Gilgeous-Alexander,10,7,1,Made,1,65,66,131,h,Gilgeous-Alexander 1' Driving Layup (19 PTS),Made Shot,Driving Layup Shot,1,2,265,0042400225,2025-05-13
0042400225,366,PT09M03.00S,3,1610612760,OKC,1628392,Hartenstein,I. Hartenstein,0,0,0,,0,,,0,h,Hartenstein P.FOUL (P2.T2) (D.Guthrie),Foul,Personal,1,0,266,0042400225,2025-05-13
0042400225,368,PT08M54.00S,3,1610612743,DEN,203999,Jokić,N. Jokić,64,245,25,Made,1,65,69,134,v,Jokic 25' 3PT Pullup Jump Shot (27 PTS),Made Shot,Pullup Jump shot,1,3,267,0042400225,2025-05-13
0042400225,369,PT08M33.00S,3,1610612760,OKC,1629652,Dort,L. Dort,229,-14,0,Missed,1,,,0,h,MISS Dort 3PT Jump Shot,Missed Shot,Jump Shot,1,3,268,0042400225,2025-05-13
0042400225,370,PT08M29.00S,3,1610612743,DEN,1631128,Braun,C. Braun,0,0,0,,0,,,0,v,Braun REBOUND (Off:0 Def:5),Rebound,Unknown,1,0,269,0042400225,2025-05-13
0042400225,371,PT08M20.00S,3,1610612743,DEN,1627750,Murray,J. Murray,107,246,27,Made,1,65,72,137,v,Murray 27' 3PT Jump Shot (19 PTS) (Gordon 3 AST),Made Shot,Jump Shot,1,3,270,0042400225,2025-05-13
0042400225,373,PT08M04.00S,3,1610612760,OKC,1629652,Dort,L. Dort,-105,239,26,Made,1,68,72,140,h,Dort 26' 3PT Jump Shot (3 PTS) (Jal. Williams 4 AST),Made Shot,Jump Shot,1,3,271,0042400225,2025-05-13
0042400225,375,PT07M44.00S,3,1610612743,DEN,1629008,Porter Jr.,M. Porter Jr.,143,209,25,Missed,1,,,0,v,MISS Porter Jr. 25' 3PT Jump Shot,Missed Shot,Jump Shot,1,3,272,0042400225,2025-05-13
0042400225,376,PT07M41.00S,3,1610612760,OKC,1628983,Gilgeous-Alexander,S. Gilgeous-Alexander,0,0,0,,0,,,0,h,Gilgeous-Alexander REBOUND (Off:1 Def:3),Rebound,Unknown,1,0,273,0042400225,2025-05-13
0042400225,377,PT07M34.00S,3,1610612760,OKC,1628983,Gilgeous-Alexander,S. Gilgeous-Alexander,-72,118,14,Missed,1,,,0,h,MISS Gilgeous-Alexander 14' Fadeaway Jumper,Missed Shot,Fadeaway Jump Shot,1,2,274,0042400225,2025-05-13
0042400225,378,PT07M32.00S,3,1610612743,DEN,1629008,Porter Jr.,M. Porter Jr.,0,0,0,,0,,,0,v,Porter Jr. REBOUND (Off:1 Def:2),Rebound,Unknown,1,0,275,0042400225,2025-05-13
0042400225,379,PT07M21.00S,3,1610612743,DEN,1627750,Murray,J. Murray,86,246,26,Made,1,68,75,143,v,Murray 26' 3PT Pullup Jump Shot (22 PTS) (Jokic 5 AST),Made Shot,Pullup Jump shot,1,3,276,0042400225,2025-05-13
0042400225,381,PT07M02.00S,3,1610612760,OKC,1631096,Holmgren,C. Holmgren,0,8,1,Missed,1,,,0,h,MISS Holmgren 1' Layup,Missed Shot,Layup Shot,1,2,277,0042400225,2025-05-13
0042400225,382,PT07M00.00S,3,1610612743,DEN,203932,Gordon,A. Gordon,0,0,0,,0,,,0,v,Gordon REBOUND (Off:0 Def:3),Rebound,Unknown,1,0,278,0042400225,2025-05-13
0042400225,383,PT06M40.00S,3,1610612743,DEN,1627750,Murray,J. Murray,82,173,19,Made,1,68,77,145,v,Murray 19' Turnaround Fadeaway (24 PTS),Made Shot,Turnaround Fadeaway shot,1,2,279,0042400225,2025-05-13
0042400225,384,PT06M30.00S,3,1610612760,OKC,1628983,Gilgeous-Alexander,S. Gilgeous-Alexander,0,0,0,,0,,,0,h,Gilgeous-Alexander Lost Ball Turnover (P5.T7),Turnover,Lost Ball,1,0,280,0042400225,2025-05-13
0042400225,384,PT06M30.00S,3,1610612743,DEN,203999,Jokić,N. Jokić,0,0,0,,0,,,0,v,Jokic STEAL (1 STL),,,1,0,281,0042400225,2025-05-13
0042400225,386,PT06M16.00S,3,1610612743,DEN,1631128,Braun,C. Braun,201,164,26,Missed,1,,,0,v,MISS Braun 26' 3PT Jump Shot,Missed Shot,Jump Shot,1,3,282,0042400225,2025-05-13
0042400225,387,PT06M12.00S,3,1610612743,DEN,203932,Gordon,A. Gordon,0,0,0,,0,,,0,v,Gordon REBOUND (Off:1 Def:3),Rebound,Unknown,1,0,283,0042400225,2025-05-13
0042400225,388,PT06M10.00S,3,1610612743,DEN,203932,Gordon,A. Gordon,0,0,0,,0,,,0,v,Gordon Lost Ball Turnover (P3.T11),Turnover,Lost Ball,1,0,284,0042400225,2025-05-13
0042400225,388,PT06M10.00S,3,1610612760,OKC,1631096,Holmgren,C. Holmgren,0,0,0,,0,,,0,h,Holmgren STEAL (1 STL),,,1,0,285,0042400225,2025-05-13
0042400225,390,PT05M59.00S,3,1610612760,OKC,1631114,Williams,J. Williams,-17,15,2,Missed,1,,,0,h,MISS Jal. Williams 2' Cutting Layup Shot,Missed Shot,Cutting Layup Shot,1,2,286,0042400225,2025-05-13
0042400225,391,PT05M58.00S,3,1610612743,DEN,1629008,Porter Jr.,M. Porter Jr.,0,0,0,,0,,,0,v,Porter Jr. REBOUND (Off:1 Def:3),Rebound,Unknown,1,0,287,0042400225,2025-05-13
0042400225,394,PT05M47.00S,3,1610612743,DEN,1629008,Porter Jr.,M. Porter Jr.,0,0,0,,0,,,0,v,Porter Jr. OFF.Foul (P4) (D.Guthrie),Foul,Offensive,1,0,288,0042400225,2025-05-13
0042400225,396,PT05M47.00S,3,1610612743,DEN,1629008,Porter Jr.,M. Porter Jr.,0,0,0,,0,,,0,v,Porter Jr. Offensive Foul Turnover (P1.T12),Turnover,Offensive Foul Turnover,1,0,289,0042400225,2025-05-13
0042400225,397,PT05M47.00S,3,1610612760,OKC,1631096,Holmgren,C. Holmgren,0,0,0,,0,,,0,h,SUB: Caruso FOR Holmgren,Substitution,,0,0,290,0042400225,2025-05-13
0042400225,398,PT05M47.00S,3,1610612743,DEN,1629008,Porter Jr.,M. Porter Jr.,0,0,0,,0,,,0,v,SUB: Westbrook FOR Porter Jr.,Substitution,,0,0,291,0042400225,2025-05-13
0042400225,401,PT05M34.00S,3,1610612760,OKC,1631114,Williams,J. Williams,228,76,24,Missed,1,,,0,h,MISS Jal. Williams 24' 3PT Jump Shot,Missed Shot,Jump Shot,1,3,292,0042400225,2025-05-13
0042400225,402,PT05M31.00S,3,1610612743,DEN,201566,Westbrook,R. Westbrook,0,0,0,,0,,,0,v,Westbrook REBOUND (Off:0 Def:3),Rebound,Unknown,1,0,293,0042400225,2025-05-13
0042400225,403,PT05M14.00S,3,1610612760,OKC,1629652,Dort,L. Dort,0,0,0,,0,,,0,h,Dort P.FOUL (P1.T3) (Z.Zarba),Foul,Personal,1,0,294,0042400225,2025-05-13
0042400225,405,PT05M14.00S,3,1610612760,OKC,1631114,Williams,J. Williams,0,0,0,,0,,,0,h,SUB: Wallace FOR Jal. Williams,Substitution,,0,0,295,0042400225,2025-05-13
0042400225,407,PT05M07.00S,3,1610612743,DEN,203932,Gordon,A. Gordon,-233,115,26,Made,1,68,80,148,v,Gordon 26' 3PT Jump Shot (13 PTS) (Braun 2 AST),Made Shot,Jump Shot,1,3,296,0042400225,2025-05-13
0042400225,409,PT05M05.00S,3,0,,1610612760,,,0,0,0,,0,,,0,h,THUNDER Timeout: Regular (Full 4 Short 0),Timeout,Regular,0,0,297,0042400225,2025-05-13
0042400225,410,PT05M05.00S,3,1610612760,OKC,1629652,Dort,L. Dort,0,0,0,,0,,,0,h,SUB: Jay. Williams FOR Dort,Substitution,,0,0,298,0042400225,2025-05-13
0042400225,411,PT05M05.00S,3,1610612760,OKC,1628392,Hartenstein,I. Hartenstein,0,0,0,,0,,,0,h,SUB: Holmgren FOR Hartenstein,Substitution,,0,0,299,0042400225,2025-05-13
0042400225,414,PT04M53.00S,3,1610612743,DEN,203999,Jokić,N. Jokić,0,0,0,,0,,,0,v,Jokic S.FOUL (P1.T2) (Z.Zarba),Foul,Shooting,1,0,300,0042400225,2025-05-13
0042400225,416,PT04M53.00S,3,1610612760,OKC,1631096,Holmgren,C. Holmgren,0,0,0,,0,69,80,149,h,Holmgren Free Throw 1 of 2 (10 PTS),Free Throw,Free Throw 1 of 2,1,0,301,0042400225,2025-05-13
0042400225,417,PT04M53.00S,3,1610612760,OKC,1631096,Holmgren,C. Holmgren,0,0,0,,0,,,0,h,MISS Holmgren Free Throw 2 of 2,Free Throw,Free Throw 2 of 2,1,0,302,0042400225,2025-05-13
0042400225,418,PT04M50.00S,3,1610612760,OKC,1631096,Holmgren,C. Holmgren,0,0,0,,0,,,0,h,Holmgren REBOUND (Off:1 Def:3),Rebound,Unknown,1,0,303,0042400225,2025-05-13
0042400225,419,PT04M38.00S,3,1610612760,OKC,1631119,Williams,J. Williams,45,4,5,Made,1,71,80,151,h,Jay. Williams 5' Floating Jump Shot (2 PTS) (Gilgeous-Alexander 4 AST),Made Shot,Floating Jump shot,1,2,304,0042400225,2025-05-13
0042400225,421,PT04M16.00S,3,1610612743,DEN,1627750,Murray,J. Murray,7,8,1,Missed,1,,,0,v,MISS Murray 1' Driving Layup,Missed Shot,Driving Layup Shot,1,2,305,0042400225,2025-05-13
0042400225,422,PT04M12.00S,3,1610612760,OKC,1641717,Wallace,C. Wallace,0,0,0,,0,,,0,h,Wallace REBOUND (Off:0 Def:2),Rebound,Unknown,1,0,306,0042400225,2025-05-13
0042400225,423,PT04M05.00S,3,1610612760,OKC,1631119,Williams,J. Williams,-230,-37,0,Missed,1,,,0,h,MISS Jay. Williams 3PT Jump Shot,Missed Shot,Jump Shot,1,3,307,0042400225,2025-05-13
0042400225,424,PT04M03.00S,3,1610612760,OKC,1627936,Caruso,A. Caruso,0,0,0,,0,,,0,h,Caruso REBOUND (Off:1 Def:2),Rebound,Unknown,1,0,308,0042400225,2025-05-13
0042400225,425,PT04M01.00S,3,1610612760,OKC,1631096,Holmgren,C. Holmgren,-6,5,1,Made,1,73,80,153,h,Holmgren 1' Cutting Dunk Shot (12 PTS) (Caruso 2 AST),Made Shot,Cutting Dunk Shot,1,2,309,0042400225,2025-05-13
0042400225,427,PT03M46.00S,3,1610612743,DEN,203999,Jokić,N. Jokić,0,0,0,,0,,,0,v,Jokic OFF.Foul (P2) (D.Guthrie),Foul,Offensive,1,0,310,0042400225,2025-05-13
0042400225,429,PT03M46.00S,3,1610612743,DEN,203999,Jokić,N. Jokić,0,0,0,,0,,,0,v,Jokic Offensive Foul Turnover (P1.T13),Turnover,Offensive Foul Turnover,1,0,311,0042400225,2025-05-13
0042400225,430,PT03M35.00S,3,1610612760,OKC,1631096,Holmgren,C. Holmgren,0,0,0,,0,,,0,h,Holmgren Out of Bounds - Bad Pass Turnover Turnover (P1.T8),Turnover,Out of Bounds - Bad Pass Turnover,1,0,312,0042400225,2025-05-13
0042400225,431,PT03M21.00S,3,1610612743,DEN,1627750,Murray,J. Murray,82,250,26,Missed,1,,,0,v,MISS Murray 26' 3PT Jump Shot,Missed Shot,Jump Shot,1,3,313,0042400225,2025-05-13
0042400225,432,PT03M18.00S,3,1610612760,OKC,1628983,Gilgeous-Alexander,S. Gilgeous-Alexander,0,0,0,,0,,,0,h,Gilgeous-Alexander REBOUND (Off:1 Def:4),Rebound,Unknown,1,0,314,0042400225,2025-05-13
0042400225,433,PT03M16.00S,3,1610612743,DEN,201566,Westbrook,R. Westbrook,0,0,0,,0,,,0,v,Westbrook P.FOUL (P3.T3) (D.Guthrie),Foul,Personal,1,0,315,0042400225,2025-05-13
0042400225,435,PT03M16.00S,3,1610612743,DEN,203932,Gordon,A. Gordon,0,0,0,,0,,,0,v,SUB: Watson FOR Gordon,Substitution,,0,0,316,0042400225,2025-05-13
0042400225,437,PT03M11.00S,3,1610612760,OKC,1641717,Wallace,C. Wallace,0,0,0,,0,,,0,h,Wallace Traveling Turnover (P1.T9),Turnover,Traveling,1,0,317,0042400225,2025-05-13
0042400225,438,PT02M54.00S,3,1610612743,DEN,203999,Jokić,N. Jokić,53,115,13,Made,1,73,82,155,v,Jokic 13' Driving Floating Jump Shot (29 PTS) (Braun 3 AST),Made Shot,Driving Floating Jump Shot,1,2,318,0042400225,2025-05-13
0042400225,440,PT02M39.00S,3,1610612760,OKC,1631119,Williams,J. Williams,0,0,0,,0,,,0,h,Jay. Williams Offensive Charge Foul (P1) (C.Blair),Foul,Offensive Charge,1,0,319,0042400225,2025-05-13
0042400225,442,PT02M39.00S,3,1610612760,OKC,1631119,Williams,J. Williams,0,0,0,,0,,,0,h,Jay. Williams Offensive Foul Turnover (P1.T10),Turnover,Offensive Foul Turnover,1,0,320,0042400225,2025-05-13
0042400225,443,PT02M23.00S,3,1610612743,DEN,1631212,Watson,P. Watson,233,62,24,Missed,1,,,0,v,MISS Watson 24' 3PT Jump Shot,Missed Shot,Jump Shot,1,3,321,0042400225,2025-05-13
0042400225,444,PT02M20.00S,3,1610612743,DEN,203999,Jokić,N. Jokić,0,0,0,,0,,,0,v,Jokic REBOUND (Off:4 Def:7),Rebound,Unknown,1,0,322,0042400225,2025-05-13
0042400225,445,PT02M19.00S,3,1610612743,DEN,1627750,Murray,J. Murray,-80,241,25,Missed,1,,,0,v,MISS Murray 25' 3PT Jump Shot,Missed Shot,Jump Shot,1,3,323,0042400225,2025-05-13
0042400225,446,PT02M16.00S,3,1610612743,DEN,1627750,Murray,J. Murray,0,0,0,,0,,,0,v,Murray REBOUND (Off:2 Def:1),Rebound,Unknown,1,0,324,0042400225,2025-05-13
0042400225,447,PT02M15.00S,3,1610612743,DEN,1627750,Murray,J. Murray,-233,-37,24,Missed,1,,,0,v,MISS Murray 24' 3PT Jump Shot,Missed Shot,Jump Shot,1,3,325,0042400225,2025-05-13
0042400225,448,PT02M11.00S,3,1610612743,DEN,201566,Westbrook,R. Westbrook,0,0,0,,0,,,0,v,Westbrook REBOUND (Off:1 Def:3),Rebound,Unknown,1,0,326,0042400225,2025-05-13
0042400225,449,PT02M11.00S,3,1610612760,OKC,1631119,Williams,J. Williams,0,0,0,,0,,,0,h,Jay. Williams P.FOUL (P2.T4) (D.Guthrie),Foul,Personal,1,0,327,0042400225,2025-05-13
0042400225,451,PT02M11.00S,3,1610612743,DEN,1627750,Murray,J. Murray,0,0,0,,0,,,0,v,SUB: Strawther FOR Murray,Substitution,,0,0,328,0042400225,2025-05-13
0042400225,453,PT02M11.00S,3,1610612760,OKC,1641717,Wallace,C. Wallace,0,0,0,,0,,,0,h,SUB: Wiggins FOR Wallace,Substitution,,0,0,329,0042400225,2025-05-13
0042400225,455,PT02M01.00S,3,1610612743,DEN,203999,Jokić,N. Jokić,27,88,9,Missed,1,,,0,v,MISS Jokic 9' Driving Floating Jump Shot,Missed Shot,Driving Floating Jump Shot,1,2,330,0042400225,2025-05-13
0042400225,456,PT01M57.00S,3,1610612743,DEN,203999,Jokić,N. Jokić,0,0,0,,0,,,0,v,Jokic REBOUND (Off:5 Def:7),Rebound,Unknown,1,0,331,0042400225,2025-05-13
0042400225,457,PT01M57.00S,3,1610612743,DEN,203999,Jokić,N. Jokić,10,4,1,Made,1,73,84,157,v,Jokic 1' Putback Layup (31 PTS),Made Shot,Putback Layup Shot,1,2,332,0042400225,2025-05-13
0042400225,458,PT01M43.00S,3,1610612760,OKC,1627936,Caruso,A. Caruso,-232,-17,0,Made,1,76,84,160,h,Caruso 3PT Jump Shot (11 PTS) (Wiggins 2 AST),Made Shot,Jump Shot,1,3,333,0042400225,2025-05-13
0042400225,460,PT01M23.00S,3,1610612743,DEN,201566,Westbrook,R. Westbrook,48,188,19,Missed,1,,,0,v,MISS Westbrook 19' Pullup Jump Shot,Missed Shot,Pullup Jump shot,1,2,334,0042400225,2025-05-13
0042400225,461,PT01M21.00S,3,1610612760,OKC,1627936,Caruso,A. Caruso,0,0,0,,0,,,0,h,Caruso REBOUND (Off:1 Def:3),Rebound,Unknown,1,0,335,0042400225,2025-05-13
0042400225,462,PT01M15.00S,3,1610612760,OKC,1627936,Caruso,A. Caruso,11,12,2,Missed,1,,,0,h,MISS Caruso 2' Driving Reverse Layup,Missed Shot,Driving Reverse Layup Shot,1,2,336,0042400225,2025-05-13
0042400225,462,PT01M15.00S,3,1610612743,DEN,1631128,Braun,C. Braun,0,0,0,,0,,,0,v,Braun BLOCK (2 BLK),,,1,2,337,0042400225,2025-05-13
0042400225,464,PT01M12.00S,3,1610612743,DEN,1631124,Strawther,J. Strawther,0,0,0,,0,,,0,v,Strawther REBOUND (Off:0 Def:2),Rebound,Unknown,1,0,338,0042400225,2025-05-13
0042400225,465,PT01M08.00S,3,1610612743,DEN,201566,Westbrook,R. Westbrook,225,117,25,Missed,1,,,0,v,MISS Westbrook 25' 3PT Running Jump Shot,Missed Shot,Running Jump Shot,1,3,339,0042400225,2025-05-13
0042400225,466,PT01M08.00S,3,1610612760,OKC,1630598,Wiggins,A. Wiggins,0,0,0,,0,,,0,h,Wiggins REBOUND (Off:0 Def:1),Rebound,Unknown,1,0,340,0042400225,2025-05-13
0042400225,467,PT00M58.90S,3,1610612760,OKC,1628983,Gilgeous-Alexander,S. Gilgeous-Alexander,83,102,13,Made,1,78,84,162,h,Gilgeous-Alexander 13' Pullup Jump Shot (21 PTS),Made Shot,Pullup Jump shot,1,2,341,0042400225,2025-05-13
0042400225,468,PT00M40.80S,3,1610612743,DEN,1631124,Strawther,J. Strawther,-237,-7,24,Missed,1,,,0,v,MISS Strawther 24' 3PT Jump Shot,Missed Shot,Jump Shot,1,3,342,0042400225,2025-05-13
0042400225,469,PT00M37.10S,3,1610612760,OKC,1631096,Holmgren,C. Holmgren,0,0,0,,0,,,0,h,Holmgren REBOUND (Off:1 Def:4),Rebound,Unknown,1,0,343,0042400225,2025-05-13
0042400225,470,PT00M29.90S,3,1610612760,OKC,1628983,Gilgeous-Alexander,S. Gilgeous-Alexander,94,-3,9,Missed,1,,,0,h,MISS Gilgeous-Alexander 9' Fadeaway Jumper,Missed Shot,Fadeaway Jump Shot,1,2,344,0042400225,2025-05-13
0042400225,471,PT00M27.50S,3,1610612743,DEN,1631212,Watson,P. Watson,0,0,0,,0,,,0,v,Watson REBOUND (Off:2 Def:4),Rebound,Unknown,1,0,345,0042400225,2025-05-13
0042400225,472,PT00M03.50S,3,1610612743,DEN,201566,Westbrook,R. Westbrook,6,-1,1,Made,1,78,86,164,v,Westbrook 1' Layup (2 PTS) (Strawther 1 AST),Made Shot,Layup Shot,1,2,346,0042400225,2025-05-13
0042400225,474,PT00M00.20S,3,1610612760,OKC,1627936,Caruso,A. Caruso,-212,163,27,Missed,1,,,0,h,MISS Caruso 27' 3PT Pullup Jump Shot,Missed Shot,Pullup Jump shot,1,3,347,0042400225,2025-05-13
0042400225,475,PT00M00.20S,3,0,,1610612760,,,0,0,0,,0,,,0,h,THUNDER Rebound,Rebound,Unknown,1,0,348,0042400225,2025-05-13
0042400225,476,PT00M00.00S,3,0,,0,,,0,0,0,,0,78,86,164,,End of 3rd Period (11:28 PM EST),period,end,1,0,349,0042400225,2025-05-13
0042400225,487,PT12M00.00S,4,0,,0,,,0,0,0,,0,78,86,164,,Start of 4th Period (11:31 PM EST),period,start,0,0,350,0042400225,2025-05-13
0042400225,488,PT11M42.00S,4,1610612743,DEN,1631212,Watson,P. Watson,0,0,0,,0,,,0,v,Watson S.FOUL (P4.T1) (C.Blair),Foul,Shooting,1,0,351,0042400225,2025-05-13
0042400225,490,PT11M42.00S,4,1610612760,OKC,1627936,Caruso,A. Caruso,0,0,0,,0,79,86,165,h,Caruso Free Throw 1 of 2 (12 PTS),Free Throw,Free Throw 1 of 2,1,0,352,0042400225,2025-05-13
0042400225,491,PT11M42.00S,4,1610612760,OKC,1627936,Caruso,A. Caruso,0,0,0,,0,80,86,166,h,Caruso Free Throw 2 of 2 (13 PTS),Free Throw,Free Throw 2 of 2,1,0,353,0042400225,2025-05-13
0042400225,492,PT11M32.00S,4,1610612760,OKC,1628392,Hartenstein,I. Hartenstein,0,0,0,,0,,,0,h,Hartenstein S.FOUL (P3.T1) (C.Blair),Foul,Shooting,1,0,354,0042400225,2025-05-13
0042400225,494,PT11M32.00S,4,1610612743,DEN,201566,Westbrook,R. Westbrook,0,0,0,,0,80,87,167,v,Westbrook Free Throw 1 of 2 (3 PTS),Free Throw,Free Throw 1 of 2,1,0,355,0042400225,2025-05-13
0042400225,495,PT11M32.00S,4,1610612743,DEN,201566,Westbrook,R. Westbrook,0,0,0,,0,80,88,168,v,Westbrook Free Throw 2 of 2 (4 PTS),Free Throw,Free Throw 2 of 2,1,0,356,0042400225,2025-05-13
0042400225,496,PT11M26.00S,4,1610612743,DEN,203999,Jokić,N. Jokić,0,0,0,,0,,,0,v,Jokic S.FOUL (P3.T2) (Z.Zarba),Foul,Shooting,1,0,357,0042400225,2025-05-13
0042400225,498,PT11M26.00S,4,1610612760,OKC,1631114,Williams,J. Williams,0,0,0,,0,81,88,169,h,Jal. Williams Free Throw 1 of 2 (12 PTS),Free Throw,Free Throw 1 of 2,1,0,358,0042400225,2025-05-13
0042400225,499,PT11M26.00S,4,1610612760,OKC,1631114,Williams,J. Williams,0,0,0,,0,,,0,h,MISS Jal. Williams Free Throw 2 of 2,Free Throw,Free Throw 2 of 2,1,0,359,0042400225,2025-05-13
0042400225,500,PT11M24.00S,4,1610612760,OKC,1631114,Williams,J. Williams,0,0,0,,0,,,0,h,Jal. Williams REBOUND (Off:2 Def:2),Rebound,Unknown,1,0,360,0042400225,2025-05-13
0042400225,501,PT11M23.00S,4,1610612760,OKC,1631114,Williams,J. Williams,-20,12,2,Missed,1,,,0,h,MISS Jal. Williams 2' Putback Layup,Missed Shot,Putback Layup Shot,1,2,361,0042400225,2025-05-13
0042400225,502,PT11M21.00S,4,1610612743,DEN,203999,Jokić,N. Jokić,0,0,0,,0,,,0,v,Jokic REBOUND (Off:5 Def:8),Rebound,Unknown,1,0,362,0042400225,2025-05-13
0042400225,503,PT11M02.00S,4,1610612743,DEN,201566,Westbrook,R. Westbrook,234,25,24,Missed,1,,,0,v,MISS Westbrook 24' 3PT Jump Shot,Missed Shot,Jump Shot,1,3,363,0042400225,2025-05-13
0042400225,504,PT10M59.00S,4,1610612743,DEN,1631212,Watson,P. Watson,0,0,0,,0,,,0,v,Watson REBOUND (Off:3 Def:4),Rebound,Unknown,1,0,364,0042400225,2025-05-13
0042400225,505,PT10M59.00S,4,0,,1610612743,,,0,0,0,,0,,,0,v,Nuggets Turnover: Shot Clock (T#14),Turnover,Shot Clock Turnover,0,0,365,0042400225,2025-05-13
0042400225,506,PT10M46.00S,4,1610612760,OKC,1630598,Wiggins,A. Wiggins,0,0,0,,0,,,0,h,Wiggins Lost Ball Turnover (P1.T11),Turnover,Lost Ball,1,0,366,0042400225,2025-05-13
0042400225,506,PT10M46.00S,4,1610612743,DEN,203932,Gordon,A. Gordon,0,0,0,,0,,,0,v,Gordon STEAL (1 STL),,,1,0,367,0042400225,2025-05-13
0042400225,508,PT10M39.00S,4,1610612743,DEN,203932,Gordon,A. Gordon,-181,169,25,Missed,1,,,0,v,MISS Gordon 25' 3PT Running Jump Shot,Missed Shot,Running Jump Shot,1,3,368,0042400225,2025-05-13
0042400225,509,PT10M36.00S,4,1610612760,OKC,1631114,Williams,J. Williams,0,0,0,,0,,,0,h,Jal. Williams REBOUND (Off:2 Def:3),Rebound,Unknown,1,0,369,0042400225,2025-05-13
0042400225,510,PT10M25.00S,4,1610612760,OKC,1628392,Hartenstein,I. Hartenstein,-59,128,14,Missed,1,,,0,h,MISS Hartenstein 14' Floating Jump Shot,Missed Shot,Floating Jump shot,1,2,370,0042400225,2025-05-13
0042400225,511,PT10M22.00S,4,1610612743,DEN,1631212,Watson,P. Watson,0,0,0,,0,,,0,v,Watson REBOUND (Off:3 Def:5),Rebound,Unknown,1,0,371,0042400225,2025-05-13
0042400225,512,PT10M11.00S,4,1610612743,DEN,203999,Jokić,N. Jokić,-34,45,6,Made,1,81,90,171,v,Jokic 6' Driving Floating Jump Shot (33 PTS),Made Shot,Driving Floating Jump Shot,1,2,372,0042400225,2025-05-13
0042400225,513,PT10M10.00S,4,0,,1610612760,,,0,0,0,,0,,,0,h,THUNDER Timeout: Regular (Full 5 Short 0),Timeout,Regular,0,0,373,0042400225,2025-05-13
0042400225,514,PT10M10.00S,4,1610612760,OKC,1630598,Wiggins,A. Wiggins,0,0,0,,0,,,0,h,SUB: Gilgeous-Alexander FOR Wiggins,Substitution,,0,0,374,0042400225,2025-05-13
0042400225,515,PT10M10.00S,4,1610612760,OKC,1641717,Wallace,C. Wallace,0,0,0,,0,,,0,h,SUB: Dort FOR Wallace,Substitution,,0,0,375,0042400225,2025-05-13
0042400225,516,PT10M10.00S,4,1610612743,DEN,201566,Westbrook,R. Westbrook,0,0,0,,0,,,0,v,SUB: Braun FOR Westbrook,Substitution,,0,0,376,0042400225,2025-05-13
0042400225,520,PT09M51.00S,4,1610612760,OKC,1628392,Hartenstein,I. Hartenstein,0,0,0,,0,,,0,h,Hartenstein Lost Ball Turnover (P1.T12),Turnover,Lost Ball,1,0,377,0042400225,2025-05-13
0042400225,520,PT09M51.00S,4,1610612743,DEN,1631212,Watson,P. Watson,0,0,0,,0,,,0,v,Watson STEAL (1 STL),,,1,0,378,0042400225,2025-05-13
0042400225,522,PT09M51.00S,4,1610612760,OKC,1629652,Dort,L. Dort,0,0,0,,0,,,0,h,Dort P.FOUL (P2.T2) (D.Guthrie),Foul,Personal,1,0,379,0042400225,2025-05-13
0042400225,524,PT09M26.00S,4,1610612743,DEN,203999,Jokić,N. Jokić,0,0,0,,0,,,0,v,Jokic Bad Pass Turnover (P2.T15),Turnover,Bad Pass,1,0,380,0042400225,2025-05-13
0042400225,524,PT09M26.00S,4,1610612760,OKC,1628983,Gilgeous-Alexander,S. Gilgeous-Alexander,0,0,0,,0,,,0,h,Gilgeous-Alexander STEAL (2 STL),,,1,0,381,0042400225,2025-05-13
0042400225,526,PT09M26.00S,4,1610612760,OKC,1629652,Dort,L. Dort,0,0,0,,0,,,0,h,Jump Ball Dort vs. Watson: Tip to Murray,Jump Ball,,1,0,382,0042400225,2025-05-13
0042400225,529,PT09M26.00S,4,1610612760,OKC,1627936,Caruso,A. Caruso,0,0,0,,0,,,0,h,Caruso Bad Pass Turnover (P1.T13),Turnover,Bad Pass,1,0,383,0042400225,2025-05-13
0042400225,529,PT09M26.00S,4,1610612743,DEN,1631212,Watson,P. Watson,0,0,0,,0,,,0,v,Watson STEAL (2 STL),,,1,0,384,0042400225,2025-05-13
0042400225,531,PT09M16.00S,4,1610612743,DEN,1627750,Murray,J. Murray,-157,209,26,Missed,1,,,0,v,MISS Murray 26' 3PT Step Back Jump Shot,Missed Shot,Step Back Jump shot,1,3,385,0042400225,2025-05-13
0042400225,532,PT09M12.00S,4,1610612760,OKC,1631114,Williams,J. Williams,0,0,0,,0,,,0,h,Jal. Williams REBOUND (Off:2 Def:4),Rebound,Unknown,1,0,386,0042400225,2025-05-13
0042400225,533,PT08M59.00S,4,1610612760,OKC,1627936,Caruso,A. Caruso,-232,-13,0,Missed,1,,,0,h,MISS Caruso 3PT Jump Shot,Missed Shot,Jump Shot,1,3,387,0042400225,2025-05-13
0042400225,534,PT08M55.00S,4,1610612743,DEN,1631128,Braun,C. Braun,0,0,0,,0,,,0,v,Braun REBOUND (Off:0 Def:6),Rebound,Unknown,1,0,388,0042400225,2025-05-13
0042400225,535,PT08M49.00S,4,1610612743,DEN,1627750,Murray,J. Murray,0,0,0,,0,,,0,v,Murray OFF.Foul (P3) (Z.Zarba),Foul,Offensive,1,0,389,0042400225,2025-05-13
0042400225,537,PT08M49.00S,4,1610612743,DEN,1627750,Murray,J. Murray,0,0,0,,0,,,0,v,Murray Offensive Foul Turnover (P4.T16),Turnover,Offensive Foul Turnover,1,0,390,0042400225,2025-05-13
0042400225,538,PT08M32.00S,4,1610612760,OKC,1627936,Caruso,A. Caruso,0,0,0,,0,,,0,h,Caruso Bad Pass Turnover (P2.T14),Turnover,Bad Pass,1,0,391,0042400225,2025-05-13
0042400225,538,PT08M32.00S,4,1610612743,DEN,203999,Jokić,N. Jokić,0,0,0,,0,,,0,v,Jokic STEAL (2 STL),,,1,0,392,0042400225,2025-05-13
0042400225,540,PT08M27.00S,4,1610612743,DEN,203932,Gordon,A. Gordon,-20,-15,3,Missed,1,,,0,v,MISS Gordon 3' Running Layup,Missed Shot,Running Layup Shot,1,2,393,0042400225,2025-05-13
0042400225,541,PT08M25.00S,4,1610612760,OKC,1629652,Dort,L. Dort,0,0,0,,0,,,0,h,Dort REBOUND (Off:0 Def:2),Rebound,Unknown,1,0,394,0042400225,2025-05-13
0042400225,542,PT08M21.00S,4,1610612760,OKC,1629652,Dort,L. Dort,-188,160,25,Made,1,84,90,174,h,Dort 25' 3PT Running Jump Shot (6 PTS) (Gilgeous-Alexander 5 AST),Made Shot,Running Jump Shot,1,3,395,0042400225,2025-05-13
0042400225,544,PT07M58.00S,4,1610612760,OKC,1629652,Dort,L. Dort,0,0,0,,0,,,0,h,Dort S.FOUL (P3.T3) (C.Blair),Foul,Shooting,1,0,396,0042400225,2025-05-13
0042400225,546,PT07M58.00S,4,1610612743,DEN,1627750,Murray,J. Murray,0,0,0,,0,84,91,175,v,Murray Free Throw 1 of 2 (25 PTS),Free Throw,Free Throw 1 of 2,1,0,397,0042400225,2025-05-13
0042400225,547,PT07M58.00S,4,1610612760,OKC,1627936,Caruso,A. Caruso,0,0,0,,0,,,0,h,SUB: Jay. Williams FOR Caruso,Substitution,,0,0,398,0042400225,2025-05-13
0042400225,548,PT07M58.00S,4,1610612760,OKC,1628392,Hartenstein,I. Hartenstein,0,0,0,,0,,,0,h,SUB: Holmgren FOR Hartenstein,Substitution,,0,0,399,0042400225,2025-05-13
0042400225,549,PT07M58.00S,4,1610612743,DEN,203932,Gordon,A. Gordon,0,0,0,,0,,,0,v,SUB: Porter Jr. FOR Gordon,Substitution,,0,0,400,0042400225,2025-05-13
0042400225,553,PT07M58.00S,4,1610612743,DEN,1627750,Murray,J. Murray,0,0,0,,0,84,92,176,v,Murray Free Throw 2 of 2 (26 PTS),Free Throw,Free Throw 2 of 2,1,0,401,0042400225,2025-05-13
0042400225,554,PT07M49.00S,4,1610612760,OKC,1629652,Dort,L. Dort,-232,21,0,Made,1,87,92,179,h,Dort 3PT Jump Shot (9 PTS) (Gilgeous-Alexander 6 AST),Made Shot,Jump Shot,1,3,402,0042400225,2025-05-13
0042400225,556,PT07M27.00S,4,1610612743,DEN,1631212,Watson,P. Watson,234,64,24,Missed,1,,,0,v,MISS Watson 24' 3PT Pullup Jump Shot,Missed Shot,Pullup Jump shot,1,3,403,0042400225,2025-05-13
0042400225,557,PT07M24.00S,4,1610612760,OKC,1631114,Williams,J. Williams,0,0,0,,0,,,0,h,Jal. Williams REBOUND (Off:2 Def:5),Rebound,Unknown,1,0,404,0042400225,2025-05-13
0042400225,558,PT07M17.00S,4,1610612760,OKC,1628983,Gilgeous-Alexander,S. Gilgeous-Alexander,151,-10,15,Missed,1,,,0,h,MISS Gilgeous-Alexander 15' Fadeaway Jumper,Missed Shot,Fadeaway Jump Shot,1,2,405,0042400225,2025-05-13
0042400225,559,PT07M13.00S,4,1610612743,DEN,203999,Jokić,N. Jokić,0,0,0,,0,,,0,v,Jokic REBOUND (Off:5 Def:9),Rebound,Unknown,1,0,406,0042400225,2025-05-13
0042400225,560,PT07M08.00S,4,1610612743,DEN,1627750,Murray,J. Murray,228,85,24,Missed,1,,,0,v,MISS Murray 24' 3PT Running Jump Shot,Missed Shot,Running Jump Shot,1,3,407,0042400225,2025-05-13
0042400225,561,PT07M05.00S,4,1610612760,OKC,1631096,Holmgren,C. Holmgren,0,0,0,,0,,,0,h,Holmgren REBOUND (Off:1 Def:5),Rebound,Unknown,1,0,408,0042400225,2025-05-13
0042400225,562,PT06M57.00S,4,1610612760,OKC,1629652,Dort,L. Dort,47,262,27,Missed,1,,,0,h,MISS Dort 27' 3PT Jump Shot,Missed Shot,Jump Shot,1,3,409,0042400225,2025-05-13
0042400225,563,PT06M50.00S,4,1610612743,DEN,1627750,Murray,J. Murray,0,0,0,,0,,,0,v,Murray REBOUND (Off:2 Def:2),Rebound,Unknown,1,0,410,0042400225,2025-05-13
0042400225,564,PT06M36.00S,4,1610612743,DEN,1629008,Porter Jr.,M. Porter Jr.,-17,183,18,Missed,1,,,0,v,MISS Porter Jr. 18' Pullup Jump Shot,Missed Shot,Pullup Jump shot,1,2,411,0042400225,2025-05-13
0042400225,565,PT06M34.00S,4,1610612760,OKC,1631119,Williams,J. Williams,0,0,0,,0,,,0,h,Jay. Williams REBOUND (Off:0 Def:1),Rebound,Unknown,1,0,412,0042400225,2025-05-13
0042400225,566,PT06M20.00S,4,1610612760,OKC,1629652,Dort,L. Dort,147,225,27,Made,1,90,92,182,h,Dort 27' 3PT Jump Shot (12 PTS) (Jay. Williams 1 AST),Made Shot,Jump Shot,1,3,413,0042400225,2025-05-13
0042400225,568,PT06M19.00S,4,0,,1610612743,,,0,0,0,,0,,,0,v,Nuggets Timeout: Regular (Reg.4 Short 0),Timeout,Regular,0,0,414,0042400225,2025-05-13
0042400225,569,PT06M19.00S,4,1610612743,DEN,1631212,Watson,P. Watson,0,0,0,,0,,,0,v,SUB: Gordon FOR Watson,Substitution,,0,0,415,0042400225,2025-05-13
0042400225,571,PT06M01.00S,4,1610612743,DEN,203999,Jokić,N. Jokić,-16,135,14,Missed,1,,,0,v,MISS Jokic 14' Jump Shot,Missed Shot,Jump Shot,1,2,416,0042400225,2025-05-13
0042400225,572,PT05M58.00S,4,1610612760,OKC,1631119,Williams,J. Williams,0,0,0,,0,,,0,h,Jay. Williams REBOUND (Off:0 Def:2),Rebound,Unknown,1,0,417,0042400225,2025-05-13
0042400225,573,PT05M42.00S,4,1610612743,DEN,1631128,Braun,C. Braun,0,0,0,,0,,,0,v,Braun S.FOUL (P1.T3) (C.Blair),Foul,Shooting,1,0,418,0042400225,2025-05-13
0042400225,575,PT05M42.00S,4,1610612760,OKC,1631114,Williams,J. Williams,0,0,0,,0,91,92,183,h,Jal. Williams Free Throw 1 of 2 (13 PTS),Free Throw,Free Throw 1 of 2,1,0,419,0042400225,2025-05-13
0042400225,576,PT05M42.00S,4,1610612760,OKC,1631114,Williams,J. Williams,0,0,0,,0,92,92,184,h,Jal. Williams Free Throw 2 of 2 (14 PTS),Free Throw,Free Throw 2 of 2,1,0,420,0042400225,2025-05-13
0042400225,577,PT05M23.00S,4,1610612760,OKC,1631119,Williams,J. Williams,0,0,0,,0,,,0,h,Jay. Williams S.FOUL (P3.T4) (C.Blair),Foul,Shooting,1,0,421,0042400225,2025-05-13
0042400225,579,PT05M23.00S,4,1610612743,DEN,203999,Jokić,N. Jokić,0,0,0,,0,92,93,185,v,Jokic Free Throw 1 of 2 (34 PTS),Free Throw,Free Throw 1 of 2,1,0,422,0042400225,2025-05-13
0042400225,580,PT05M23.00S,4,1610612743,DEN,203999,Jokić,N. Jokić,0,0,0,,0,92,94,186,v,Jokic Free Throw 2 of 2 (35 PTS),Free Throw,Free Throw 2 of 2,0,0,423,0042400225,2025-05-13
0042400225,581,PT05M09.00S,4,1610612760,OKC,1631114,Williams,J. Williams,161,202,26,Missed,1,,,0,h,MISS Jal. Williams 26' 3PT Jump Shot,Missed Shot,Jump Shot,1,3,424,0042400225,2025-05-13
0042400225,582,PT05M09.00S,4,0,,1610612743,,,0,0,0,,0,,,0,v,Nuggets Rebound,Rebound,Unknown,0,0,425,0042400225,2025-05-13
0042400225,584,PT04M56.00S,4,1610612743,DEN,203999,Jokić,N. Jokić,115,230,26,Missed,1,,,0,v,MISS Jokic 26' 3PT Jump Shot,Missed Shot,Jump Shot,1,3,426,0042400225,2025-05-13
0042400225,585,PT04M52.00S,4,1610612760,OKC,1631096,Holmgren,C. Holmgren,0,0,0,,0,,,0,h,Holmgren REBOUND (Off:1 Def:6),Rebound,Unknown,1,0,427,0042400225,2025-05-13
0042400225,586,PT04M47.00S,4,1610612760,OKC,1628983,Gilgeous-Alexander,S. Gilgeous-Alexander,-181,175,25,Missed,1,,,0,h,MISS Gilgeous-Alexander 25' 3PT Step Back Jump Shot,Missed Shot,Step Back Jump shot,1,3,428,0042400225,2025-05-13
0042400225,587,PT04M42.00S,4,1610612760,OKC,1629652,Dort,L. Dort,0,0,0,,0,,,0,h,Dort REBOUND (Off:1 Def:2),Rebound,Unknown,1,0,429,0042400225,2025-05-13
0042400225,588,PT04M36.00S,4,1610612760,OKC,1631096,Holmgren,C. Holmgren,-11,7,1,Made,1,94,94,188,h,Holmgren 1' Layup (14 PTS) (Jay. Williams 2 AST),Made Shot,Layup Shot,1,2,430,0042400225,2025-05-13
0042400225,590,PT04M36.00S,4,0,,1610612743,,,0,0,0,,0,,,0,v,Nuggets Timeout: Regular (Reg.5 Short 0),Timeout,Regular,0,0,431,0042400225,2025-05-13
0042400225,591,PT04M36.00S,4,1610612760,OKC,1631119,Williams,J. Williams,0,0,0,,0,,,0,h,SUB: Hartenstein FOR Jay. Williams,Substitution,,0,0,432,0042400225,2025-05-13
0042400225,593,PT04M25.00S,4,1610612760,OKC,1628392,Hartenstein,I. Hartenstein,0,0,0,,0,,,0,h,Hartenstein P.FOUL (P4.PN) (Z.Zarba),Foul,Personal,1,0,433,0042400225,2025-05-13
0042400225,595,PT04M25.00S,4,1610612743,DEN,203999,Jokić,N. Jokić,0,0,0,,0,94,95,189,v,Jokic Free Throw 1 of 2 (36 PTS),Free Throw,Free Throw 1 of 2,1,0,434,0042400225,2025-05-13
0042400225,596,PT04M25.00S,4,1610612743,DEN,203999,Jokić,N. Jokić,0,0,0,,0,94,96,190,v,Jokic Free Throw 2 of 2 (37 PTS),Free Throw,Free Throw 2 of 2,1,0,435,0042400225,2025-05-13
0042400225,597,PT04M06.00S,4,1610612760,OKC,1631096,Holmgren,C. Holmgren,135,11,14,Missed,1,,,0,h,MISS Holmgren 14' Turnaround Fadeaway Shot,Missed Shot,Turnaround Fadeaway shot,1,2,436,0042400225,2025-05-13
0042400225,598,PT04M04.00S,4,1610612760,OKC,1628392,Hartenstein,I. Hartenstein,0,0,0,,0,,,0,h,Hartenstein REBOUND (Off:2 Def:5),Rebound,Unknown,1,0,437,0042400225,2025-05-13
0042400225,599,PT04M04.00S,4,1610612760,OKC,1628392,Hartenstein,I. Hartenstein,0,0,0,Made,1,96,96,192,h,Hartenstein Tip Layup Shot (13 PTS),Made Shot,Tip Layup Shot,1,2,438,0042400225,2025-05-13
0042400225,600,PT03M45.00S,4,1610612743,DEN,1627750,Murray,J. Murray,-48,25,5,Missed,1,,,0,v,MISS Murray 5' Driving Floating Jump Shot,Missed Shot,Driving Floating Jump Shot,1,2,439,0042400225,2025-05-13
0042400225,600,PT03M45.00S,4,1610612760,OKC,1631096,Holmgren,C. Holmgren,0,0,0,,0,,,0,h,Holmgren BLOCK (1 BLK),,,1,2,440,0042400225,2025-05-13
0042400225,602,PT03M45.00S,4,1610612760,OKC,1631096,Holmgren,C. Holmgren,0,0,0,,0,,,0,h,Holmgren REBOUND (Off:1 Def:7),Rebound,Unknown,1,0,441,0042400225,2025-05-13
0042400225,603,PT03M33.00S,4,1610612760,OKC,1628983,Gilgeous-Alexander,S. Gilgeous-Alexander,9,5,1,Made,1,98,96,194,h,Gilgeous-Alexander 1' Driving Layup (23 PTS),Made Shot,Driving Layup Shot,1,2,442,0042400225,2025-05-13
0042400225,604,PT03M17.00S,4,1610612743,DEN,1631128,Braun,C. Braun,-225,4,0,Missed,1,,,0,v,MISS Braun 3PT Jump Shot,Missed Shot,Jump Shot,1,3,443,0042400225,2025-05-13
0042400225,605,PT03M13.00S,4,1610612743,DEN,203932,Gordon,A. Gordon,0,0,0,,0,,,0,v,Gordon REBOUND (Off:2 Def:3),Rebound,Unknown,1,0,444,0042400225,2025-05-13
0042400225,606,PT03M07.00S,4,1610612743,DEN,1627750,Murray,J. Murray,-42,11,4,Missed,1,,,0,v,MISS Murray 4' Driving Layup,Missed Shot,Driving Layup Shot,1,2,445,0042400225,2025-05-13
0042400225,606,PT03M07.00S,4,1610612760,OKC,1631096,Holmgren,C. Holmgren,0,0,0,,0,,,0,h,Holmgren BLOCK (2 BLK),,,1,2,446,0042400225,2025-05-13
0042400225,608,PT03M03.00S,4,1610612743,DEN,203999,Jokić,N. Jokić,0,0,0,,0,,,0,v,Jokic REBOUND (Off:6 Def:9),Rebound,Unknown,1,0,447,0042400225,2025-05-13
0042400225,609,PT03M03.00S,4,1610612743,DEN,203999,Jokić,N. Jokić,-5,4,1,Made,1,98,98,196,v,Jokic 1' Putback Layup (39 PTS),Made Shot,Putback Layup Shot,1,2,448,0042400225,2025-05-13
0042400225,610,PT02M46.00S,4,1610612760,OKC,1628392,Hartenstein,I. Hartenstein,9,-5,1,Made,1,100,98,198,h,Hartenstein 1' Alley Oop Dunk (15 PTS) (Gilgeous-Alexander 7 AST),Made Shot,Alley Oop Dunk Shot,1,2,449,0042400225,2025-05-13
0042400225,612,PT02M23.00S,4,1610612743,DEN,203999,Jokić,N. Jokić,56,30,6,Made,1,100,100,200,v,Jokic 6' Driving Floating Bank Jump Shot (41 PTS),Made Shot,Driving Floating Bank Jump Shot,1,2,450,0042400225,2025-05-13
0042400225,613,PT02M02.00S,4,1610612760,OKC,1628983,Gilgeous-Alexander,S. Gilgeous-Alexander,-62,149,16,Made,1,102,100,202,h,Gilgeous-Alexander 16' Step Back Jump Shot (25 PTS),Made Shot,Step Back Jump shot,1,2,451,0042400225,2025-05-13
0042400225,614,PT02M02.00S,4,1610612743,DEN,1627750,Murray,J. Murray,0,0,0,,0,,,0,v,Murray S.FOUL (P4.T4) (C.Blair),Foul,Shooting,1,0,452,0042400225,2025-05-13
0042400225,616,PT02M02.00S,4,1610612760,OKC,1628983,Gilgeous-Alexander,S. Gilgeous-Alexander,0,0,0,,0,103,100,203,h,Gilgeous-Alexander Free Throw 1 of 1 (26 PTS),Free Throw,Free Throw 1 of 1,1,0,453,0042400225,2025-05-13
0042400225,617,PT01M40.00S,4,1610612743,DEN,203999,Jokić,N. Jokić,-28,268,27,Made,1,103,103,206,v,Jokic 27' 3PT Turnaround Fadeaway (44 PTS),Made Shot,Turnaround Fadeaway shot,1,3,454,0042400225,2025-05-13
0042400225,619,PT01M19.00S,4,1610612760,OKC,1631114,Williams,J. Williams,-227,43,0,Made,1,106,103,209,h,Jal. Williams 3PT Jump Shot (17 PTS) (Dort 1 AST),Made Shot,Jump Shot,1,3,455,0042400225,2025-05-13
0042400225,621,PT01M18.00S,4,0,,1610612743,,,0,0,0,,0,,,0,v,Nuggets Timeout: Regular (Reg.6 Short 0),Timeout,Regular,0,0,456,0042400225,2025-05-13
0042400225,622,PT01M08.00S,4,1610612743,DEN,1629008,Porter Jr.,M. Porter Jr.,-18,241,24,Missed,1,,,0,v,MISS Porter Jr. 24' 3PT Jump Shot,Missed Shot,Jump Shot,1,3,457,0042400225,2025-05-13
0042400225,623,PT01M06.00S,4,1610612760,OKC,1631114,Williams,J. Williams,0,0,0,,0,,,0,h,Jal. Williams REBOUND (Off:2 Def:6),Rebound,Unknown,1,0,458,0042400225,2025-05-13
0042400225,624,PT00M47.70S,4,1610612760,OKC,1628983,Gilgeous-Alexander,S. Gilgeous-Alexander,-82,252,27,Made,1,109,103,212,h,Gilgeous-Alexander 27' 3PT Pullup Jump Shot (29 PTS),Made Shot,Pullup Jump shot,1,3,459,0042400225,2025-05-13
0042400225,625,PT00M33.00S,4,1610612743,DEN,1629008,Porter Jr.,M. Porter Jr.,213,145,26,Missed,1,,,0,v,MISS Porter Jr. 26' 3PT Jump Shot,Missed Shot,Jump Shot,1,3,460,0042400225,2025-05-13
0042400225,626,PT00M29.90S,4,1610612743,DEN,1631128,Braun,C. Braun,0,0,0,,0,,,0,v,Braun REBOUND (Off:1 Def:6),Rebound,Unknown,1,0,461,0042400225,2025-05-13
0042400225,628,PT00M28.10S,4,1610612743,DEN,203932,Gordon,A. Gordon,-229,-17,0,Missed,1,,,0,v,MISS Gordon 3PT Turnaround Jump Shot,Missed Shot,Turnaround Jump Shot,1,3,462,0042400225,2025-05-13
0042400225,629,PT00M24.70S,4,1610612760,OKC,1628983,Gilgeous-Alexander,S. Gilgeous-Alexander,0,0,0,,0,,,0,h,Gilgeous-Alexander REBOUND (Off:1 Def:5),Rebound,Unknown,1,0,463,0042400225,2025-05-13
0042400225,630,PT00M22.20S,4,1610612743,DEN,203932,Gordon,A. Gordon,0,0,0,,0,,,0,v,Gordon Personal Take Foul (P1.PN) (Z.Zarba),Foul,Personal Take,1,0,464,0042400225,2025-05-13
0042400225,632,PT00M22.20S,4,1610612760,OKC,1628983,Gilgeous-Alexander,S. Gilgeous-Alexander,0,0,0,,0,110,103,213,h,Gilgeous-Alexander Free Throw 1 of 2 (30 PTS),Free Throw,Free Throw 1 of 2,1,0,465,0042400225,2025-05-13
0042400225,633,PT00M22.20S,4,1610612760,OKC,1628392,Hartenstein,I. Hartenstein,0,0,0,,0,,,0,h,SUB: Caruso FOR Hartenstein,Substitution,,0,0,466,0042400225,2025-05-13
0042400225,635,PT00M22.20S,4,1610612760,OKC,1628983,Gilgeous-Alexander,S. Gilgeous-Alexander,0,0,0,,0,111,103,214,h,Gilgeous-Alexander Free Throw 2 of 2 (31 PTS),Free Throw,Free Throw 2 of 2,1,0,467,0042400225,2025-05-13
0042400225,636,PT00M22.20S,4,0,,1610612743,,,0,0,0,,0,,,0,v,Nuggets Timeout: Regular (Reg.7 Short 0),Timeout,Regular,0,0,468,0042400225,2025-05-13
0042400225,637,PT00M17.40S,4,1610612743,DEN,1627750,Murray,J. Murray,28,19,3,Made,1,111,105,216,v,Murray 3' Driving Layup (28 PTS),Made Shot,Driving Layup Shot,1,2,469,0042400225,2025-05-13
0042400225,638,PT00M16.10S,4,1610612743,DEN,203999,Jokić,N. Jokić,0,0,0,,0,,,0,v,Jokic Personal Take Foul (P4.PN) (C.Blair),Foul,Personal Take,1,0,470,0042400225,2025-05-13
0042400225,640,PT00M16.10S,4,1610612760,OKC,1631114,Williams,J. Williams,0,0,0,,0,,,0,h,MISS Jal. Williams Free Throw 1 of 2,Free Throw,Free Throw 1 of 2,1,0,471,0042400225,2025-05-13
0042400225,641,PT00M16.10S,4,0,,1610612760,,,0,0,0,,0,,,0,h,THUNDER Rebound,Rebound,Normal Rebound,0,0,472,0042400225,2025-05-13
0042400225,642,PT00M16.10S,4,1610612760,OKC,1631114,Williams,J. Williams,0,0,0,,0,112,105,217,h,Jal. Williams Free Throw 2 of 2 (18 PTS),Free Throw,Free Throw 2 of 2,1,0,473,0042400225,2025-05-13
0042400225,643,PT00M06.60S,4,1610612743,DEN,1627750,Murray,J. Murray,208,172,27,Missed,1,,,0,v,MISS Murray 27' 3PT Pullup Jump Shot,Missed Shot,Pullup Jump shot,1,3,474,0042400225,2025-05-13
0042400225,644,PT00M02.30S,4,1610612760,OKC,1631114,Williams,J. Williams,0,0,0,,0,,,0,h,Jal. Williams REBOUND (Off:2 Def:7),Rebound,Unknown,1,0,475,0042400225,2025-05-13
0042400225,645,PT00M00.00S,4,0,,0,,,0,0,0,,0,112,105,217,,End of 4th Period (12:08 AM EST),period,end,1,0,476,0042400225,2025-05-13
