gameId,actionNumber,clock,period,teamId,teamTricode,personId,playerName,playerNameI,xLegacy,yLegacy,shotDistance,shotResult,isFieldGoal,scoreHome,scoreAway,pointsTotal,location,description,actionType,subType,videoAvailable,shotValue,actionId,game_id,date
0012400005,2,PT12M00.00S,1,0,,0,,,0,0,0,,0,0,0,0,,Start of 1st Period (10:09 AM EST),period,start,0,0,1,0012400005,2024-10-06
0012400005,4,PT12M00.00S,1,1610612738,BOS,1628436,Kornet,L. Kornet,0,0,0,,0,,,0,h,Jump Ball Kornet vs. Jokić: Tip to Čančar,Jump Ball,,1,0,2,0012400005,2024-10-06
0012400005,7,PT11M53.00S,1,1610612743,DEN,1628427,Čančar,V. Čančar,103,222,24,Missed,1,,,0,v,MISS Čančar 24' 3PT Jump Shot,Missed Shot,Jump Shot,1,3,3,0012400005,2024-10-06
0012400005,8,PT11M49.00S,1,1610612738,BOS,1628369,Tatum,J. Tatum,0,0,0,,0,,,0,h,Tatum REBOUND (Off:0 Def:1),Rebound,Unknown,1,0,4,0012400005,2024-10-06
0012400005,9,PT11M43.00S,1,1610612738,BOS,1627759,Brown,J. Brown,18,27,3,Missed,1,,,0,h,MISS Brown 3' Running Layup,Missed Shot,Running Layup Shot,1,2,5,0012400005,2024-10-06
0012400005,10,PT11M43.00S,1,1610612743,DEN,1631124,Strawther,J. Strawther,0,0,0,,0,,,0,v,Strawther REBOUND (Off:0 Def:1),Rebound,Unknown,1,0,6,0012400005,2024-10-06
0012400005,11,PT11M37.00S,1,1610612743,DEN,1631124,Strawther,J. Strawther,9,22,2,Made,1,0,2,2,v,Strawther 2' Running Finger Roll Layup (2 PTS),Made Shot,Running Finger Roll Layup Shot,1,2,7,0012400005,2024-10-06
0012400005,12,PT11M21.00S,1,1610612738,BOS,1628401,White,D. White,-77,12,8,Made,1,2,2,4,h,White 8' Floating Jump Shot (2 PTS) (Kornet 1 AST),Made Shot,Floating Jump shot,1,2,8,0012400005,2024-10-06
0012400005,14,PT11M08.00S,1,1610612743,DEN,1627750,Murray,J. Murray,-85,235,25,Missed,1,,,0,v,MISS Murray 25' 3PT Jump Shot,Missed Shot,Jump Shot,1,3,9,0012400005,2024-10-06
0012400005,15,PT11M03.00S,1,1610612738,BOS,201950,Holiday,J. Holiday,0,0,0,,0,,,0,h,Holiday REBOUND (Off:0 Def:1),Rebound,Unknown,1,0,10,0012400005,2024-10-06
0012400005,16,PT10M51.00S,1,1610612738,BOS,201950,Holiday,J. Holiday,-225,17,0,Missed,1,,,0,h,MISS Holiday 3PT Jump Shot,Missed Shot,Jump Shot,1,3,11,0012400005,2024-10-06
0012400005,17,PT10M49.00S,1,1610612743,DEN,203999,Jokić,N. Jokić,0,0,0,,0,,,0,v,Jokić REBOUND (Off:0 Def:1),Rebound,Unknown,1,0,12,0012400005,2024-10-06
0012400005,18,PT10M45.00S,1,1610612743,DEN,1631128,Braun,C. Braun,132,213,25,Missed,1,,,0,v,MISS Braun 25' 3PT Running Jump Shot,Missed Shot,Running Jump Shot,1,3,13,0012400005,2024-10-06
0012400005,19,PT10M41.00S,1,1610612738,BOS,1628401,White,D. White,0,0,0,,0,,,0,h,White REBOUND (Off:0 Def:1),Rebound,Unknown,1,0,14,0012400005,2024-10-06
0012400005,20,PT10M34.00S,1,1610612738,BOS,1627759,Brown,J. Brown,12,10,2,Made,1,4,2,6,h,Brown 2' Cutting Layup Shot (2 PTS) (White 1 AST),Made Shot,Cutting Layup Shot,1,2,15,0012400005,2024-10-06
0012400005,22,PT10M09.00S,1,1610612743,DEN,1627750,Murray,J. Murray,-114,45,12,Made,1,4,4,8,v,Murray 12' Driving Floating Bank Jump Shot (2 PTS) (Čančar 1 AST),Made Shot,Driving Floating Bank Jump Shot,1,2,16,0012400005,2024-10-06
0012400005,24,PT09M54.00S,1,1610612738,BOS,1628401,White,D. White,175,175,25,Made,1,7,4,11,h,White 25' 3PT Pullup Jump Shot (5 PTS),Made Shot,Pullup Jump shot,1,3,17,0012400005,2024-10-06
0012400005,25,PT09M34.00S,1,1610612743,DEN,203999,Jokić,N. Jokić,36,262,26,Missed,1,,,0,v,MISS Jokić 26' 3PT Jump Shot,Missed Shot,Jump Shot,1,3,18,0012400005,2024-10-06
0012400005,26,PT09M31.00S,1,1610612738,BOS,201950,Holiday,J. Holiday,0,0,0,,0,,,0,h,Holiday REBOUND (Off:0 Def:2),Rebound,Unknown,1,0,19,0012400005,2024-10-06
0012400005,27,PT09M23.00S,1,1610612738,BOS,1627759,Brown,J. Brown,221,-3,0,Missed,1,,,0,h,MISS Brown 3PT Jump Shot,Missed Shot,Jump Shot,1,3,20,0012400005,2024-10-06
0012400005,28,PT09M20.00S,1,1610612743,DEN,203999,Jokić,N. Jokić,0,0,0,,0,,,0,v,Jokić REBOUND (Off:0 Def:2),Rebound,Unknown,1,0,21,0012400005,2024-10-06
0012400005,29,PT09M16.00S,1,1610612743,DEN,1627750,Murray,J. Murray,-237,-22,24,Made,1,7,7,14,v,Murray 24' 3PT Running Jump Shot (5 PTS) (Čančar 2 AST),Made Shot,Running Jump Shot,1,3,22,0012400005,2024-10-06
0012400005,31,PT09M00.00S,1,1610612738,BOS,1628401,White,D. White,227,28,0,Missed,1,,,0,h,MISS White 3PT Jump Shot,Missed Shot,Jump Shot,1,3,23,0012400005,2024-10-06
0012400005,32,PT08M58.00S,1,1610612738,BOS,201950,Holiday,J. Holiday,0,0,0,,0,,,0,h,Holiday REBOUND (Off:1 Def:2),Rebound,Unknown,1,0,24,0012400005,2024-10-06
0012400005,33,PT08M49.00S,1,1610612738,BOS,1628369,Tatum,J. Tatum,-33,262,26,Missed,1,,,0,h,MISS Tatum 26' 3PT Pullup Jump Shot,Missed Shot,Pullup Jump shot,1,3,25,0012400005,2024-10-06
0012400005,34,PT08M46.00S,1,1610612738,BOS,1628401,White,D. White,0,0,0,,0,,,0,h,White REBOUND (Off:1 Def:1),Rebound,Unknown,1,0,26,0012400005,2024-10-06
0012400005,36,PT08M31.00S,1,1610612738,BOS,1628369,Tatum,J. Tatum,-4,17,2,Missed,1,,,0,h,MISS Tatum 2' Driving Layup,Missed Shot,Driving Layup Shot,1,2,27,0012400005,2024-10-06
0012400005,37,PT08M27.00S,1,1610612743,DEN,1631128,Braun,C. Braun,0,0,0,,0,,,0,v,Braun REBOUND (Off:0 Def:1),Rebound,Unknown,1,0,28,0012400005,2024-10-06
0012400005,39,PT08M09.00S,1,1610612743,DEN,1627750,Murray,J. Murray,50,193,20,Made,1,7,9,16,v,Murray 20' Step Back Jump Shot (7 PTS) (Jokić 1 AST),Made Shot,Step Back Jump shot,1,2,29,0012400005,2024-10-06
0012400005,41,PT07M50.00S,1,1610612738,BOS,1628401,White,D. White,-229,42,0,Missed,1,,,0,h,MISS White 3PT Jump Shot,Missed Shot,Jump Shot,1,3,30,0012400005,2024-10-06
0012400005,42,PT07M47.00S,1,0,,1610612738,,,0,0,0,,0,,,0,h,CELTICS Rebound,Rebound,Unknown,1,0,31,0012400005,2024-10-06
0012400005,44,PT07M47.00S,1,1610612743,DEN,1628427,Čančar,V. Čančar,0,0,0,,0,,,0,v,Čančar AWAY.FROM.PLAY.FOUL (P1.T1) (C.Washington),Foul,Away From Play,1,0,32,0012400005,2024-10-06
0012400005,46,PT07M47.00S,1,1610612738,BOS,1627759,Brown,J. Brown,0,0,0,,0,,,0,h,MISS Brown Free Throw 1 of 1,Free Throw,Free Throw 1 of 1,0,0,33,0012400005,2024-10-06
0012400005,61,PT07M47.00S,1,0,,1610612738,,,0,0,0,,0,,,0,h,CELTICS Rebound,Rebound,Unknown,1,0,34,0012400005,2024-10-06
0012400005,47,PT07M45.00S,1,1610612743,DEN,203999,Jokić,N. Jokić,0,0,0,,0,,,0,v,Jokić P.FOUL (P1.T2) (C.Washington),Foul,Personal,1,0,35,0012400005,2024-10-06
0012400005,49,PT07M41.00S,1,1610612738,BOS,1627759,Brown,J. Brown,-112,223,25,Missed,1,,,0,h,MISS Brown 25' 3PT Jump Shot,Missed Shot,Jump Shot,1,3,36,0012400005,2024-10-06
0012400005,50,PT07M37.00S,1,1610612743,DEN,1631124,Strawther,J. Strawther,0,0,0,,0,,,0,v,Strawther REBOUND (Off:0 Def:2),Rebound,Unknown,1,0,37,0012400005,2024-10-06
0012400005,51,PT07M28.00S,1,1610612743,DEN,203999,Jokić,N. Jokić,-20,10,2,Made,1,7,11,18,v,Jokić 2' Driving Layup (2 PTS),Made Shot,Driving Layup Shot,1,2,38,0012400005,2024-10-06
0012400005,53,PT07M15.00S,1,1610612738,BOS,201950,Holiday,J. Holiday,-152,134,20,Missed,1,,,0,h,MISS Holiday 20' Step Back Jump Shot,Missed Shot,Step Back Jump shot,1,2,39,0012400005,2024-10-06
0012400005,54,PT07M12.00S,1,1610612738,BOS,1628401,White,D. White,0,0,0,,0,,,0,h,White REBOUND (Off:2 Def:1),Rebound,Unknown,1,0,40,0012400005,2024-10-06
0012400005,55,PT07M10.00S,1,1610612738,BOS,1628369,Tatum,J. Tatum,151,207,26,Made,1,10,11,21,h,Tatum 26' 3PT Jump Shot (3 PTS) (White 2 AST),Made Shot,Jump Shot,1,3,41,0012400005,2024-10-06
0012400005,57,PT06M59.00S,1,1610612743,DEN,1631128,Braun,C. Braun,-7,77,8,Made,1,10,13,23,v,Braun 8' Driving Floating Jump Shot (2 PTS),Made Shot,Driving Floating Jump Shot,1,2,42,0012400005,2024-10-06
0012400005,58,PT06M59.00S,1,1610612738,BOS,1627759,Brown,J. Brown,0,0,0,,0,,,0,h,Brown S.FOUL (P1.T1) (J.Goble),Foul,Shooting,1,0,43,0012400005,2024-10-06
0012400005,60,PT06M59.00S,1,0,,1610612738,,,0,0,0,,0,,,0,h,CELTICS Timeout: Regular (Full 1 Short 0),Timeout,Regular,0,0,44,0012400005,2024-10-06
0012400005,62,PT06M59.00S,1,1610612743,DEN,1631128,Braun,C. Braun,0,0,0,,0,10,14,24,v,Braun Free Throw 1 of 1 (3 PTS),Free Throw,Free Throw 1 of 1,1,0,45,0012400005,2024-10-06
0012400005,63,PT06M42.00S,1,1610612738,BOS,1628401,White,D. White,29,265,27,Missed,1,,,0,h,MISS White 27' 3PT Jump Bank Shot,Missed Shot,Jump Bank Shot,1,3,46,0012400005,2024-10-06
0012400005,64,PT06M37.00S,1,1610612743,DEN,1628427,Čančar,V. Čančar,0,0,0,,0,,,0,v,Čančar REBOUND (Off:0 Def:1),Rebound,Unknown,1,0,47,0012400005,2024-10-06
0012400005,65,PT06M30.00S,1,1610612743,DEN,1627750,Murray,J. Murray,0,0,0,,0,,,0,v,Murray Bad Pass Turnover (P1.T1),Turnover,Bad Pass,1,0,48,0012400005,2024-10-06
0012400005,65,PT06M30.00S,1,1610612738,BOS,201950,Holiday,J. Holiday,0,0,0,,0,,,0,h,Holiday STEAL (1 STL),,,1,0,49,0012400005,2024-10-06
0012400005,67,PT06M26.00S,1,1610612738,BOS,1627759,Brown,J. Brown,59,16,6,Made,1,12,14,26,h,Brown 6' Driving Floating Bank Jump Shot (4 PTS),Made Shot,Driving Floating Bank Jump Shot,1,2,50,0012400005,2024-10-06
0012400005,69,PT06M26.00S,1,1610612743,DEN,1628427,Čančar,V. Čančar,0,0,0,,0,,,0,v,Čančar S.FOUL (P2.T3) (J.Goble),Foul,Shooting,1,0,51,0012400005,2024-10-06
0012400005,71,PT06M26.00S,1,1610612738,BOS,1627759,Brown,J. Brown,0,0,0,,0,13,14,27,h,Brown Free Throw 1 of 1 (5 PTS),Free Throw,Free Throw 1 of 1,1,0,52,0012400005,2024-10-06
0012400005,72,PT06M04.00S,1,1610612743,DEN,1627750,Murray,J. Murray,190,19,19,Missed,1,,,0,v,MISS Murray 19' Fadeaway Jumper,Missed Shot,Fadeaway Jump Shot,1,2,53,0012400005,2024-10-06
0012400005,73,PT06M02.00S,1,1610612738,BOS,1628369,Tatum,J. Tatum,0,0,0,,0,,,0,h,Tatum REBOUND (Off:0 Def:2),Rebound,Unknown,1,0,54,0012400005,2024-10-06
0012400005,74,PT05M57.00S,1,1610612738,BOS,1628436,Kornet,L. Kornet,-5,6,1,Missed,1,,,0,h,MISS Kornet 1' Running Finger Roll Layup,Missed Shot,Running Finger Roll Layup Shot,1,2,55,0012400005,2024-10-06
0012400005,75,PT05M55.00S,1,1610612743,DEN,1628427,Čančar,V. Čančar,0,0,0,,0,,,0,v,Čančar REBOUND (Off:0 Def:2),Rebound,Unknown,1,0,56,0012400005,2024-10-06
0012400005,76,PT05M50.00S,1,1610612743,DEN,1627750,Murray,J. Murray,-233,-7,0,Missed,1,,,0,v,MISS Murray 3PT Running Jump Shot,Missed Shot,Running Jump Shot,1,3,57,0012400005,2024-10-06
0012400005,77,PT05M44.00S,1,1610612743,DEN,203999,Jokić,N. Jokić,0,0,0,,0,,,0,v,Jokić REBOUND (Off:1 Def:2),Rebound,Unknown,1,0,58,0012400005,2024-10-06
0012400005,78,PT05M44.00S,1,1610612743,DEN,203999,Jokić,N. Jokić,0,0,0,Made,1,13,16,29,v,Jokić Putback Layup (4 PTS),Made Shot,Putback Layup Shot,1,2,59,0012400005,2024-10-06
0012400005,81,PT05M38.00S,1,1610612743,DEN,1627750,Murray,J. Murray,0,0,0,,0,,,0,v,Murray S.FOUL (P1.T4) (C.Washington),Foul,Shooting,1,0,60,0012400005,2024-10-06
0012400005,83,PT05M38.00S,1,1610612738,BOS,1627759,Brown,J. Brown,0,0,0,,0,14,16,30,h,Brown Free Throw 1 of 2 (6 PTS),Free Throw,Free Throw 1 of 2,1,0,61,0012400005,2024-10-06
0012400005,84,PT05M38.00S,1,1610612738,BOS,1628436,Kornet,L. Kornet,0,0,0,,0,,,0,h,SUB: Queta FOR Kornet,Substitution,,0,0,62,0012400005,2024-10-06
0012400005,86,PT05M38.00S,1,1610612738,BOS,1627759,Brown,J. Brown,0,0,0,,0,15,16,31,h,Brown Free Throw 2 of 2 (7 PTS),Free Throw,Free Throw 2 of 2,1,0,63,0012400005,2024-10-06
0012400005,87,PT05M27.00S,1,1610612743,DEN,203999,Jokić,N. Jokić,0,0,0,,0,,,0,v,Jokić Lost Ball Turnover (P1.T2),Turnover,Lost Ball,1,0,64,0012400005,2024-10-06
0012400005,87,PT05M27.00S,1,1610612738,BOS,201950,Holiday,J. Holiday,0,0,0,,0,,,0,h,Holiday STEAL (2 STL),,,1,0,65,0012400005,2024-10-06
0012400005,89,PT05M22.00S,1,1610612738,BOS,201950,Holiday,J. Holiday,-10,5,1,Made,1,17,16,33,h,Holiday 1' Running Finger Roll Layup (2 PTS),Made Shot,Running Finger Roll Layup Shot,1,2,66,0012400005,2024-10-06
0012400005,90,PT05M08.00S,1,1610612743,DEN,203999,Jokić,N. Jokić,0,0,0,,0,,,0,v,Jokić Bad Pass Turnover (P2.T3),Turnover,Bad Pass,1,0,67,0012400005,2024-10-06
0012400005,90,PT05M08.00S,1,1610612738,BOS,1629674,Queta,N. Queta,0,0,0,,0,,,0,h,Queta STEAL (1 STL),,,1,0,68,0012400005,2024-10-06
0012400005,92,PT04M57.00S,1,1610612738,BOS,1628401,White,D. White,173,186,25,Missed,1,,,0,h,MISS White 25' 3PT Jump Shot,Missed Shot,Jump Shot,1,3,69,0012400005,2024-10-06
0012400005,93,PT04M54.00S,1,0,,1610612743,,,0,0,0,,0,,,0,v,Nuggets Rebound,Rebound,Unknown,1,0,70,0012400005,2024-10-06
0012400005,94,PT04M54.00S,1,1610612738,BOS,1627759,Brown,J. Brown,0,0,0,,0,,,0,h,Brown L.B.FOUL (P2.T2) (M.Ervin),Foul,Loose Ball,1,0,71,0012400005,2024-10-06
0012400005,96,PT04M37.00S,1,1610612743,DEN,203999,Jokić,N. Jokić,44,40,6,Missed,1,,,0,v,MISS Jokić 6' Driving Layup,Missed Shot,Driving Layup Shot,1,2,72,0012400005,2024-10-06
0012400005,97,PT04M35.00S,1,1610612738,BOS,1629674,Queta,N. Queta,0,0,0,,0,,,0,h,Queta REBOUND (Off:0 Def:1),Rebound,Unknown,1,0,73,0012400005,2024-10-06
0012400005,98,PT04M32.00S,1,1610612738,BOS,1628369,Tatum,J. Tatum,70,264,27,Made,1,20,16,36,h,Tatum 27' 3PT Running Pull-Up Jump Shot (6 PTS),Made Shot,Running Pull-Up Jump Shot,1,3,74,0012400005,2024-10-06
0012400005,99,PT04M23.00S,1,0,,1610612743,,,0,0,0,,0,,,0,v,Nuggets Timeout: Regular (Reg.1 Short 0),Timeout,Regular,0,0,75,0012400005,2024-10-06
0012400005,101,PT04M22.00S,1,0,,98,Anderson,N. Anderson,0,0,0,,0,20,16,36,,Instant Replay1st Period (10:27 AM EST),Instant Replay,Support Ruling,0,0,76,0012400005,2024-10-06
0012400005,102,PT04M22.00S,1,1610612743,DEN,1631124,Strawther,J. Strawther,0,0,0,,0,,,0,v,SUB: Tyson FOR Strawther,Substitution,,0,0,77,0012400005,2024-10-06
0012400005,103,PT04M22.00S,1,1610612743,DEN,1628427,Čančar,V. Čančar,0,0,0,,0,,,0,v,SUB: Nnaji FOR Čančar,Substitution,,0,0,78,0012400005,2024-10-06
0012400005,106,PT04M07.00S,1,1610612743,DEN,203999,Jokić,N. Jokić,31,45,5,Made,1,20,18,38,v,Jokić 5' Turnaround Jump Shot (6 PTS),Made Shot,Turnaround Jump Shot,1,2,79,0012400005,2024-10-06
0012400005,107,PT03M56.00S,1,1610612738,BOS,1628369,Tatum,J. Tatum,118,8,12,Missed,1,,,0,h,MISS Tatum 12' Turnaround Jump Shot,Missed Shot,Turnaround Jump Shot,1,2,80,0012400005,2024-10-06
0012400005,107,PT03M56.00S,1,1610612743,DEN,1627750,Murray,J. Murray,0,0,0,,0,,,0,v,Murray BLOCK (1 BLK),,,1,2,81,0012400005,2024-10-06
0012400005,109,PT03M56.00S,1,0,,1610612738,,,0,0,0,,0,,,0,h,CELTICS Rebound,Rebound,Unknown,1,0,82,0012400005,2024-10-06
0012400005,110,PT03M53.00S,1,1610612738,BOS,1628369,Tatum,J. Tatum,105,25,11,Made,1,22,18,40,h,Tatum 11' Fadeaway Jumper (8 PTS) (White 3 AST),Made Shot,Fadeaway Jump Shot,1,2,83,0012400005,2024-10-06
0012400005,112,PT03M38.00S,1,1610612743,DEN,1641816,Tyson,H. Tyson,230,48,0,Missed,1,,,0,v,MISS Tyson 3PT Step Back Jump Shot,Missed Shot,Step Back Jump shot,1,3,84,0012400005,2024-10-06
0012400005,113,PT03M34.00S,1,1610612738,BOS,1628401,White,D. White,0,0,0,,0,,,0,h,White REBOUND (Off:2 Def:2),Rebound,Unknown,1,0,85,0012400005,2024-10-06
0012400005,114,PT03M22.00S,1,1610612738,BOS,1628369,Tatum,J. Tatum,114,60,13,Made,1,24,18,42,h,Tatum 13' Fadeaway Jumper (10 PTS),Made Shot,Fadeaway Jump Shot,1,2,86,0012400005,2024-10-06
0012400005,115,PT03M05.00S,1,1610612743,DEN,203999,Jokić,N. Jokić,20,-2,2,Made,1,24,20,44,v,Jokić 2' Driving Layup (8 PTS) (Braun 1 AST),Made Shot,Driving Layup Shot,1,2,87,0012400005,2024-10-06
0012400005,117,PT02M44.00S,1,1610612738,BOS,1629674,Queta,N. Queta,32,11,3,Missed,1,,,0,h,MISS Queta 3' Finger Roll Layup,Missed Shot,Finger Roll Layup Shot,1,2,88,0012400005,2024-10-06
0012400005,118,PT02M42.00S,1,1610612743,DEN,203999,Jokić,N. Jokić,0,0,0,,0,,,0,v,Jokić REBOUND (Off:1 Def:3),Rebound,Unknown,1,0,89,0012400005,2024-10-06
0012400005,119,PT02M40.00S,1,1610612743,DEN,1627750,Murray,J. Murray,0,0,0,,0,,,0,v,Murray Bad Pass Turnover (P2.T4),Turnover,Bad Pass,1,0,90,0012400005,2024-10-06
0012400005,119,PT02M40.00S,1,1610612738,BOS,1628369,Tatum,J. Tatum,0,0,0,,0,,,0,h,Tatum STEAL (1 STL),,,1,0,91,0012400005,2024-10-06
0012400005,121,PT02M37.00S,1,1610612738,BOS,1628369,Tatum,J. Tatum,-148,215,26,Missed,1,,,0,h,MISS Tatum 26' 3PT Running Pull-Up Jump Shot,Missed Shot,Running Pull-Up Jump Shot,1,3,92,0012400005,2024-10-06
0012400005,122,PT02M35.00S,1,1610612743,DEN,1627750,Murray,J. Murray,0,0,0,,0,,,0,v,Murray REBOUND (Off:0 Def:1),Rebound,Unknown,1,0,93,0012400005,2024-10-06
0012400005,123,PT02M28.00S,1,1610612743,DEN,1641816,Tyson,H. Tyson,-227,-1,0,Missed,1,,,0,v,MISS Tyson 3PT Jump Shot,Missed Shot,Jump Shot,1,3,94,0012400005,2024-10-06
0012400005,124,PT02M24.00S,1,1610612738,BOS,1629674,Queta,N. Queta,0,0,0,,0,,,0,h,Queta REBOUND (Off:0 Def:2),Rebound,Unknown,1,0,95,0012400005,2024-10-06
0012400005,125,PT02M19.00S,1,1610612738,BOS,201950,Holiday,J. Holiday,-223,27,0,Made,1,27,20,47,h,Holiday 3PT Jump Shot (5 PTS) (Brown 1 AST),Made Shot,Jump Shot,1,3,96,0012400005,2024-10-06
0012400005,127,PT02M04.00S,1,1610612743,DEN,203999,Jokić,N. Jokić,146,211,26,Made,1,27,23,50,v,Jokić 26' 3PT Jump Shot (11 PTS) (Braun 2 AST),Made Shot,Jump Shot,1,3,97,0012400005,2024-10-06
0012400005,129,PT01M58.00S,1,1610612738,BOS,1627759,Brown,J. Brown,0,0,0,,0,,,0,h,Brown Out of Bounds - Bad Pass Turnover Turnover (P1.T1),Turnover,Out of Bounds - Bad Pass Turnover,1,0,98,0012400005,2024-10-06
0012400005,130,PT01M58.00S,1,1610612743,DEN,203999,Jokić,N. Jokić,0,0,0,,0,,,0,v,SUB: Strawther FOR Jokić,Substitution,,0,0,99,0012400005,2024-10-06
0012400005,131,PT01M58.00S,1,1610612743,DEN,1627750,Murray,J. Murray,0,0,0,,0,,,0,v,SUB: Šarić FOR Murray,Substitution,,0,0,100,0012400005,2024-10-06
0012400005,134,PT01M37.00S,1,1610612743,DEN,1630192,Nnaji,Z. Nnaji,-235,16,24,Missed,1,,,0,v,MISS Nnaji 24' 3PT Jump Shot,Missed Shot,Jump Shot,1,3,101,0012400005,2024-10-06
0012400005,135,PT01M34.00S,1,1610612743,DEN,203967,Šarić,D. Šarić,0,0,0,,0,,,0,v,Šarić REBOUND (Off:1 Def:0),Rebound,Unknown,1,0,102,0012400005,2024-10-06
0012400005,136,PT01M26.00S,1,1610612743,DEN,203967,Šarić,D. Šarić,-15,61,6,Made,1,27,25,52,v,Šarić 6' Turnaround Jump Shot (2 PTS) (Braun 3 AST),Made Shot,Turnaround Jump Shot,1,2,103,0012400005,2024-10-06
0012400005,138,PT01M20.00S,1,1610612738,BOS,1628401,White,D. White,15,8,2,Made,1,29,25,54,h,White 2' Driving Reverse Layup (7 PTS) (Holiday 1 AST),Made Shot,Driving Reverse Layup Shot,1,2,104,0012400005,2024-10-06
0012400005,140,PT01M20.00S,1,1610612743,DEN,1631124,Strawther,J. Strawther,0,0,0,,0,,,0,v,Strawther S.FOUL (P1.PN) (J.Goble),Foul,Shooting,1,0,105,0012400005,2024-10-06
0012400005,142,PT01M20.00S,1,1610612738,BOS,1628401,White,D. White,0,0,0,,0,30,25,55,h,White Free Throw 1 of 1 (8 PTS),Free Throw,Free Throw 1 of 1,1,0,106,0012400005,2024-10-06
0012400005,143,PT01M09.00S,1,1610612738,BOS,201950,Holiday,J. Holiday,0,0,0,,0,,,0,h,Holiday P.FOUL (P1.T3) (M.Ervin),Foul,Personal,1,0,107,0012400005,2024-10-06
0012400005,145,PT01M04.00S,1,1610612743,DEN,1631124,Strawther,J. Strawther,51,122,13,Made,1,30,27,57,v,Strawther 13' Driving Floating Jump Shot (4 PTS) (Tyson 1 AST),Made Shot,Driving Floating Jump Shot,1,2,108,0012400005,2024-10-06
0012400005,147,PT00M54.80S,1,1610612738,BOS,1627759,Brown,J. Brown,-150,8,15,Made,1,32,27,59,h,Brown 15' Turnaround Fadeaway (9 PTS),Made Shot,Turnaround Fadeaway shot,1,2,109,0012400005,2024-10-06
0012400005,148,PT00M33.20S,1,1610612738,BOS,201950,Holiday,J. Holiday,0,0,0,,0,,,0,h,Holiday P.FOUL (P2.PN) (C.Washington),Foul,Personal,1,0,110,0012400005,2024-10-06
0012400005,150,PT00M33.20S,1,1610612743,DEN,1630192,Nnaji,Z. Nnaji,0,0,0,,0,32,28,60,v,Nnaji Free Throw 1 of 2 (1 PTS),Free Throw,Free Throw 1 of 2,1,0,111,0012400005,2024-10-06
0012400005,151,PT00M33.20S,1,1610612743,DEN,1630192,Nnaji,Z. Nnaji,0,0,0,,0,32,29,61,v,Nnaji Free Throw 2 of 2 (2 PTS),Free Throw,Free Throw 2 of 2,1,0,112,0012400005,2024-10-06
0012400005,152,PT00M12.70S,1,1610612738,BOS,201950,Holiday,J. Holiday,5,23,2,Made,1,34,29,63,h,Holiday 2' Driving Floating Jump Shot (7 PTS),Made Shot,Driving Floating Jump Shot,1,2,113,0012400005,2024-10-06
0012400005,153,PT00M04.00S,1,1610612743,DEN,1631128,Braun,C. Braun,-238,103,26,Missed,1,,,0,v,MISS Braun 26' 3PT Jump Shot,Missed Shot,Jump Shot,1,3,114,0012400005,2024-10-06
0012400005,154,PT00M04.00S,1,1610612743,DEN,1631128,Braun,C. Braun,0,0,0,,0,,,0,v,Braun REBOUND (Off:1 Def:1),Rebound,Unknown,1,0,115,0012400005,2024-10-06
0012400005,155,PT00M00.30S,1,1610612743,DEN,1631128,Braun,C. Braun,-239,-17,24,Missed,1,,,0,v,MISS Braun 24' 3PT Floating Jump Shot,Missed Shot,Floating Jump shot,1,3,116,0012400005,2024-10-06
0012400005,156,PT00M00.10S,1,0,,1610612743,,,0,0,0,,0,,,0,v,Nuggets Rebound,Rebound,Unknown,0,0,117,0012400005,2024-10-06
0012400005,157,PT00M00.00S,1,0,,0,,,0,0,0,,0,34,29,63,,End of 1st Period (10:34 AM EST),period,end,1,0,118,0012400005,2024-10-06
0012400005,170,PT12M00.00S,2,0,,0,,,0,0,0,,0,34,29,63,,Start of 2nd Period (10:37 AM EST),period,start,0,0,119,0012400005,2024-10-06
0012400005,171,PT11M42.00S,2,1610612738,BOS,1641775,Walsh,J. Walsh,26,264,27,Missed,1,,,0,h,MISS Walsh 27' 3PT Jump Shot,Missed Shot,Jump Shot,1,3,120,0012400005,2024-10-06
0012400005,172,PT11M39.00S,2,0,,1610612743,,,0,0,0,,0,,,0,v,Nuggets Rebound,Rebound,Unknown,0,0,121,0012400005,2024-10-06
0012400005,174,PT11M32.00S,2,1610612738,BOS,1630202,Pritchard,P. Pritchard,0,0,0,,0,,,0,h,Pritchard P.FOUL (P1.T1) (J.Goble),Foul,Personal,1,0,122,0012400005,2024-10-06
0012400005,176,PT11M19.00S,2,1610612743,DEN,1629618,Pickett,J. Pickett,113,231,26,Missed,1,,,0,v,MISS Pickett 26' 3PT Jump Shot,Missed Shot,Jump Shot,1,3,123,0012400005,2024-10-06
0012400005,177,PT11M18.00S,2,0,,1610612743,,,0,0,0,,0,,,0,v,Nuggets Rebound,Rebound,Unknown,0,0,124,0012400005,2024-10-06
0012400005,178,PT11M18.00S,2,1610612738,BOS,1630202,Pritchard,P. Pritchard,0,0,0,,0,,,0,h,Pritchard L.B.FOUL (P2.T2) (C.Washington),Foul,Loose Ball,1,0,125,0012400005,2024-10-06
0012400005,180,PT11M10.00S,2,1610612743,DEN,1641816,Tyson,H. Tyson,218,100,24,Missed,1,,,0,v,MISS Tyson 24' 3PT Jump Shot,Missed Shot,Jump Shot,1,3,126,0012400005,2024-10-06
0012400005,181,PT11M07.00S,2,1610612743,DEN,203967,Šarić,D. Šarić,0,0,0,,0,,,0,v,Šarić REBOUND (Off:2 Def:0),Rebound,Unknown,1,0,127,0012400005,2024-10-06
0012400005,183,PT10M57.00S,2,1610612738,BOS,1630202,Pritchard,P. Pritchard,0,0,0,,0,,,0,h,Pritchard S.FOUL (P3.T3) (M.Ervin),Foul,Shooting,1,0,128,0012400005,2024-10-06
0012400005,185,PT10M57.00S,2,1610612743,DEN,1631124,Strawther,J. Strawther,0,0,0,,0,34,30,64,v,Strawther Free Throw 1 of 3 (5 PTS),Free Throw,Free Throw 1 of 3,1,0,129,0012400005,2024-10-06
0012400005,186,PT10M57.00S,2,1610612743,DEN,1631124,Strawther,J. Strawther,0,0,0,,0,,,0,v,MISS Strawther Free Throw 2 of 3,Free Throw,Free Throw 2 of 3,1,0,130,0012400005,2024-10-06
0012400005,187,PT10M57.00S,2,0,,1610612743,,,0,0,0,,0,,,0,v,Nuggets Rebound,Rebound,Normal Rebound,0,0,131,0012400005,2024-10-06
0012400005,188,PT10M57.00S,2,1610612743,DEN,1631124,Strawther,J. Strawther,0,0,0,,0,34,31,65,v,Strawther Free Throw 3 of 3 (6 PTS),Free Throw,Free Throw 3 of 3,1,0,132,0012400005,2024-10-06
0012400005,189,PT10M34.00S,2,1610612743,DEN,203967,Šarić,D. Šarić,0,0,0,,0,,,0,v,Šarić S.FOUL (P1.T1) (M.Ervin),Foul,Shooting,1,0,133,0012400005,2024-10-06
0012400005,191,PT10M34.00S,2,1610612738,BOS,1630214,Tillman,X. Tillman,0,0,0,,0,,,0,h,MISS Tillman Free Throw 1 of 2,Free Throw,Free Throw 1 of 2,1,0,134,0012400005,2024-10-06
0012400005,192,PT10M34.00S,2,0,,1610612738,,,0,0,0,,0,,,0,h,CELTICS Rebound,Rebound,Normal Rebound,0,0,135,0012400005,2024-10-06
0012400005,193,PT10M34.00S,2,1610612738,BOS,1630214,Tillman,X. Tillman,0,0,0,,0,35,31,66,h,Tillman Free Throw 2 of 2 (1 PTS),Free Throw,Free Throw 2 of 2,1,0,136,0012400005,2024-10-06
0012400005,194,PT10M18.00S,2,1610612743,DEN,1631124,Strawther,J. Strawther,20,26,3,Missed,1,,,0,v,MISS Strawther 3' Driving Reverse Layup,Missed Shot,Driving Reverse Layup Shot,1,2,137,0012400005,2024-10-06
0012400005,195,PT10M14.00S,2,1610612743,DEN,203967,Šarić,D. Šarić,0,0,0,,0,,,0,v,Šarić REBOUND (Off:3 Def:0),Rebound,Unknown,1,0,138,0012400005,2024-10-06
0012400005,196,PT10M14.00S,2,1610612743,DEN,203967,Šarić,D. Šarić,0,0,0,Missed,1,,,0,v,MISS Šarić Tip Layup Shot,Missed Shot,Tip Layup Shot,1,2,139,0012400005,2024-10-06
0012400005,197,PT10M14.00S,2,1610612738,BOS,1630214,Tillman,X. Tillman,0,0,0,,0,,,0,h,Tillman REBOUND (Off:0 Def:1),Rebound,Unknown,1,0,140,0012400005,2024-10-06
0012400005,198,PT10M06.00S,2,1610612738,BOS,1630573,Hauser,S. Hauser,-17,79,8,Made,1,37,31,68,h,Hauser 8' Fadeaway Jumper (2 PTS) (Pritchard 1 AST),Made Shot,Fadeaway Jump Shot,1,2,141,0012400005,2024-10-06
0012400005,200,PT09M55.00S,2,1610612743,DEN,1629618,Pickett,J. Pickett,-70,159,17,Missed,1,,,0,v,MISS Pickett 17' Step Back Jump Shot,Missed Shot,Step Back Jump shot,1,2,142,0012400005,2024-10-06
0012400005,201,PT09M53.00S,2,0,,1610612743,,,0,0,0,,0,,,0,v,Nuggets Rebound,Rebound,Unknown,1,0,143,0012400005,2024-10-06
0012400005,203,PT09M53.00S,2,1610612743,DEN,1631124,Strawther,J. Strawther,0,0,0,,0,,,0,v,SUB: Alexander FOR Strawther,Substitution,,0,0,144,0012400005,2024-10-06
0012400005,205,PT09M52.00S,2,1610612743,DEN,203967,Šarić,D. Šarić,-2,19,2,Made,1,37,33,70,v,Šarić 2' Finger Roll Layup (4 PTS) (Pickett 1 AST),Made Shot,Finger Roll Layup Shot,1,2,145,0012400005,2024-10-06
0012400005,207,PT09M35.00S,2,1610612738,BOS,1630573,Hauser,S. Hauser,-200,152,25,Made,1,40,33,73,h,Hauser 25' 3PT Jump Shot (5 PTS) (Tillman 1 AST),Made Shot,Jump Shot,1,3,146,0012400005,2024-10-06
0012400005,209,PT09M19.00S,2,1610612743,DEN,203967,Šarić,D. Šarić,-16,-2,2,Made,1,40,35,75,v,Šarić 2' Driving Layup (6 PTS) (Pickett 2 AST),Made Shot,Driving Layup Shot,1,2,147,0012400005,2024-10-06
0012400005,211,PT09M19.00S,2,1610612738,BOS,1641775,Walsh,J. Walsh,0,0,0,,0,,,0,h,Walsh S.FOUL (P1.T4) (J.Goble),Foul,Shooting,1,0,148,0012400005,2024-10-06
0012400005,213,PT09M19.00S,2,1610612743,DEN,203967,Šarić,D. Šarić,0,0,0,,0,40,36,76,v,Šarić Free Throw 1 of 1 (7 PTS),Free Throw,Free Throw 1 of 1,1,0,149,0012400005,2024-10-06
0012400005,214,PT09M04.00S,2,1610612738,BOS,1630214,Tillman,X. Tillman,-42,48,6,Missed,1,,,0,h,MISS Tillman 6' Turnaround Jump Shot,Missed Shot,Turnaround Jump Shot,1,2,150,0012400005,2024-10-06
0012400005,215,PT09M02.00S,2,1610612743,DEN,203967,Šarić,D. Šarić,0,0,0,,0,,,0,v,Šarić REBOUND (Off:3 Def:1),Rebound,Unknown,1,0,151,0012400005,2024-10-06
0012400005,216,PT08M57.00S,2,1610612743,DEN,1630192,Nnaji,Z. Nnaji,0,0,0,,0,,,0,v,Nnaji Lost Ball Turnover (P1.T5),Turnover,Lost Ball,1,0,152,0012400005,2024-10-06
0012400005,216,PT08M57.00S,2,1610612738,BOS,1641775,Walsh,J. Walsh,0,0,0,,0,,,0,h,Walsh STEAL (1 STL),,,1,0,153,0012400005,2024-10-06
0012400005,218,PT08M53.00S,2,1610612738,BOS,1630573,Hauser,S. Hauser,-174,183,25,Made,1,43,36,79,h,Hauser 25' 3PT Running Jump Shot (8 PTS) (Walsh 1 AST),Made Shot,Running Jump Shot,1,3,154,0012400005,2024-10-06
0012400005,220,PT08M39.00S,2,1610612738,BOS,1630531,Springer,J. Springer,0,0,0,,0,,,0,h,Springer P.FOUL (P1.PN) (C.Washington),Foul,Personal,1,0,155,0012400005,2024-10-06
0012400005,222,PT08M39.00S,2,1610612743,DEN,1629618,Pickett,J. Pickett,0,0,0,,0,43,37,80,v,Pickett Free Throw 1 of 2 (1 PTS),Free Throw,Free Throw 1 of 2,1,0,156,0012400005,2024-10-06
0012400005,223,PT08M39.00S,2,1610612743,DEN,1629618,Pickett,J. Pickett,0,0,0,,0,,,0,v,MISS Pickett Free Throw 2 of 2,Free Throw,Free Throw 2 of 2,1,0,157,0012400005,2024-10-06
0012400005,224,PT08M37.00S,2,1610612738,BOS,1630202,Pritchard,P. Pritchard,0,0,0,,0,,,0,h,Pritchard REBOUND (Off:0 Def:1),Rebound,Unknown,1,0,158,0012400005,2024-10-06
0012400005,225,PT08M30.00S,2,1610612738,BOS,1630531,Springer,J. Springer,-223,97,24,Made,1,46,37,83,h,Springer 24' 3PT Jump Shot (3 PTS) (Pritchard 2 AST),Made Shot,Jump Shot,1,3,159,0012400005,2024-10-06
0012400005,227,PT08M28.00S,2,0,,1610612743,,,0,0,0,,0,,,0,v,Nuggets Timeout: Regular (Reg.2 Short 0),Timeout,Regular,0,0,160,0012400005,2024-10-06
0012400005,228,PT08M28.00S,2,1610612743,DEN,1630192,Nnaji,Z. Nnaji,0,0,0,,0,,,0,v,SUB: Braun FOR Nnaji,Substitution,,0,0,161,0012400005,2024-10-06
0012400005,229,PT08M28.00S,2,1610612743,DEN,1629618,Pickett,J. Pickett,0,0,0,,0,,,0,v,SUB: Jokić FOR Pickett,Substitution,,0,0,162,0012400005,2024-10-06
0012400005,230,PT08M28.00S,2,1610612743,DEN,1641725,Alexander,T. Alexander,0,0,0,,0,,,0,v,SUB: Murray FOR Alexander,Substitution,,0,0,163,0012400005,2024-10-06
0012400005,234,PT08M14.00S,2,1610612738,BOS,1630573,Hauser,S. Hauser,0,0,0,,0,,,0,h,Hauser S.FOUL (P1.PN) (M.Ervin),Foul,Shooting,1,0,164,0012400005,2024-10-06
0012400005,236,PT08M14.00S,2,1610612743,DEN,1631128,Braun,C. Braun,0,0,0,,0,,,0,v,MISS Braun Free Throw 1 of 2,Free Throw,Free Throw 1 of 2,1,0,165,0012400005,2024-10-06
0012400005,237,PT08M14.00S,2,0,,1610612743,,,0,0,0,,0,,,0,v,Nuggets Rebound,Rebound,Normal Rebound,1,0,166,0012400005,2024-10-06
0012400005,238,PT08M14.00S,2,1610612743,DEN,1631128,Braun,C. Braun,0,0,0,,0,46,38,84,v,Braun Free Throw 2 of 2 (4 PTS),Free Throw,Free Throw 2 of 2,1,0,167,0012400005,2024-10-06
0012400005,239,PT08M00.00S,2,1610612743,DEN,1631128,Braun,C. Braun,0,0,0,,0,,,0,v,Braun P.FOUL (P1.T2) (M.Ervin),Foul,Personal,1,0,168,0012400005,2024-10-06
0012400005,241,PT08M00.00S,2,1610612738,BOS,1641775,Walsh,J. Walsh,0,0,0,,0,,,0,h,SUB: Brown FOR Walsh,Substitution,,0,0,169,0012400005,2024-10-06
0012400005,242,PT08M00.00S,2,1610612738,BOS,1630531,Springer,J. Springer,0,0,0,,0,,,0,h,SUB: Tatum FOR Springer,Substitution,,0,0,170,0012400005,2024-10-06
0012400005,245,PT07M55.00S,2,1610612738,BOS,1628369,Tatum,J. Tatum,190,153,24,Missed,1,,,0,h,MISS Tatum 24' 3PT Jump Shot,Missed Shot,Jump Shot,1,3,171,0012400005,2024-10-06
0012400005,246,PT07M52.00S,2,1610612743,DEN,203999,Jokić,N. Jokić,0,0,0,,0,,,0,v,Jokić REBOUND (Off:1 Def:4),Rebound,Unknown,1,0,172,0012400005,2024-10-06
0012400005,247,PT07M42.00S,2,1610612738,BOS,1627759,Brown,J. Brown,0,0,0,,0,,,0,h,Brown S.FOUL (P3.PN) (M.Ervin),Foul,Shooting,1,0,173,0012400005,2024-10-06
0012400005,249,PT07M42.00S,2,1610612743,DEN,203967,Šarić,D. Šarić,0,0,0,,0,46,39,85,v,Šarić Free Throw 1 of 2 (8 PTS),Free Throw,Free Throw 1 of 2,1,0,174,0012400005,2024-10-06
0012400005,250,PT07M42.00S,2,1610612738,BOS,1630202,Pritchard,P. Pritchard,0,0,0,,0,,,0,h,SUB: Kornet FOR Pritchard,Substitution,,0,0,175,0012400005,2024-10-06
0012400005,251,PT07M42.00S,2,1610612738,BOS,1630214,Tillman,X. Tillman,0,0,0,,0,,,0,h,SUB: White FOR Tillman,Substitution,,0,0,176,0012400005,2024-10-06
0012400005,254,PT07M42.00S,2,1610612743,DEN,203967,Šarić,D. Šarić,0,0,0,,0,46,40,86,v,Šarić Free Throw 2 of 2 (9 PTS),Free Throw,Free Throw 2 of 2,1,0,177,0012400005,2024-10-06
0012400005,255,PT07M27.00S,2,1610612738,BOS,1628369,Tatum,J. Tatum,0,0,0,,0,,,0,h,Tatum Step Out of Bounds Turnover (P1.T2),Turnover,Step Out of Bounds Turnover,1,0,178,0012400005,2024-10-06
0012400005,256,PT07M27.00S,2,1610612743,DEN,203967,Šarić,D. Šarić,0,0,0,,0,,,0,v,SUB: Čančar FOR Šarić,Substitution,,0,0,179,0012400005,2024-10-06
0012400005,258,PT07M15.00S,2,1610612743,DEN,203999,Jokić,N. Jokić,88,235,25,Missed,1,,,0,v,MISS Jokić 25' 3PT Jump Shot,Missed Shot,Jump Shot,1,3,180,0012400005,2024-10-06
0012400005,259,PT07M12.00S,2,1610612743,DEN,1628427,Čančar,V. Čančar,0,0,0,,0,,,0,v,Čančar REBOUND (Off:1 Def:2),Rebound,Unknown,1,0,181,0012400005,2024-10-06
0012400005,260,PT07M09.00S,2,1610612738,BOS,1628436,Kornet,L. Kornet,0,0,0,,0,,,0,h,Kornet P.FOUL (P1.PN) (C.Washington),Foul,Personal,1,0,182,0012400005,2024-10-06
0012400005,262,PT07M09.00S,2,1610612743,DEN,203999,Jokić,N. Jokić,0,0,0,,0,46,41,87,v,Jokić Free Throw 1 of 2 (12 PTS),Free Throw,Free Throw 1 of 2,1,0,183,0012400005,2024-10-06
0012400005,263,PT07M09.00S,2,1610612743,DEN,203999,Jokić,N. Jokić,0,0,0,,0,46,42,88,v,Jokić Free Throw 2 of 2 (13 PTS),Free Throw,Free Throw 2 of 2,1,0,184,0012400005,2024-10-06
0012400005,264,PT06M48.00S,2,1610612738,BOS,1630573,Hauser,S. Hauser,228,10,0,Made,1,49,42,91,h,Hauser 3PT Jump Shot (11 PTS) (Tatum 1 AST),Made Shot,Jump Shot,1,3,185,0012400005,2024-10-06
0012400005,266,PT06M39.00S,2,1610612738,BOS,1628401,White,D. White,0,0,0,,0,,,0,h,White P.FOUL (P1.PN) (C.Washington),Foul,Personal,1,0,186,0012400005,2024-10-06
0012400005,268,PT06M39.00S,2,1610612743,DEN,203999,Jokić,N. Jokić,0,0,0,,0,,,0,v,MISS Jokić Free Throw 1 of 2,Free Throw,Free Throw 1 of 2,1,0,187,0012400005,2024-10-06
0012400005,269,PT06M39.00S,2,0,,1610612743,,,0,0,0,,0,,,0,v,Nuggets Rebound,Rebound,Normal Rebound,0,0,188,0012400005,2024-10-06
0012400005,270,PT06M39.00S,2,1610612743,DEN,1641816,Tyson,H. Tyson,0,0,0,,0,,,0,v,SUB: Strawther FOR Tyson,Substitution,,0,0,189,0012400005,2024-10-06
0012400005,272,PT06M39.00S,2,1610612743,DEN,203999,Jokić,N. Jokić,0,0,0,,0,49,43,92,v,Jokić Free Throw 2 of 2 (14 PTS),Free Throw,Free Throw 2 of 2,1,0,190,0012400005,2024-10-06
0012400005,273,PT06M24.00S,2,1610612738,BOS,1628401,White,D. White,-140,97,17,Made,1,51,43,94,h,White 17' Pullup Jump Shot (10 PTS) (Tatum 2 AST),Made Shot,Pullup Jump shot,1,2,191,0012400005,2024-10-06
0012400005,275,PT06M16.00S,2,1610612743,DEN,1628427,Čančar,V. Čančar,0,0,0,,0,,,0,v,Čančar OFF.Foul (P3) (J.Goble),Foul,Offensive,1,0,192,0012400005,2024-10-06
0012400005,277,PT06M16.00S,2,1610612743,DEN,1628427,Čančar,V. Čančar,0,0,0,,0,,,0,v,Čančar Offensive Foul Turnover (P1.T6),Turnover,Offensive Foul Turnover,1,0,193,0012400005,2024-10-06
0012400005,278,PT05M57.00S,2,1610612738,BOS,1627759,Brown,J. Brown,26,8,3,Missed,1,,,0,h,MISS Brown 3' Driving Finger Roll Layup,Missed Shot,Driving Finger Roll Layup Shot,1,2,194,0012400005,2024-10-06
0012400005,279,PT05M55.00S,2,1610612743,DEN,203999,Jokić,N. Jokić,0,0,0,,0,,,0,v,Jokić REBOUND (Off:1 Def:5),Rebound,Unknown,1,0,195,0012400005,2024-10-06
0012400005,280,PT05M48.00S,2,1610612743,DEN,203999,Jokić,N. Jokić,4,19,2,Missed,1,,,0,v,MISS Jokić 2' Running Layup,Missed Shot,Running Layup Shot,1,2,196,0012400005,2024-10-06
0012400005,281,PT05M48.00S,2,0,,1610612738,,,0,0,0,,0,,,0,h,CELTICS Rebound,Rebound,Unknown,1,0,197,0012400005,2024-10-06
0012400005,284,PT05M48.00S,2,1610612743,DEN,1628427,Čančar,V. Čančar,0,0,0,,0,,,0,v,Čančar L.B.FOUL (P4.T3) (J.Goble),Foul,Loose Ball,1,0,198,0012400005,2024-10-06
0012400005,286,PT05M31.00S,2,1610612738,BOS,1628369,Tatum,J. Tatum,28,15,3,Missed,1,,,0,h,MISS Tatum 3' Driving Layup,Missed Shot,Driving Layup Shot,1,2,199,0012400005,2024-10-06
0012400005,287,PT05M29.00S,2,1610612743,DEN,1631128,Braun,C. Braun,0,0,0,,0,,,0,v,Braun REBOUND (Off:1 Def:2),Rebound,Unknown,1,0,200,0012400005,2024-10-06
0012400005,288,PT05M25.00S,2,1610612738,BOS,1628436,Kornet,L. Kornet,0,0,0,,0,,,0,h,Kornet S.FOUL (P2.PN) (C.Washington),Foul,Shooting,1,0,201,0012400005,2024-10-06
0012400005,290,PT05M25.00S,2,0,,1610612738,,,0,0,0,,0,,,0,h,CELTICS Timeout: Regular (Full 2 Short 0),Timeout,Regular,0,0,202,0012400005,2024-10-06
0012400005,291,PT05M25.00S,2,1610612738,BOS,1630573,Hauser,S. Hauser,0,0,0,,0,,,0,h,SUB: Holiday FOR Hauser,Substitution,,0,0,203,0012400005,2024-10-06
0012400005,292,PT05M25.00S,2,1610612743,DEN,1628427,Čančar,V. Čančar,0,0,0,,0,,,0,v,SUB: Tyson FOR Čančar,Substitution,,0,0,204,0012400005,2024-10-06
0012400005,295,PT05M25.00S,2,1610612743,DEN,1631128,Braun,C. Braun,0,0,0,,0,51,44,95,v,Braun Free Throw 1 of 2 (5 PTS),Free Throw,Free Throw 1 of 2,1,0,205,0012400005,2024-10-06
0012400005,296,PT05M25.00S,2,1610612743,DEN,1631128,Braun,C. Braun,0,0,0,,0,51,45,96,v,Braun Free Throw 2 of 2 (6 PTS),Free Throw,Free Throw 2 of 2,1,0,206,0012400005,2024-10-06
0012400005,297,PT05M17.00S,2,1610612743,DEN,1631124,Strawther,J. Strawther,0,0,0,,0,,,0,v,Strawther P.FOUL (P2.T4) (J.Goble),Foul,Personal,1,0,207,0012400005,2024-10-06
0012400005,299,PT05M03.00S,2,1610612738,BOS,1627759,Brown,J. Brown,-64,36,7,Made,1,53,45,98,h,Brown 7' Turnaround Jump Shot (11 PTS),Made Shot,Turnaround Jump Shot,1,2,208,0012400005,2024-10-06
0012400005,301,PT04M49.00S,2,1610612743,DEN,203999,Jokić,N. Jokić,11,253,25,Made,1,53,48,101,v,Jokić 25' 3PT Jump Shot (17 PTS) (Strawther 1 AST),Made Shot,Jump Shot,1,3,209,0012400005,2024-10-06
0012400005,303,PT04M36.00S,2,1610612738,BOS,1628436,Kornet,L. Kornet,5,7,1,Made,1,55,48,103,h,Kornet 1' Cutting Layup Shot (2 PTS) (Brown 2 AST),Made Shot,Cutting Layup Shot,1,2,210,0012400005,2024-10-06
0012400005,305,PT04M26.00S,2,1610612743,DEN,1631128,Braun,C. Braun,225,3,0,Missed,1,,,0,v,MISS Braun 3PT Jump Shot,Missed Shot,Jump Shot,1,3,211,0012400005,2024-10-06
0012400005,306,PT04M24.00S,2,1610612743,DEN,1641816,Tyson,H. Tyson,0,0,0,,0,,,0,v,Tyson REBOUND (Off:1 Def:0),Rebound,Unknown,1,0,212,0012400005,2024-10-06
0012400005,307,PT04M22.00S,2,1610612743,DEN,203999,Jokić,N. Jokić,54,114,13,Made,1,55,50,105,v,Jokić 13' Driving Floating Jump Shot (19 PTS) (Tyson 2 AST),Made Shot,Driving Floating Jump Shot,1,2,213,0012400005,2024-10-06
0012400005,309,PT04M22.00S,2,1610612738,BOS,1628436,Kornet,L. Kornet,0,0,0,,0,,,0,h,Kornet S.FOUL (P3.PN) (M.Ervin),Foul,Shooting,1,0,214,0012400005,2024-10-06
0012400005,311,PT04M22.00S,2,1610612743,DEN,203999,Jokić,N. Jokić,0,0,0,,0,55,51,106,v,Jokić Free Throw 1 of 1 (20 PTS),Free Throw,Free Throw 1 of 1,0,0,215,0012400005,2024-10-06
0012400005,312,PT04M09.00S,2,1610612738,BOS,1628436,Kornet,L. Kornet,-11,7,1,Made,1,57,51,108,h,Kornet 1' Layup (4 PTS) (White 4 AST),Made Shot,Layup Shot,1,2,216,0012400005,2024-10-06
0012400005,314,PT04M09.00S,2,1610612743,DEN,203999,Jokić,N. Jokić,0,0,0,,0,,,0,v,Jokić S.FOUL (P2.PN) (J.Goble),Foul,Shooting,1,0,217,0012400005,2024-10-06
0012400005,316,PT04M09.00S,2,1610612738,BOS,1628436,Kornet,L. Kornet,0,0,0,,0,58,51,109,h,Kornet Free Throw 1 of 1 (5 PTS),Free Throw,Free Throw 1 of 1,1,0,218,0012400005,2024-10-06
0012400005,317,PT03M51.00S,2,1610612743,DEN,1641816,Tyson,H. Tyson,-15,3,2,Made,1,58,53,111,v,Tyson 2' Alley Oop Dunk (2 PTS) (Jokić 2 AST),Made Shot,Alley Oop Dunk Shot,1,2,219,0012400005,2024-10-06
0012400005,319,PT03M25.00S,2,1610612738,BOS,1628369,Tatum,J. Tatum,-230,11,0,Missed,1,,,0,h,MISS Tatum 3PT Jump Shot,Missed Shot,Jump Shot,1,3,220,0012400005,2024-10-06
0012400005,320,PT03M21.00S,2,1610612743,DEN,1641816,Tyson,H. Tyson,0,0,0,,0,,,0,v,Tyson REBOUND (Off:1 Def:1),Rebound,Unknown,1,0,221,0012400005,2024-10-06
0012400005,321,PT03M15.00S,2,1610612743,DEN,1627750,Murray,J. Murray,0,0,0,,0,,,0,v,Murray Bad Pass Turnover (P3.T7),Turnover,Bad Pass,1,0,222,0012400005,2024-10-06
0012400005,321,PT03M15.00S,2,1610612738,BOS,1628401,White,D. White,0,0,0,,0,,,0,h,White STEAL (1 STL),,,1,0,223,0012400005,2024-10-06
0012400005,323,PT03M09.00S,2,1610612738,BOS,1627759,Brown,J. Brown,0,12,1,Made,1,60,53,113,h,Brown 1' Running Dunk (13 PTS) (White 5 AST),Made Shot,Running Dunk Shot,1,2,224,0012400005,2024-10-06
0012400005,325,PT03M01.00S,2,1610612743,DEN,203999,Jokić,N. Jokić,0,0,0,,0,,,0,v,Jokić Inbound Turnover (P3.T8),Turnover,Inbound Turnover,1,0,225,0012400005,2024-10-06
0012400005,326,PT02M54.00S,2,1610612738,BOS,1628369,Tatum,J. Tatum,4,7,1,Made,1,62,53,115,h,Tatum 1' Driving Finger Roll Layup (12 PTS) (Brown 3 AST),Made Shot,Driving Finger Roll Layup Shot,0,2,226,0012400005,2024-10-06
0012400005,328,PT02M54.00S,2,0,,1610612743,,,0,0,0,,0,,,0,v,Nuggets Timeout: Regular (Reg.3 Short 0),Timeout,Regular,0,0,227,0012400005,2024-10-06
0012400005,329,PT02M44.00S,2,1610612738,BOS,201950,Holiday,J. Holiday,0,0,0,,0,,,0,h,Holiday P.FOUL (P3.PN) (C.Washington),Foul,Personal,1,0,228,0012400005,2024-10-06
0012400005,331,PT02M44.00S,2,1610612743,DEN,1627750,Murray,J. Murray,0,0,0,,0,62,54,116,v,Murray Free Throw 1 of 2 (8 PTS),Free Throw,Free Throw 1 of 2,1,0,229,0012400005,2024-10-06
0012400005,332,PT02M44.00S,2,1610612743,DEN,1627750,Murray,J. Murray,0,0,0,,0,62,55,117,v,Murray Free Throw 2 of 2 (9 PTS),Free Throw,Free Throw 2 of 2,1,0,230,0012400005,2024-10-06
0012400005,333,PT02M29.00S,2,1610612738,BOS,1628369,Tatum,J. Tatum,69,141,16,Missed,1,,,0,h,MISS Tatum 16' Turnaround Fadeaway Shot,Missed Shot,Turnaround Fadeaway shot,1,2,231,0012400005,2024-10-06
0012400005,334,PT02M26.00S,2,1610612743,DEN,1641816,Tyson,H. Tyson,0,0,0,,0,,,0,v,Tyson REBOUND (Off:1 Def:2),Rebound,Unknown,1,0,232,0012400005,2024-10-06
0012400005,335,PT02M09.00S,2,1610612743,DEN,1631128,Braun,C. Braun,42,52,7,Made,1,62,57,119,v,Braun 7' Driving Hook Shot (8 PTS) (Jokić 3 AST),Made Shot,Driving Hook Shot,1,2,233,0012400005,2024-10-06
0012400005,337,PT02M01.00S,2,1610612738,BOS,1627759,Brown,J. Brown,140,204,25,Made,1,65,57,122,h,Brown 25' 3PT Pullup Jump Shot (16 PTS),Made Shot,Pullup Jump shot,1,3,234,0012400005,2024-10-06
0012400005,338,PT01M46.00S,2,1610612743,DEN,1627750,Murray,J. Murray,-49,16,5,Missed,1,,,0,v,MISS Murray 5' Driving Layup,Missed Shot,Driving Layup Shot,1,2,235,0012400005,2024-10-06
0012400005,338,PT01M46.00S,2,1610612738,BOS,1628436,Kornet,L. Kornet,0,0,0,,0,,,0,h,Kornet BLOCK (1 BLK),,,1,2,236,0012400005,2024-10-06
0012400005,340,PT01M46.00S,2,0,,1610612743,,,0,0,0,,0,,,0,v,Nuggets Rebound,Rebound,Unknown,0,0,237,0012400005,2024-10-06
0012400005,342,PT01M38.00S,2,1610612743,DEN,203999,Jokić,N. Jokić,28,63,7,Missed,1,,,0,v,MISS Jokić 7' Driving Floating Jump Shot,Missed Shot,Driving Floating Jump Shot,1,2,238,0012400005,2024-10-06
0012400005,343,PT01M36.00S,2,1610612738,BOS,1628436,Kornet,L. Kornet,0,0,0,,0,,,0,h,Kornet REBOUND (Off:0 Def:1),Rebound,Unknown,1,0,239,0012400005,2024-10-06
0012400005,344,PT01M32.00S,2,1610612738,BOS,1628401,White,D. White,12,6,1,Missed,1,,,0,h,MISS White 1' Driving Finger Roll Layup,Missed Shot,Driving Finger Roll Layup Shot,1,2,240,0012400005,2024-10-06
0012400005,345,PT01M30.00S,2,1610612738,BOS,1627759,Brown,J. Brown,0,0,0,,0,,,0,h,Brown REBOUND (Off:1 Def:0),Rebound,Unknown,1,0,241,0012400005,2024-10-06
0012400005,346,PT01M25.00S,2,1610612738,BOS,1627759,Brown,J. Brown,224,-1,0,Missed,1,,,0,h,MISS Brown 3PT Pullup Jump Shot,Missed Shot,Pullup Jump shot,1,3,242,0012400005,2024-10-06
0012400005,347,PT01M23.00S,2,0,,1610612743,,,0,0,0,,0,,,0,v,Nuggets Rebound,Rebound,Unknown,1,0,243,0012400005,2024-10-06
0012400005,348,PT01M19.00S,2,1610612738,BOS,1627759,Brown,J. Brown,0,0,0,,0,,,0,h,Brown P.FOUL (P4.PN) (J.Goble),Foul,Personal,1,0,244,0012400005,2024-10-06
0012400005,350,PT01M19.00S,2,1610612743,DEN,1641816,Tyson,H. Tyson,0,0,0,,0,,,0,v,MISS Tyson Free Throw 1 of 2,Free Throw,Free Throw 1 of 2,1,0,245,0012400005,2024-10-06
0012400005,351,PT01M19.00S,2,0,,1610612743,,,0,0,0,,0,,,0,v,Nuggets Rebound,Rebound,Normal Rebound,0,0,246,0012400005,2024-10-06
0012400005,352,PT01M19.00S,2,1610612743,DEN,1641816,Tyson,H. Tyson,0,0,0,,0,65,58,123,v,Tyson Free Throw 2 of 2 (3 PTS),Free Throw,Free Throw 2 of 2,1,0,247,0012400005,2024-10-06
0012400005,353,PT01M08.00S,2,1610612738,BOS,1627759,Brown,J. Brown,183,159,24,Missed,1,,,0,h,MISS Brown 24' 3PT Jump Shot,Missed Shot,Jump Shot,1,3,248,0012400005,2024-10-06
0012400005,354,PT01M06.00S,2,1610612743,DEN,1641816,Tyson,H. Tyson,0,0,0,,0,,,0,v,Tyson REBOUND (Off:1 Def:3),Rebound,Unknown,1,0,249,0012400005,2024-10-06
0012400005,355,PT00M50.80S,2,1610612743,DEN,1631124,Strawther,J. Strawther,-29,42,5,Missed,1,,,0,v,MISS Strawther 5' Driving Layup,Missed Shot,Driving Layup Shot,1,2,250,0012400005,2024-10-06
0012400005,355,PT00M50.80S,2,1610612738,BOS,201950,Holiday,J. Holiday,0,0,0,,0,,,0,h,Holiday BLOCK (1 BLK),,,1,2,251,0012400005,2024-10-06
0012400005,357,PT00M48.50S,2,1610612743,DEN,203999,Jokić,N. Jokić,0,0,0,,0,,,0,v,Jokić REBOUND (Off:2 Def:5),Rebound,Unknown,1,0,252,0012400005,2024-10-06
0012400005,358,PT00M48.00S,2,1610612743,DEN,203999,Jokić,N. Jokić,29,48,6,Missed,1,,,0,v,MISS Jokić 6' Turnaround Hook Shot,Missed Shot,Turnaround Hook Shot,1,2,253,0012400005,2024-10-06
0012400005,359,PT00M46.50S,2,1610612738,BOS,1628401,White,D. White,0,0,0,,0,,,0,h,White REBOUND (Off:2 Def:3),Rebound,Unknown,1,0,254,0012400005,2024-10-06
0012400005,360,PT00M32.70S,2,1610612743,DEN,1631124,Strawther,J. Strawther,0,0,0,,0,,,0,v,Strawther S.FOUL (P3.PN) (J.Goble),Foul,Shooting,1,0,255,0012400005,2024-10-06
0012400005,362,PT00M32.70S,2,1610612738,BOS,1628369,Tatum,J. Tatum,0,0,0,,0,66,58,124,h,Tatum Free Throw 1 of 2 (13 PTS),Free Throw,Free Throw 1 of 2,0,0,256,0012400005,2024-10-06
0012400005,363,PT00M32.70S,2,1610612738,BOS,1628369,Tatum,J. Tatum,0,0,0,,0,67,58,125,h,Tatum Free Throw 2 of 2 (14 PTS),Free Throw,Free Throw 2 of 2,1,0,257,0012400005,2024-10-06
0012400005,364,PT00M14.40S,2,1610612743,DEN,1627750,Murray,J. Murray,212,140,25,Missed,1,,,0,v,MISS Murray 25' 3PT Jump Shot,Missed Shot,Jump Shot,1,3,258,0012400005,2024-10-06
0012400005,365,PT00M11.40S,2,1610612743,DEN,1641816,Tyson,H. Tyson,0,0,0,,0,,,0,v,Tyson REBOUND (Off:2 Def:3),Rebound,Unknown,1,0,259,0012400005,2024-10-06
0012400005,366,PT00M04.50S,2,1610612743,DEN,1627750,Murray,J. Murray,16,5,2,Made,1,67,60,127,v,Murray 2' Driving Finger Roll Layup (11 PTS),Made Shot,Driving Finger Roll Layup Shot,1,2,260,0012400005,2024-10-06
0012400005,367,PT00M00.80S,2,1610612738,BOS,1627759,Brown,J. Brown,-82,246,26,Missed,1,,,0,h,MISS Brown 26' 3PT Pullup Jump Shot,Missed Shot,Pullup Jump shot,1,3,261,0012400005,2024-10-06
0012400005,368,PT00M00.80S,2,0,,1610612738,,,0,0,0,,0,,,0,h,CELTICS Rebound,Rebound,Unknown,1,0,262,0012400005,2024-10-06
0012400005,369,PT00M00.00S,2,0,,0,,,0,0,0,,0,67,60,127,,End of 2nd Period (11:12 AM EST),period,end,1,0,263,0012400005,2024-10-06
0012400005,378,PT12M00.00S,3,0,,0,,,0,0,0,,0,67,60,127,,Start of 3rd Period (11:28 AM EST),period,start,0,0,264,0012400005,2024-10-06
0012400005,379,PT11M45.00S,3,1610612738,BOS,1630202,Pritchard,P. Pritchard,16,21,3,Made,1,69,60,129,h,Pritchard 3' Driving Finger Roll Layup (2 PTS) (Queta 1 AST),Made Shot,Driving Finger Roll Layup Shot,1,2,265,0012400005,2024-10-06
0012400005,381,PT11M30.00S,3,1610612743,DEN,1631124,Strawther,J. Strawther,-174,191,26,Made,1,69,63,132,v,Strawther 26' 3PT Jump Shot (9 PTS) (Šarić 1 AST),Made Shot,Jump Shot,1,3,266,0012400005,2024-10-06
0012400005,383,PT11M09.00S,3,1610612738,BOS,1627759,Brown,J. Brown,-154,38,16,Missed,1,,,0,h,MISS Brown 16' Turnaround Fadeaway Shot,Missed Shot,Turnaround Fadeaway shot,1,2,267,0012400005,2024-10-06
0012400005,384,PT11M09.00S,3,0,,1610612738,,,0,0,0,,0,,,0,h,CELTICS Rebound,Rebound,Unknown,1,0,268,0012400005,2024-10-06
0012400005,385,PT11M09.00S,3,1610612743,DEN,1641816,Tyson,H. Tyson,0,0,0,,0,,,0,v,Tyson L.B.FOUL (P1.T1) (J.Goble),Foul,Loose Ball,1,0,269,0012400005,2024-10-06
0012400005,387,PT11M07.00S,3,1610612738,BOS,1627759,Brown,J. Brown,-72,236,25,Made,1,72,63,135,h,Brown 25' 3PT Jump Shot (19 PTS) (Tatum 3 AST),Made Shot,Jump Shot,1,3,270,0012400005,2024-10-06
0012400005,389,PT10M49.00S,3,1610612743,DEN,203967,Šarić,D. Šarić,0,0,0,,0,,,0,v,Šarić OFF.Foul (P2) (J.Goble),Foul,Offensive,1,0,271,0012400005,2024-10-06
0012400005,391,PT10M49.00S,3,1610612743,DEN,203967,Šarić,D. Šarić,0,0,0,,0,,,0,v,Šarić Offensive Foul Turnover (P1.T9),Turnover,Offensive Foul Turnover,1,0,272,0012400005,2024-10-06
0012400005,392,PT10M40.00S,3,1610612743,DEN,1628427,Čančar,V. Čančar,0,0,0,,0,,,0,v,Čančar S.FOUL (P5.T2) (C.Washington),Foul,Shooting,1,0,273,0012400005,2024-10-06
0012400005,394,PT10M40.00S,3,1610612738,BOS,1629674,Queta,N. Queta,0,0,0,,0,,,0,h,MISS Queta Free Throw 1 of 2,Free Throw,Free Throw 1 of 2,1,0,274,0012400005,2024-10-06
0012400005,395,PT10M40.00S,3,0,,1610612738,,,0,0,0,,0,,,0,h,CELTICS Rebound,Rebound,Normal Rebound,0,0,275,0012400005,2024-10-06
0012400005,396,PT10M40.00S,3,1610612738,BOS,1629674,Queta,N. Queta,0,0,0,,0,73,63,136,h,Queta Free Throw 2 of 2 (1 PTS),Free Throw,Free Throw 2 of 2,1,0,276,0012400005,2024-10-06
0012400005,397,PT10M23.00S,3,1610612743,DEN,203967,Šarić,D. Šarić,0,0,0,,0,,,0,v,Šarić Out of Bounds Lost Ball Turnover (P2.T10),Turnover,Out of Bounds Lost Ball Turnover,1,0,277,0012400005,2024-10-06
0012400005,398,PT10M10.00S,3,1610612738,BOS,1627759,Brown,J. Brown,-6,14,2,Made,1,75,63,138,h,Brown 2' Driving Layup (21 PTS) (White 6 AST),Made Shot,Driving Layup Shot,1,2,278,0012400005,2024-10-06
0012400005,400,PT10M01.00S,3,1610612738,BOS,1628369,Tatum,J. Tatum,0,0,0,,0,,,0,h,Tatum P.FOUL (P1.T1) (J.Goble),Foul,Personal,1,0,279,0012400005,2024-10-06
0012400005,402,PT09M57.00S,3,1610612738,BOS,1627759,Brown,J. Brown,0,0,0,,0,,,0,h,Brown P.FOUL (P5.T2) (C.Washington),Foul,Personal,1,0,280,0012400005,2024-10-06
0012400005,404,PT09M52.00S,3,1610612743,DEN,1631128,Braun,C. Braun,0,0,0,,0,,,0,v,Braun Step Out of Bounds Turnover (P1.T11),Turnover,Step Out of Bounds Turnover,1,0,281,0012400005,2024-10-06
0012400005,405,PT09M51.00S,3,1610612738,BOS,1627759,Brown,J. Brown,0,0,0,,0,,,0,h,Brown T.FOUL (P5.T2) (C.Washington),Foul,Technical,1,0,282,0012400005,2024-10-06
0012400005,406,PT09M51.00S,3,1610612743,DEN,1631124,Strawther,J. Strawther,0,0,0,,0,75,64,139,v,Strawther Free Throw Technical (10 PTS),Free Throw,Free Throw Technical,1,0,283,0012400005,2024-10-06
0012400005,407,PT09M40.00S,3,1610612738,BOS,1628401,White,D. White,137,231,27,Made,1,78,64,142,h,White 27' 3PT Jump Shot (13 PTS) (Tatum 4 AST),Made Shot,Jump Shot,1,3,284,0012400005,2024-10-06
0012400005,409,PT09M37.00S,3,0,,1610612743,,,0,0,0,,0,,,0,v,Nuggets Timeout: Regular (Reg.4 Short 0),Timeout,Regular,0,0,285,0012400005,2024-10-06
0012400005,410,PT09M22.00S,3,1610612743,DEN,1631124,Strawther,J. Strawther,11,46,5,Missed,1,,,0,v,MISS Strawther 5' Driving Floating Jump Shot,Missed Shot,Driving Floating Jump Shot,1,2,286,0012400005,2024-10-06
0012400005,411,PT09M19.00S,3,1610612738,BOS,1630202,Pritchard,P. Pritchard,0,0,0,,0,,,0,h,Pritchard REBOUND (Off:0 Def:2),Rebound,Unknown,1,0,287,0012400005,2024-10-06
0012400005,412,PT09M16.00S,3,1610612738,BOS,1628369,Tatum,J. Tatum,-234,26,24,Made,1,81,64,145,h,Tatum 24' 3PT Running Jump Shot (17 PTS) (Pritchard 3 AST),Made Shot,Running Jump Shot,1,3,288,0012400005,2024-10-06
0012400005,414,PT08M59.00S,3,1610612738,BOS,1628401,White,D. White,0,0,0,,0,,,0,h,White L.B.FOUL (P2.T3) (C.Washington),Foul,Loose Ball,1,0,289,0012400005,2024-10-06
0012400005,416,PT08M59.00S,3,1610612738,BOS,1628369,Tatum,J. Tatum,0,0,0,,0,,,0,h,SUB: Hauser FOR Tatum,Substitution,,0,0,290,0012400005,2024-10-06
0012400005,417,PT08M59.00S,3,1610612738,BOS,1627759,Brown,J. Brown,0,0,0,,0,,,0,h,SUB: Springer FOR Brown,Substitution,,0,0,291,0012400005,2024-10-06
0012400005,418,PT08M59.00S,3,1610612738,BOS,1628401,White,D. White,0,0,0,,0,,,0,h,SUB: Walsh FOR White,Substitution,,0,0,292,0012400005,2024-10-06
0012400005,422,PT08M46.00S,3,1610612743,DEN,203967,Šarić,D. Šarić,13,52,5,Made,1,81,66,147,v,Šarić 5' Driving Bank Hook Shot (11 PTS),Made Shot,Driving Bank Hook Shot,1,2,293,0012400005,2024-10-06
0012400005,424,PT08M38.00S,3,1610612738,BOS,1630202,Pritchard,P. Pritchard,-2,9,1,Made,1,83,66,149,h,Pritchard 1' Driving Layup (4 PTS),Made Shot,Driving Layup Shot,1,2,294,0012400005,2024-10-06
0012400005,425,PT08M38.00S,3,1610612743,DEN,1631124,Strawther,J. Strawther,0,0,0,,0,,,0,v,Strawther S.FOUL (P4.T3) (M.Ervin),Foul,Shooting,1,0,295,0012400005,2024-10-06
0012400005,427,PT08M38.00S,3,1610612738,BOS,1630202,Pritchard,P. Pritchard,0,0,0,,0,84,66,150,h,Pritchard Free Throw 1 of 1 (5 PTS),Free Throw,Free Throw 1 of 1,1,0,296,0012400005,2024-10-06
0012400005,428,PT08M26.00S,3,1610612743,DEN,1631124,Strawther,J. Strawther,-162,204,26,Missed,1,,,0,v,MISS Strawther 26' 3PT Jump Shot,Missed Shot,Jump Shot,1,3,297,0012400005,2024-10-06
0012400005,429,PT08M22.00S,3,1610612743,DEN,1641816,Tyson,H. Tyson,0,0,0,,0,,,0,v,Tyson REBOUND (Off:3 Def:3),Rebound,Unknown,1,0,298,0012400005,2024-10-06
0012400005,430,PT08M17.00S,3,1610612743,DEN,1631124,Strawther,J. Strawther,-7,2,1,Made,1,84,68,152,v,Strawther 1' Driving Layup (12 PTS) (Šarić 2 AST),Made Shot,Driving Layup Shot,1,2,299,0012400005,2024-10-06
0012400005,432,PT08M17.00S,3,1610612738,BOS,1630531,Springer,J. Springer,0,0,0,,0,,,0,h,Springer S.FOUL (P2.T4) (J.Goble),Foul,Shooting,1,0,300,0012400005,2024-10-06
0012400005,434,PT08M17.00S,3,1610612743,DEN,1631124,Strawther,J. Strawther,0,0,0,,0,,,0,v,MISS Strawther Free Throw 1 of 1,Free Throw,Free Throw 1 of 1,1,0,301,0012400005,2024-10-06
0012400005,435,PT08M07.00S,3,1610612738,BOS,1630573,Hauser,S. Hauser,0,0,0,,0,,,0,h,Hauser REBOUND (Off:0 Def:1),Rebound,Unknown,1,0,302,0012400005,2024-10-06
0012400005,436,PT08M04.00S,3,1610612738,BOS,1630573,Hauser,S. Hauser,-83,95,13,Made,1,86,68,154,h,Hauser 13' Pullup Jump Shot (13 PTS),Made Shot,Pullup Jump shot,1,2,303,0012400005,2024-10-06
0012400005,437,PT07M54.00S,3,1610612743,DEN,1641816,Tyson,H. Tyson,0,0,0,,0,,,0,v,Tyson Traveling Turnover (P1.T12),Turnover,Traveling,1,0,304,0012400005,2024-10-06
0012400005,438,PT07M54.00S,3,1610612743,DEN,1628427,Čančar,V. Čančar,0,0,0,,0,,,0,v,SUB: Nnaji FOR Čančar,Substitution,,0,0,305,0012400005,2024-10-06
0012400005,440,PT07M47.00S,3,1610612743,DEN,1631128,Braun,C. Braun,0,0,0,,0,,,0,v,Braun P.FOUL (P2.T4) (J.Goble),Foul,Personal,1,0,306,0012400005,2024-10-06
0012400005,442,PT07M41.00S,3,1610612743,DEN,1631124,Strawther,J. Strawther,0,0,0,,0,,,0,v,Strawther S.FOUL (P5.PN) (M.Ervin),Foul,Shooting,1,0,307,0012400005,2024-10-06
0012400005,444,PT07M41.00S,3,1610612738,BOS,1629674,Queta,N. Queta,0,0,0,,0,87,68,155,h,Queta Free Throw 1 of 2 (2 PTS),Free Throw,Free Throw 1 of 2,1,0,308,0012400005,2024-10-06
0012400005,445,PT07M41.00S,3,1610612738,BOS,1629674,Queta,N. Queta,0,0,0,,0,88,68,156,h,Queta Free Throw 2 of 2 (3 PTS),Free Throw,Free Throw 2 of 2,1,0,309,0012400005,2024-10-06
0012400005,446,PT07M22.00S,3,1610612743,DEN,1630192,Nnaji,Z. Nnaji,-50,262,27,Missed,1,,,0,v,MISS Nnaji 27' 3PT Jump Shot,Missed Shot,Jump Shot,1,3,310,0012400005,2024-10-06
0012400005,447,PT07M18.00S,3,1610612743,DEN,203967,Šarić,D. Šarić,0,0,0,,0,,,0,v,Šarić REBOUND (Off:4 Def:1),Rebound,Unknown,1,0,311,0012400005,2024-10-06
0012400005,448,PT07M16.00S,3,1610612743,DEN,203967,Šarić,D. Šarić,4,28,3,Missed,1,,,0,v,MISS Šarić 3' Putback Layup,Missed Shot,Putback Layup Shot,1,2,312,0012400005,2024-10-06
0012400005,448,PT07M16.00S,3,1610612738,BOS,1629674,Queta,N. Queta,0,0,0,,0,,,0,h,Queta BLOCK (1 BLK),,,1,2,313,0012400005,2024-10-06
0012400005,450,PT07M13.00S,3,1610612738,BOS,1630573,Hauser,S. Hauser,0,0,0,,0,,,0,h,Hauser REBOUND (Off:0 Def:2),Rebound,Unknown,1,0,314,0012400005,2024-10-06
0012400005,451,PT07M05.00S,3,1610612738,BOS,1641775,Walsh,J. Walsh,224,32,0,Missed,1,,,0,h,MISS Walsh 3PT Jump Shot,Missed Shot,Jump Shot,1,3,315,0012400005,2024-10-06
0012400005,452,PT07M01.00S,3,1610612743,DEN,1641816,Tyson,H. Tyson,0,0,0,,0,,,0,v,Tyson REBOUND (Off:3 Def:4),Rebound,Unknown,1,0,316,0012400005,2024-10-06
0012400005,453,PT06M51.00S,3,1610612743,DEN,1631124,Strawther,J. Strawther,-104,259,28,Missed,1,,,0,v,MISS Strawther 28' 3PT Jump Shot,Missed Shot,Jump Shot,1,3,317,0012400005,2024-10-06
0012400005,454,PT06M47.00S,3,1610612738,BOS,1641775,Walsh,J. Walsh,0,0,0,,0,,,0,h,Walsh REBOUND (Off:0 Def:1),Rebound,Unknown,1,0,318,0012400005,2024-10-06
0012400005,455,PT06M43.00S,3,1610612738,BOS,1630202,Pritchard,P. Pritchard,-194,200,28,Made,1,91,68,159,h,Pritchard 28' 3PT Running Pull-Up Jump Shot (8 PTS),Made Shot,Running Pull-Up Jump Shot,1,3,319,0012400005,2024-10-06
0012400005,457,PT06M38.00S,3,0,,1610612743,,,0,0,0,,0,,,0,v,Nuggets Timeout: Regular (Reg.5 Short 0),Timeout,Regular,0,0,320,0012400005,2024-10-06
0012400005,458,PT06M38.00S,3,1610612743,DEN,1631128,Braun,C. Braun,0,0,0,,0,,,0,v,SUB: Alexander FOR Braun,Substitution,,0,0,321,0012400005,2024-10-06
0012400005,459,PT06M38.00S,3,1610612743,DEN,1631124,Strawther,J. Strawther,0,0,0,,0,,,0,v,SUB: Čančar FOR Strawther,Substitution,,0,0,322,0012400005,2024-10-06
0012400005,460,PT06M38.00S,3,1610612743,DEN,203967,Šarić,D. Šarić,0,0,0,,0,,,0,v,SUB: Pickett FOR Šarić,Substitution,,0,0,323,0012400005,2024-10-06
0012400005,464,PT06M19.00S,3,1610612743,DEN,1629618,Pickett,J. Pickett,127,238,27,Missed,1,,,0,v,MISS Pickett 27' 3PT Jump Shot,Missed Shot,Jump Shot,1,3,324,0012400005,2024-10-06
0012400005,465,PT06M14.00S,3,1610612738,BOS,1630573,Hauser,S. Hauser,0,0,0,,0,,,0,h,Hauser REBOUND (Off:0 Def:3),Rebound,Unknown,1,0,325,0012400005,2024-10-06
0012400005,466,PT06M08.00S,3,1610612738,BOS,1629674,Queta,N. Queta,0,0,0,,0,,,0,h,Queta Lost Ball Turnover (P1.T3),Turnover,Lost Ball,1,0,326,0012400005,2024-10-06
0012400005,466,PT06M08.00S,3,1610612743,DEN,1629618,Pickett,J. Pickett,0,0,0,,0,,,0,v,Pickett STEAL (1 STL),,,1,0,327,0012400005,2024-10-06
0012400005,468,PT06M04.00S,3,1610612743,DEN,1630192,Nnaji,Z. Nnaji,0,0,0,,0,,,0,v,Nnaji Out of Bounds Lost Ball Turnover (P2.T13),Turnover,Out of Bounds Lost Ball Turnover,1,0,328,0012400005,2024-10-06
0012400005,469,PT05M51.00S,3,1610612738,BOS,1641775,Walsh,J. Walsh,18,15,2,Made,1,93,68,161,h,Walsh 2' Driving Layup (2 PTS) (Pritchard 4 AST),Made Shot,Driving Layup Shot,1,2,329,0012400005,2024-10-06
0012400005,471,PT05M51.00S,3,0,,1610612743,,,0,0,0,,0,,,0,v,Nuggets Timeout: Regular (Reg.6 Short 0),Timeout,Regular,0,0,330,0012400005,2024-10-06
0012400005,472,PT05M51.00S,3,1610612738,BOS,1629674,Queta,N. Queta,0,0,0,,0,,,0,h,SUB: Tillman FOR Queta,Substitution,,0,0,331,0012400005,2024-10-06
0012400005,474,PT05M34.00S,3,1610612743,DEN,1641725,Alexander,T. Alexander,85,84,12,Missed,1,,,0,v,MISS Alexander 12' Pullup Jump Shot,Missed Shot,Pullup Jump shot,1,2,332,0012400005,2024-10-06
0012400005,475,PT05M31.00S,3,1610612738,BOS,1630214,Tillman,X. Tillman,0,0,0,,0,,,0,h,Tillman REBOUND (Off:0 Def:2),Rebound,Unknown,1,0,333,0012400005,2024-10-06
0012400005,476,PT05M19.00S,3,1610612738,BOS,1630573,Hauser,S. Hauser,77,117,14,Made,1,95,68,163,h,Hauser 14' Pullup Jump Shot (15 PTS) (Springer 1 AST),Made Shot,Pullup Jump shot,1,2,334,0012400005,2024-10-06
0012400005,478,PT05M10.00S,3,1610612743,DEN,1628427,Čančar,V. Čančar,-206,143,25,Missed,1,,,0,v,MISS Čančar 25' 3PT Jump Shot,Missed Shot,Jump Shot,1,3,335,0012400005,2024-10-06
0012400005,479,PT05M08.00S,3,1610612738,BOS,1630573,Hauser,S. Hauser,0,0,0,,0,,,0,h,Hauser REBOUND (Off:0 Def:4),Rebound,Unknown,1,0,336,0012400005,2024-10-06
0012400005,481,PT05M01.00S,3,1610612743,DEN,1641816,Tyson,H. Tyson,0,0,0,,0,,,0,v,Tyson P.FOUL (P2.PN) (C.Washington),Foul,Personal,1,0,337,0012400005,2024-10-06
0012400005,483,PT05M01.00S,3,1610612738,BOS,1630531,Springer,J. Springer,0,0,0,,0,96,68,164,h,Springer Free Throw 1 of 2 (4 PTS),Free Throw,Free Throw 1 of 2,1,0,338,0012400005,2024-10-06
0012400005,484,PT05M01.00S,3,1610612738,BOS,1630531,Springer,J. Springer,0,0,0,,0,97,68,165,h,Springer Free Throw 2 of 2 (5 PTS),Free Throw,Free Throw 2 of 2,1,0,339,0012400005,2024-10-06
0012400005,485,PT04M37.00S,3,1610612743,DEN,1628427,Čančar,V. Čančar,11,64,6,Missed,1,,,0,v,MISS Čančar 6' Driving Floating Jump Shot,Missed Shot,Driving Floating Jump Shot,1,2,340,0012400005,2024-10-06
0012400005,486,PT04M35.00S,3,1610612738,BOS,1630214,Tillman,X. Tillman,0,0,0,,0,,,0,h,Tillman REBOUND (Off:0 Def:3),Rebound,Unknown,1,0,341,0012400005,2024-10-06
0012400005,487,PT04M32.00S,3,1610612738,BOS,1630202,Pritchard,P. Pritchard,-211,173,27,Made,1,100,68,168,h,Pritchard 27' 3PT Running Jump Shot (11 PTS) (Springer 2 AST),Made Shot,Running Jump Shot,1,3,342,0012400005,2024-10-06
0012400005,489,PT04M32.00S,3,1610612743,DEN,1629618,Pickett,J. Pickett,0,0,0,,0,,,0,v,Pickett S.FOUL (P1.PN) (C.Washington),Foul,Shooting,1,0,343,0012400005,2024-10-06
0012400005,491,PT04M32.00S,3,1610612738,BOS,1630202,Pritchard,P. Pritchard,0,0,0,,0,101,68,169,h,Pritchard Free Throw 1 of 1 (12 PTS),Free Throw,Free Throw 1 of 1,1,0,344,0012400005,2024-10-06
0012400005,492,PT04M13.00S,3,1610612743,DEN,1629618,Pickett,J. Pickett,-87,179,20,Missed,1,,,0,v,MISS Pickett 20' Pullup Jump Shot,Missed Shot,Pullup Jump shot,1,2,345,0012400005,2024-10-06
0012400005,493,PT04M09.00S,3,1610612743,DEN,1630192,Nnaji,Z. Nnaji,0,0,0,,0,,,0,v,Nnaji REBOUND (Off:1 Def:0),Rebound,Unknown,1,0,346,0012400005,2024-10-06
0012400005,494,PT04M06.00S,3,1610612743,DEN,1630192,Nnaji,Z. Nnaji,-27,2,3,Missed,1,,,0,v,MISS Nnaji 3' Putback Layup,Missed Shot,Putback Layup Shot,1,2,347,0012400005,2024-10-06
0012400005,495,PT04M04.00S,3,1610612738,BOS,1630573,Hauser,S. Hauser,0,0,0,,0,,,0,h,Hauser REBOUND (Off:0 Def:5),Rebound,Unknown,1,0,348,0012400005,2024-10-06
0012400005,496,PT03M57.00S,3,1610612738,BOS,1630573,Hauser,S. Hauser,94,53,11,Missed,1,,,0,h,MISS Hauser 11' Pullup Jump Shot,Missed Shot,Pullup Jump shot,1,2,349,0012400005,2024-10-06
0012400005,497,PT03M53.00S,3,1610612743,DEN,1630192,Nnaji,Z. Nnaji,0,0,0,,0,,,0,v,Nnaji REBOUND (Off:1 Def:1),Rebound,Unknown,1,0,350,0012400005,2024-10-06
0012400005,498,PT03M47.00S,3,1610612743,DEN,1641725,Alexander,T. Alexander,-157,204,26,Made,1,101,71,172,v,Alexander 26' 3PT Pullup Jump Shot (3 PTS) (Čančar 3 AST),Made Shot,Pullup Jump shot,1,3,351,0012400005,2024-10-06
0012400005,500,PT03M27.00S,3,1610612738,BOS,1630202,Pritchard,P. Pritchard,11,19,2,Made,1,103,71,174,h,Pritchard 2' Driving Finger Roll Layup (14 PTS),Made Shot,Driving Finger Roll Layup Shot,1,2,352,0012400005,2024-10-06
0012400005,501,PT03M10.00S,3,1610612743,DEN,1628427,Čančar,V. Čančar,0,0,0,,0,,,0,v,Čančar Bad Pass Turnover (P2.T14),Turnover,Bad Pass,1,0,353,0012400005,2024-10-06
0012400005,501,PT03M10.00S,3,1610612738,BOS,1641775,Walsh,J. Walsh,0,0,0,,0,,,0,h,Walsh STEAL (2 STL),,,1,0,354,0012400005,2024-10-06
0012400005,503,PT03M04.00S,3,1610612738,BOS,1630531,Springer,J. Springer,-123,234,26,Missed,1,,,0,h,MISS Springer 26' 3PT Running Jump Shot,Missed Shot,Running Jump Shot,1,3,355,0012400005,2024-10-06
0012400005,504,PT03M01.00S,3,1610612743,DEN,1641816,Tyson,H. Tyson,0,0,0,,0,,,0,v,Tyson REBOUND (Off:3 Def:5),Rebound,Unknown,1,0,356,0012400005,2024-10-06
0012400005,505,PT02M53.00S,3,1610612743,DEN,1641725,Alexander,T. Alexander,0,0,0,,0,,,0,v,Alexander Step Out of Bounds Turnover (P1.T15),Turnover,Step Out of Bounds Turnover,1,0,357,0012400005,2024-10-06
0012400005,506,PT02M53.00S,3,1610612743,DEN,1628427,Čančar,V. Čančar,0,0,0,,0,,,0,v,SUB: Jones FOR Čančar,Substitution,,0,0,358,0012400005,2024-10-06
0012400005,508,PT02M33.00S,3,1610612738,BOS,1630214,Tillman,X. Tillman,18,256,26,Made,1,106,71,177,h,Tillman 26' 3PT Jump Shot (4 PTS) (Pritchard 5 AST),Made Shot,Jump Shot,1,3,359,0012400005,2024-10-06
0012400005,510,PT02M15.00S,3,1610612738,BOS,1630214,Tillman,X. Tillman,0,0,0,,0,,,0,h,Tillman S.FOUL (P1.PN) (C.Washington),Foul,Shooting,1,0,360,0012400005,2024-10-06
0012400005,512,PT02M15.00S,3,1610612743,DEN,1641816,Tyson,H. Tyson,0,0,0,,0,106,72,178,v,Tyson Free Throw 1 of 2 (4 PTS),Free Throw,Free Throw 1 of 2,1,0,361,0012400005,2024-10-06
0012400005,513,PT02M15.00S,3,1610612743,DEN,1641816,Tyson,H. Tyson,0,0,0,,0,106,73,179,v,Tyson Free Throw 2 of 2 (5 PTS),Free Throw,Free Throw 2 of 2,1,0,362,0012400005,2024-10-06
0012400005,514,PT01M57.00S,3,1610612743,DEN,1641725,Alexander,T. Alexander,0,0,0,,0,,,0,v,Alexander S.FOUL (P1.PN) (J.Goble),Foul,Shooting,0,0,363,0012400005,2024-10-06
0012400005,516,PT01M57.00S,3,1610612738,BOS,1630531,Springer,J. Springer,0,0,0,,0,,,0,h,MISS Springer Free Throw 1 of 2,Free Throw,Free Throw 1 of 2,0,0,364,0012400005,2024-10-06
0012400005,517,PT01M57.00S,3,0,,1610612738,,,0,0,0,,0,,,0,h,CELTICS Rebound,Rebound,Normal Rebound,0,0,365,0012400005,2024-10-06
0012400005,518,PT01M57.00S,3,1610612743,DEN,1641816,Tyson,H. Tyson,0,0,0,,0,,,0,v,SUB: Young FOR Tyson,Substitution,,0,0,366,0012400005,2024-10-06
0012400005,520,PT01M57.00S,3,1610612738,BOS,1630531,Springer,J. Springer,0,0,0,,0,107,73,180,h,Springer Free Throw 2 of 2 (6 PTS),Free Throw,Free Throw 2 of 2,1,0,367,0012400005,2024-10-06
0012400005,521,PT01M44.00S,3,1610612743,DEN,1629618,Pickett,J. Pickett,20,260,26,Missed,1,,,0,v,MISS Pickett 26' 3PT Step Back Jump Shot,Missed Shot,Step Back Jump shot,1,3,368,0012400005,2024-10-06
0012400005,522,PT01M40.00S,3,1610612738,BOS,1630573,Hauser,S. Hauser,0,0,0,,0,,,0,h,Hauser REBOUND (Off:0 Def:6),Rebound,Unknown,1,0,369,0012400005,2024-10-06
0012400005,523,PT01M29.00S,3,1610612738,BOS,1641775,Walsh,J. Walsh,-229,-8,0,Missed,1,,,0,h,MISS Walsh 3PT Jump Shot,Missed Shot,Jump Shot,1,3,370,0012400005,2024-10-06
0012400005,524,PT01M26.00S,3,1610612743,DEN,1641725,Alexander,T. Alexander,0,0,0,,0,,,0,v,Alexander REBOUND (Off:0 Def:1),Rebound,Unknown,1,0,371,0012400005,2024-10-06
0012400005,525,PT01M21.00S,3,1610612743,DEN,1642443,Young,J. Young,-15,0,2,Made,1,107,75,182,v,Young 2' Running Finger Roll Layup (2 PTS) (Alexander 1 AST),Made Shot,Running Finger Roll Layup Shot,1,2,372,0012400005,2024-10-06
0012400005,527,PT01M01.00S,3,1610612738,BOS,1630202,Pritchard,P. Pritchard,5,266,27,Missed,1,,,0,h,MISS Pritchard 27' 3PT Step Back Jump Shot,Missed Shot,Step Back Jump shot,1,3,373,0012400005,2024-10-06
0012400005,528,PT00M59.30S,3,1610612738,BOS,1630573,Hauser,S. Hauser,0,0,0,,0,,,0,h,Hauser REBOUND (Off:1 Def:6),Rebound,Unknown,1,0,374,0012400005,2024-10-06
0012400005,529,PT00M57.10S,3,1610612738,BOS,1630531,Springer,J. Springer,-102,250,27,Missed,1,,,0,h,MISS Springer 27' 3PT Jump Shot,Missed Shot,Jump Shot,1,3,375,0012400005,2024-10-06
0012400005,530,PT00M54.60S,3,0,,1610612738,,,0,0,0,,0,,,0,h,CELTICS Rebound,Rebound,Unknown,1,0,376,0012400005,2024-10-06
0012400005,531,PT00M54.60S,3,1610612743,DEN,1630192,Nnaji,Z. Nnaji,0,0,0,,0,,,0,v,Nnaji L.B.FOUL (P1.PN) (C.Washington),Foul,Loose Ball,1,0,377,0012400005,2024-10-06
0012400005,533,PT00M54.60S,3,1610612738,BOS,1630214,Tillman,X. Tillman,0,0,0,,0,108,75,183,h,Tillman Free Throw 1 of 2 (5 PTS),Free Throw,Free Throw 1 of 2,1,0,378,0012400005,2024-10-06
0012400005,534,PT00M54.60S,3,1610612738,BOS,1630214,Tillman,X. Tillman,0,0,0,,0,109,75,184,h,Tillman Free Throw 2 of 2 (6 PTS),Free Throw,Free Throw 2 of 2,1,0,379,0012400005,2024-10-06
0012400005,535,PT00M40.00S,3,1610612738,BOS,1630214,Tillman,X. Tillman,0,0,0,,0,,,0,h,Tillman S.FOUL (P2.PN) (C.Washington),Foul,Shooting,1,0,380,0012400005,2024-10-06
0012400005,537,PT00M40.00S,3,1610612743,DEN,1641725,Alexander,T. Alexander,0,0,0,,0,,,0,v,MISS Alexander Free Throw 1 of 2,Free Throw,Free Throw 1 of 2,0,0,381,0012400005,2024-10-06
0012400005,538,PT00M40.00S,3,0,,1610612743,,,0,0,0,,0,,,0,v,Nuggets Rebound,Rebound,Normal Rebound,0,0,382,0012400005,2024-10-06
0012400005,539,PT00M40.00S,3,1610612743,DEN,1641725,Alexander,T. Alexander,0,0,0,,0,109,76,185,v,Alexander Free Throw 2 of 2 (4 PTS),Free Throw,Free Throw 2 of 2,1,0,383,0012400005,2024-10-06
0012400005,540,PT00M32.10S,3,1610612738,BOS,1630202,Pritchard,P. Pritchard,0,0,0,,0,,,0,h,Pritchard Lost Ball Turnover (P1.T4),Turnover,Lost Ball,1,0,384,0012400005,2024-10-06
0012400005,540,PT00M32.10S,3,1610612743,DEN,1630192,Nnaji,Z. Nnaji,0,0,0,,0,,,0,v,Nnaji STEAL (1 STL),,,1,0,385,0012400005,2024-10-06
0012400005,542,PT00M26.80S,3,1610612743,DEN,1629618,Pickett,J. Pickett,0,0,0,,0,,,0,v,Pickett Bad Pass Turnover (P1.T16),Turnover,Bad Pass,1,0,386,0012400005,2024-10-06
0012400005,542,PT00M26.80S,3,1610612738,BOS,1630202,Pritchard,P. Pritchard,0,0,0,,0,,,0,h,Pritchard STEAL (1 STL),,,1,0,387,0012400005,2024-10-06
0012400005,544,PT00M22.40S,3,1610612738,BOS,1630202,Pritchard,P. Pritchard,9,14,2,Missed,1,,,0,h,MISS Pritchard 2' Running Layup,Missed Shot,Running Layup Shot,1,2,388,0012400005,2024-10-06
0012400005,545,PT00M20.30S,3,1610612743,DEN,1642461,Jones,S. Jones,0,0,0,,0,,,0,v,Jones REBOUND (Off:0 Def:1),Rebound,Unknown,1,0,389,0012400005,2024-10-06
0012400005,546,PT00M02.00S,3,1610612743,DEN,1629618,Pickett,J. Pickett,237,27,24,Missed,1,,,0,v,MISS Pickett 24' 3PT Jump Shot,Missed Shot,Jump Shot,1,3,390,0012400005,2024-10-06
0012400005,547,PT00M02.00S,3,1610612738,BOS,1630573,Hauser,S. Hauser,0,0,0,,0,,,0,h,Hauser REBOUND (Off:1 Def:7),Rebound,Unknown,1,0,391,0012400005,2024-10-06
0012400005,548,PT00M00.00S,3,0,,0,,,0,0,0,,0,109,76,185,,End of 3rd Period (11:59 AM EST),period,end,1,0,392,0012400005,2024-10-06
0012400005,561,PT12M00.00S,4,0,,0,,,0,0,0,,0,109,76,185,,Start of 4th Period (12:02 PM EST),period,start,0,0,393,0012400005,2024-10-06
0012400005,562,PT11M46.00S,4,1610612743,DEN,1642443,Young,J. Young,-65,133,15,Made,1,109,78,187,v,Young 15' Pullup Jump Shot (4 PTS),Made Shot,Pullup Jump shot,1,2,394,0012400005,2024-10-06
0012400005,563,PT11M17.00S,4,1610612738,BOS,1631120,Davison,J. Davison,-40,253,26,Missed,1,,,0,h,MISS Davison 26' 3PT Pullup Jump Shot,Missed Shot,Pullup Jump shot,1,3,395,0012400005,2024-10-06
0012400005,564,PT11M13.00S,4,1610612743,DEN,1641816,Tyson,H. Tyson,0,0,0,,0,,,0,v,Tyson REBOUND (Off:3 Def:6),Rebound,Unknown,1,0,396,0012400005,2024-10-06
0012400005,565,PT11M06.00S,4,1610612743,DEN,1641816,Tyson,H. Tyson,-146,226,27,Made,1,109,81,190,v,Tyson 27' 3PT Running Pull-Up Jump Shot (8 PTS),Made Shot,Running Pull-Up Jump Shot,1,3,397,0012400005,2024-10-06
0012400005,566,PT10M49.00S,4,1610612738,BOS,1630214,Tillman,X. Tillman,-10,66,7,Made,1,111,81,192,h,Tillman 7' Turnaround Hook Shot (8 PTS) (Davison 1 AST),Made Shot,Turnaround Hook Shot,1,2,398,0012400005,2024-10-06
0012400005,568,PT10M29.00S,4,1610612743,DEN,1641725,Alexander,T. Alexander,-9,153,15,Missed,1,,,0,v,MISS Alexander 15' Pullup Jump Shot,Missed Shot,Pullup Jump shot,1,2,399,0012400005,2024-10-06
0012400005,569,PT10M26.00S,4,1610612738,BOS,1631120,Davison,J. Davison,0,0,0,,0,,,0,h,Davison REBOUND (Off:0 Def:1),Rebound,Unknown,1,0,400,0012400005,2024-10-06
0012400005,570,PT10M20.00S,4,1610612738,BOS,1629674,Queta,N. Queta,10,-6,1,Made,1,113,81,194,h,Queta 1' Running Reverse Layup (5 PTS) (Davison 2 AST),Made Shot,Running Reverse Layup Shot,1,2,401,0012400005,2024-10-06
0012400005,572,PT09M56.00S,4,1610612743,DEN,1631124,Strawther,J. Strawther,-29,70,8,Made,1,113,83,196,v,Strawther 8' Driving Floating Bank Jump Shot (14 PTS) (Alexander 2 AST),Made Shot,Driving Floating Bank Jump Shot,1,2,402,0012400005,2024-10-06
0012400005,573,PT09M38.00S,4,1610612738,BOS,1629674,Queta,N. Queta,-9,3,1,Made,1,115,83,198,h,Queta 1' Cutting Dunk Shot (7 PTS) (Tillman 2 AST),Made Shot,Cutting Dunk Shot,1,2,403,0012400005,2024-10-06
0012400005,575,PT09M38.00S,4,0,,1610612743,,,0,0,0,,0,,,0,v,Nuggets Timeout: Regular (Reg.7 Short 0),Timeout,Regular,0,0,404,0012400005,2024-10-06
0012400005,577,PT09M26.00S,4,1610612743,DEN,1642443,Young,J. Young,-10,26,3,Made,1,115,85,200,v,Young 3' Driving Finger Roll Layup (6 PTS) (Alexander 3 AST),Made Shot,Driving Finger Roll Layup Shot,1,2,405,0012400005,2024-10-06
0012400005,579,PT09M03.00S,4,1610612738,BOS,1630214,Tillman,X. Tillman,-232,15,0,Missed,1,,,0,h,MISS Tillman 3PT Jump Shot,Missed Shot,Jump Shot,1,3,406,0012400005,2024-10-06
0012400005,580,PT09M00.00S,4,1610612743,DEN,1641725,Alexander,T. Alexander,0,0,0,,0,,,0,v,Alexander REBOUND (Off:0 Def:2),Rebound,Unknown,1,0,407,0012400005,2024-10-06
0012400005,581,PT08M53.00S,4,1610612743,DEN,1631124,Strawther,J. Strawther,-151,231,28,Made,1,115,88,203,v,Strawther 28' 3PT Pullup Jump Shot (17 PTS) (Alexander 4 AST),Made Shot,Pullup Jump shot,1,3,408,0012400005,2024-10-06
0012400005,583,PT08M28.00S,4,1610612738,BOS,1631248,Scheierman,B. Scheierman,211,132,25,Missed,1,,,0,h,MISS Scheierman 25' 3PT Jump Shot,Missed Shot,Jump Shot,1,3,409,0012400005,2024-10-06
0012400005,584,PT08M25.00S,4,1610612743,DEN,1641816,Tyson,H. Tyson,0,0,0,,0,,,0,v,Tyson REBOUND (Off:3 Def:7),Rebound,Unknown,1,0,410,0012400005,2024-10-06
0012400005,585,PT08M13.00S,4,1610612743,DEN,1631124,Strawther,J. Strawther,76,238,25,Missed,1,,,0,v,MISS Strawther 25' 3PT Step Back Jump Shot,Missed Shot,Step Back Jump shot,1,3,411,0012400005,2024-10-06
0012400005,586,PT08M10.00S,4,1610612738,BOS,1631248,Scheierman,B. Scheierman,0,0,0,,0,,,0,h,Scheierman REBOUND (Off:0 Def:1),Rebound,Unknown,1,0,412,0012400005,2024-10-06
0012400005,587,PT08M03.00S,4,1610612738,BOS,1641809,Peterson,D. Peterson,-16,75,8,Made,1,117,88,205,h,Peterson 8' Turnaround Fadeaway (2 PTS) (Scheierman 1 AST),Made Shot,Turnaround Fadeaway shot,1,2,413,0012400005,2024-10-06
0012400005,589,PT07M44.00S,4,1610612743,DEN,1630192,Nnaji,Z. Nnaji,-13,170,17,Missed,1,,,0,v,MISS Nnaji 17' Jump Shot,Missed Shot,Jump Shot,1,2,414,0012400005,2024-10-06
0012400005,590,PT07M41.00S,4,1610612738,BOS,1631248,Scheierman,B. Scheierman,0,0,0,,0,,,0,h,Scheierman REBOUND (Off:0 Def:2),Rebound,Unknown,1,0,415,0012400005,2024-10-06
0012400005,591,PT07M26.00S,4,1610612738,BOS,1630214,Tillman,X. Tillman,-12,16,2,Made,1,119,88,207,h,Tillman 2' Reverse Layup (10 PTS) (Queta 2 AST),Made Shot,Reverse Layup Shot,1,2,416,0012400005,2024-10-06
0012400005,593,PT07M04.00S,4,1610612743,DEN,1642443,Young,J. Young,-132,27,13,Missed,1,,,0,v,MISS Young 13' Pullup Jump Shot,Missed Shot,Pullup Jump shot,1,2,417,0012400005,2024-10-06
0012400005,594,PT07M02.00S,4,1610612738,BOS,1629674,Queta,N. Queta,0,0,0,,0,,,0,h,Queta REBOUND (Off:0 Def:3),Rebound,Unknown,1,0,418,0012400005,2024-10-06
0012400005,595,PT06M58.00S,4,1610612738,BOS,1631248,Scheierman,B. Scheierman,125,246,28,Missed,1,,,0,h,MISS Scheierman 28' 3PT Running Jump Shot,Missed Shot,Running Jump Shot,1,3,419,0012400005,2024-10-06
0012400005,596,PT06M56.00S,4,1610612743,DEN,1641725,Alexander,T. Alexander,0,0,0,,0,,,0,v,Alexander REBOUND (Off:0 Def:3),Rebound,Unknown,1,0,420,0012400005,2024-10-06
0012400005,597,PT06M51.00S,4,1610612738,BOS,1641809,Peterson,D. Peterson,0,0,0,,0,,,0,h,Peterson P.FOUL (P1.T1) (M.Ervin),Foul,Personal,1,0,421,0012400005,2024-10-06
0012400005,599,PT06M51.00S,4,1610612738,BOS,1630214,Tillman,X. Tillman,0,0,0,,0,,,0,h,SUB: Walker IV FOR Tillman,Substitution,,0,0,422,0012400005,2024-10-06
0012400005,600,PT06M51.00S,4,1610612738,BOS,1629674,Queta,N. Queta,0,0,0,,0,,,0,h,SUB: Watson FOR Queta,Substitution,,0,0,423,0012400005,2024-10-06
0012400005,601,PT06M51.00S,4,1610612743,DEN,1630192,Nnaji,Z. Nnaji,0,0,0,,0,,,0,v,SUB: Pickett FOR Nnaji,Substitution,,0,0,424,0012400005,2024-10-06
0012400005,602,PT06M51.00S,4,1610612743,DEN,1641816,Tyson,H. Tyson,0,0,0,,0,,,0,v,SUB: Jones FOR Tyson,Substitution,,0,0,425,0012400005,2024-10-06
0012400005,603,PT06M51.00S,4,1610612743,DEN,1631124,Strawther,J. Strawther,0,0,0,,0,,,0,v,SUB: Hall FOR Strawther,Substitution,,0,0,426,0012400005,2024-10-06
0012400005,609,PT06M36.00S,4,1610612743,DEN,1641790,Hall,P. Hall,-5,23,2,Missed,1,,,0,v,MISS Hall 2' Turnaround Hook Shot,Missed Shot,Turnaround Hook Shot,1,2,427,0012400005,2024-10-06
0012400005,610,PT06M32.00S,4,1610612738,BOS,1641817,Watson,A. Watson,0,0,0,,0,,,0,h,Watson REBOUND (Off:0 Def:1),Rebound,Unknown,1,0,428,0012400005,2024-10-06
0012400005,611,PT06M24.00S,4,1610612738,BOS,1641817,Watson,A. Watson,0,0,0,,0,,,0,h,Watson Traveling Turnover (P1.T5),Turnover,Traveling,1,0,429,0012400005,2024-10-06
0012400005,612,PT06M09.00S,4,1610612738,BOS,1641817,Watson,A. Watson,0,0,0,,0,,,0,h,Watson S.FOUL (P1.T2) (M.Ervin),Foul,Shooting,1,0,430,0012400005,2024-10-06
0012400005,614,PT06M09.00S,4,1610612743,DEN,1641790,Hall,P. Hall,0,0,0,,0,119,89,208,v,Hall Free Throw 1 of 2 (1 PTS),Free Throw,Free Throw 1 of 2,1,0,431,0012400005,2024-10-06
0012400005,615,PT06M09.00S,4,1610612743,DEN,1641790,Hall,P. Hall,0,0,0,,0,,,0,v,MISS Hall Free Throw 2 of 2,Free Throw,Free Throw 2 of 2,1,0,432,0012400005,2024-10-06
0012400005,616,PT06M07.00S,4,1610612738,BOS,1631248,Scheierman,B. Scheierman,0,0,0,,0,,,0,h,Scheierman REBOUND (Off:0 Def:3),Rebound,Unknown,1,0,433,0012400005,2024-10-06
0012400005,617,PT05M47.00S,4,1610612738,BOS,1629022,Walker IV,L. Walker IV,167,241,29,Missed,1,,,0,h,MISS Walker IV 29' 3PT Jump Shot,Missed Shot,Jump Shot,1,3,434,0012400005,2024-10-06
0012400005,618,PT05M43.00S,4,1610612738,BOS,1641809,Peterson,D. Peterson,0,0,0,,0,,,0,h,Peterson REBOUND (Off:1 Def:0),Rebound,Unknown,1,0,435,0012400005,2024-10-06
0012400005,619,PT05M33.00S,4,1610612738,BOS,1629022,Walker IV,L. Walker IV,61,162,17,Missed,1,,,0,h,MISS Walker IV 17' Pullup Jump Shot,Missed Shot,Pullup Jump shot,1,2,436,0012400005,2024-10-06
0012400005,620,PT05M30.00S,4,1610612743,DEN,1641790,Hall,P. Hall,0,0,0,,0,,,0,v,Hall REBOUND (Off:0 Def:1),Rebound,Unknown,1,0,437,0012400005,2024-10-06
0012400005,621,PT05M25.00S,4,1610612743,DEN,1642443,Young,J. Young,18,7,2,Made,1,119,91,210,v,Young 2' Running Finger Roll Layup (8 PTS),Made Shot,Running Finger Roll Layup Shot,1,2,438,0012400005,2024-10-06
0012400005,622,PT05M16.00S,4,1610612738,BOS,1631248,Scheierman,B. Scheierman,225,38,0,Missed,1,,,0,h,MISS Scheierman 3PT Jump Shot,Missed Shot,Jump Shot,1,3,439,0012400005,2024-10-06
0012400005,623,PT05M16.00S,4,1610612743,DEN,1641725,Alexander,T. Alexander,0,0,0,,0,,,0,v,Alexander REBOUND (Off:0 Def:4),Rebound,Unknown,1,0,440,0012400005,2024-10-06
0012400005,624,PT05M08.00S,4,1610612743,DEN,1641790,Hall,P. Hall,0,0,0,,0,,,0,v,Hall OFF.Foul (P1) (C.Washington),Foul,Offensive,1,0,441,0012400005,2024-10-06
0012400005,626,PT05M08.00S,4,1610612743,DEN,1641790,Hall,P. Hall,0,0,0,,0,,,0,v,Hall Offensive Foul Turnover (P1.T17),Turnover,Offensive Foul Turnover,1,0,442,0012400005,2024-10-06
0012400005,627,PT05M01.00S,4,1610612743,DEN,1642443,Young,J. Young,0,0,0,,0,,,0,v,Young P.FOUL (P1.T1) (M.Ervin),Foul,Personal,1,0,443,0012400005,2024-10-06
0012400005,629,PT04M42.00S,4,1610612738,BOS,1631248,Scheierman,B. Scheierman,-7,-8,1,Missed,1,,,0,h,MISS Scheierman 1' Driving Finger Roll Layup,Missed Shot,Driving Finger Roll Layup Shot,1,2,444,0012400005,2024-10-06
0012400005,630,PT04M42.00S,4,0,,1610612738,,,0,0,0,,0,,,0,h,CELTICS Rebound,Rebound,Unknown,1,0,445,0012400005,2024-10-06
0012400005,632,PT04M38.00S,4,1610612738,BOS,1631120,Davison,J. Davison,134,235,27,Missed,1,,,0,h,MISS Davison 27' 3PT Pullup Jump Shot,Missed Shot,Pullup Jump shot,1,3,446,0012400005,2024-10-06
0012400005,633,PT04M34.00S,4,1610612738,BOS,1629022,Walker IV,L. Walker IV,0,0,0,,0,,,0,h,Walker IV REBOUND (Off:1 Def:0),Rebound,Unknown,1,0,447,0012400005,2024-10-06
0012400005,634,PT04M24.00S,4,1610612738,BOS,1629022,Walker IV,L. Walker IV,-53,114,13,Missed,1,,,0,h,MISS Walker IV 13' Step Back Jump Shot,Missed Shot,Step Back Jump shot,1,2,448,0012400005,2024-10-06
0012400005,635,PT04M21.00S,4,1610612743,DEN,1642443,Young,J. Young,0,0,0,,0,,,0,v,Young REBOUND (Off:0 Def:1),Rebound,Unknown,1,0,449,0012400005,2024-10-06
0012400005,636,PT04M14.00S,4,1610612743,DEN,1641725,Alexander,T. Alexander,7,-1,1,Made,1,119,93,212,v,Alexander 1' Driving Finger Roll Layup (6 PTS) (Young 1 AST),Made Shot,Driving Finger Roll Layup Shot,1,2,450,0012400005,2024-10-06
0012400005,638,PT03M59.00S,4,1610612738,BOS,1641809,Peterson,D. Peterson,-54,247,25,Made,1,122,93,215,h,Peterson 25' 3PT Pullup Jump Shot (5 PTS) (Davison 3 AST),Made Shot,Pullup Jump shot,1,3,451,0012400005,2024-10-06
0012400005,640,PT03M38.00S,4,1610612743,DEN,1641725,Alexander,T. Alexander,0,0,0,,0,,,0,v,Alexander Out of Bounds - Bad Pass Turnover Turnover (P2.T18),Turnover,Out of Bounds - Bad Pass Turnover,1,0,452,0012400005,2024-10-06
0012400005,641,PT03M22.00S,4,1610612738,BOS,1641809,Peterson,D. Peterson,0,0,0,,0,,,0,h,Peterson Traveling Turnover (P1.T6),Turnover,Traveling,1,0,453,0012400005,2024-10-06
0012400005,642,PT03M10.00S,4,1610612743,DEN,1629618,Pickett,J. Pickett,-132,220,26,Made,1,122,96,218,v,Pickett 26' 3PT Jump Shot (4 PTS) (Young 2 AST),Made Shot,Jump Shot,1,3,454,0012400005,2024-10-06
0012400005,644,PT02M56.00S,4,1610612738,BOS,1631120,Davison,J. Davison,0,0,0,,0,,,0,h,Davison Bad Pass Turnover (P1.T7),Turnover,Bad Pass,1,0,455,0012400005,2024-10-06
0012400005,644,PT02M56.00S,4,1610612743,DEN,1641725,Alexander,T. Alexander,0,0,0,,0,,,0,v,Alexander STEAL (1 STL),,,1,0,456,0012400005,2024-10-06
0012400005,646,PT02M53.00S,4,1610612743,DEN,1641790,Hall,P. Hall,-1,17,2,Made,1,122,98,220,v,Hall 2' Running Alley Oop Dunk Shot (3 PTS) (Alexander 5 AST),Made Shot,Running Alley Oop Dunk Shot,1,2,457,0012400005,2024-10-06
0012400005,648,PT02M39.00S,4,1610612738,BOS,1631120,Davison,J. Davison,4,13,1,Made,1,124,98,222,h,Davison 1' Driving Reverse Layup (2 PTS),Made Shot,Driving Reverse Layup Shot,1,2,458,0012400005,2024-10-06
0012400005,649,PT02M24.00S,4,1610612743,DEN,1642443,Young,J. Young,0,0,0,,0,,,0,v,Young Lost Ball Turnover (P1.T19),Turnover,Lost Ball,1,0,459,0012400005,2024-10-06
0012400005,649,PT02M24.00S,4,1610612738,BOS,1641809,Peterson,D. Peterson,0,0,0,,0,,,0,h,Peterson STEAL (1 STL),,,1,0,460,0012400005,2024-10-06
0012400005,651,PT02M14.00S,4,1610612738,BOS,1631248,Scheierman,B. Scheierman,-88,224,24,Made,1,127,98,225,h,Scheierman 24' 3PT Pullup Jump Shot (3 PTS) (Watson 1 AST),Made Shot,Pullup Jump shot,1,3,461,0012400005,2024-10-06
0012400005,653,PT01M54.00S,4,1610612743,DEN,1629618,Pickett,J. Pickett,88,237,25,Missed,1,,,0,v,MISS Pickett 25' 3PT Step Back Jump Shot,Missed Shot,Step Back Jump shot,1,3,462,0012400005,2024-10-06
0012400005,654,PT01M50.00S,4,1610612738,BOS,1629022,Walker IV,L. Walker IV,0,0,0,,0,,,0,h,Walker IV REBOUND (Off:1 Def:1),Rebound,Unknown,1,0,463,0012400005,2024-10-06
0012400005,655,PT01M44.00S,4,1610612738,BOS,1631120,Davison,J. Davison,11,260,26,Made,1,130,98,228,h,Davison 26' 3PT Pullup Jump Shot (5 PTS) (Walker IV 1 AST),Made Shot,Pullup Jump shot,1,3,464,0012400005,2024-10-06
0012400005,657,PT01M29.00S,4,1610612743,DEN,1641790,Hall,P. Hall,-20,262,26,Missed,1,,,0,v,MISS Hall 26' 3PT Jump Shot,Missed Shot,Jump Shot,1,3,465,0012400005,2024-10-06
0012400005,658,PT01M26.00S,4,1610612738,BOS,1641809,Peterson,D. Peterson,0,0,0,,0,,,0,h,Peterson REBOUND (Off:1 Def:1),Rebound,Unknown,1,0,466,0012400005,2024-10-06
0012400005,659,PT01M16.00S,4,1610612738,BOS,1631248,Scheierman,B. Scheierman,70,271,28,Missed,1,,,0,h,MISS Scheierman 28' 3PT Pullup Jump Shot,Missed Shot,Pullup Jump shot,1,3,467,0012400005,2024-10-06
0012400005,660,PT01M12.00S,4,1610612743,DEN,1642443,Young,J. Young,0,0,0,,0,,,0,v,Young REBOUND (Off:0 Def:2),Rebound,Unknown,1,0,468,0012400005,2024-10-06
0012400005,661,PT01M06.00S,4,1610612743,DEN,1642443,Young,J. Young,0,0,0,,0,,,0,v,Young Bad Pass Turnover (P2.T20),Turnover,Bad Pass,1,0,469,0012400005,2024-10-06
0012400005,661,PT01M06.00S,4,1610612738,BOS,1631248,Scheierman,B. Scheierman,0,0,0,,0,,,0,h,Scheierman STEAL (1 STL),,,1,0,470,0012400005,2024-10-06
0012400005,663,PT01M03.00S,4,1610612738,BOS,1629022,Walker IV,L. Walker IV,200,130,24,Missed,1,,,0,h,MISS Walker IV 24' 3PT Running Jump Shot,Missed Shot,Running Jump Shot,1,3,471,0012400005,2024-10-06
0012400005,664,PT00M58.50S,4,1610612743,DEN,1629618,Pickett,J. Pickett,0,0,0,,0,,,0,v,Pickett REBOUND (Off:0 Def:1),Rebound,Unknown,1,0,472,0012400005,2024-10-06
0012400005,665,PT00M54.50S,4,1610612743,DEN,1641725,Alexander,T. Alexander,-2,12,1,Made,1,130,100,230,v,Alexander 1' Driving Reverse Layup (8 PTS) (Pickett 3 AST),Made Shot,Driving Reverse Layup Shot,1,2,473,0012400005,2024-10-06
0012400005,667,PT00M54.50S,4,1610612738,BOS,1641817,Watson,A. Watson,0,0,0,,0,,,0,h,Watson S.FOUL (P2.T3) (C.Washington),Foul,Shooting,1,0,474,0012400005,2024-10-06
0012400005,669,PT00M54.50S,4,0,,1610612738,,,0,0,0,,0,,,0,h,CELTICS Timeout: Regular (Full 3 Short 0),Timeout,Regular,0,0,475,0012400005,2024-10-06
0012400005,670,PT00M54.50S,4,1610612743,DEN,1641725,Alexander,T. Alexander,0,0,0,,0,130,101,231,v,Alexander Free Throw 1 of 1 (9 PTS),Free Throw,Free Throw 1 of 1,1,0,476,0012400005,2024-10-06
0012400005,671,PT00M34.10S,4,1610612738,BOS,1641809,Peterson,D. Peterson,0,0,0,,0,,,0,h,Peterson Traveling Turnover (P2.T8),Turnover,Traveling,1,0,477,0012400005,2024-10-06
0012400005,672,PT00M26.20S,4,1610612738,BOS,1641809,Peterson,D. Peterson,0,0,0,,0,,,0,h,Peterson S.FOUL (P2.PN) (C.Washington),Foul,Shooting,1,0,478,0012400005,2024-10-06
0012400005,674,PT00M26.20S,4,1610612743,DEN,1641725,Alexander,T. Alexander,0,0,0,,0,130,102,232,v,Alexander Free Throw 1 of 3 (10 PTS),Free Throw,Free Throw 1 of 3,1,0,479,0012400005,2024-10-06
0012400005,675,PT00M26.20S,4,1610612743,DEN,1641725,Alexander,T. Alexander,0,0,0,,0,130,103,233,v,Alexander Free Throw 2 of 3 (11 PTS),Free Throw,Free Throw 2 of 3,1,0,480,0012400005,2024-10-06
0012400005,676,PT00M26.20S,4,1610612743,DEN,1641725,Alexander,T. Alexander,0,0,0,,0,130,104,234,v,Alexander Free Throw 3 of 3 (12 PTS),Free Throw,Free Throw 3 of 3,1,0,481,0012400005,2024-10-06
0012400005,677,PT00M02.20S,4,0,,1610612738,,,0,0,0,,0,,,0,h,CELTICS Turnover: Shot Clock (T#9),Turnover,Shot Clock Turnover,1,0,482,0012400005,2024-10-06
0012400005,678,PT00M00.30S,4,1610612743,DEN,1642443,Young,J. Young,129,397,42,Missed,1,,,0,v,MISS Young 42' 3PT Pullup Jump Shot,Missed Shot,Pullup Jump shot,1,3,483,0012400005,2024-10-06
0012400005,679,PT00M00.10S,4,0,,1610612743,,,0,0,0,,0,,,0,v,Nuggets Rebound,Rebound,Unknown,0,0,484,0012400005,2024-10-06
0012400005,680,PT00M00.00S,4,0,,0,,,0,0,0,,0,130,104,234,,End of 4th Period (12:25 PM EST),period,end,1,0,485,0012400005,2024-10-06
0012400006,2,PT12M00.00S,1,0,,0,,,0,0,0,,0,0,0,0,,Start of 1st Period (5:12 PM EST),period,start,0,0,1,0012400006,2024-10-06
0012400006,4,PT12M00.00S,1,1610612766,CHA,1630208,Richards,N. Richards,0,0,0,,0,,,0,h,Jump Ball Richards vs. Towns: Tip to Ball,Jump Ball,,1,0,2,0012400006,2024-10-06
0012400006,7,PT11M46.00S,1,1610612766,CHA,1641706,Miller,B. Miller,-98,260,28,Missed,1,,,0,h,MISS Miller 28' 3PT Jump Shot,Missed Shot,Jump Shot,1,3,3,0012400006,2024-10-06
0012400006,8,PT11M42.00S,1,1610612752,NYK,1628384,Anunoby,O. Anunoby,0,0,0,,0,,,0,v,Anunoby REBOUND (Off:0 Def:1),Rebound,Unknown,1,0,4,0012400006,2024-10-06
0012400006,9,PT11M31.00S,1,1610612752,NYK,1628384,Anunoby,O. Anunoby,-10,19,2,Missed,1,,,0,v,MISS Anunoby 2' Cutting Layup Shot,Missed Shot,Cutting Layup Shot,1,2,5,0012400006,2024-10-06
0012400006,9,PT11M31.00S,1,1610612766,CHA,1630163,Ball,L. Ball,0,0,0,,0,,,0,h,Ball BLOCK (1 BLK),,,1,2,6,0012400006,2024-10-06
0012400006,11,PT11M31.00S,1,1610612752,NYK,1628384,Anunoby,O. Anunoby,0,0,0,,0,,,0,v,Anunoby REBOUND (Off:1 Def:1),Rebound,Unknown,1,0,7,0012400006,2024-10-06
0012400006,12,PT11M31.00S,1,1610612752,NYK,1628384,Anunoby,O. Anunoby,0,0,0,,0,,,0,v,Anunoby Step Out of Bounds Turnover (P1.T1),Turnover,Step Out of Bounds Turnover,1,0,8,0012400006,2024-10-06
0012400006,13,PT11M20.00S,1,1610612766,CHA,1630163,Ball,L. Ball,10,17,2,Made,1,2,0,2,h,Ball 2' Driving Finger Roll Layup (2 PTS),Made Shot,Driving Finger Roll Layup Shot,1,2,9,0012400006,2024-10-06
0012400006,14,PT11M07.00S,1,1610612752,NYK,1626157,Towns,K. Towns,-125,219,25,Missed,1,,,0,v,MISS Towns 25' 3PT Step Back Jump Shot,Missed Shot,Step Back Jump shot,1,3,10,0012400006,2024-10-06
0012400006,15,PT11M04.00S,1,1610612766,CHA,1641706,Miller,B. Miller,0,0,0,,0,,,0,h,Miller REBOUND (Off:0 Def:1),Rebound,Unknown,1,0,11,0012400006,2024-10-06
0012400006,16,PT10M57.00S,1,1610612766,CHA,1630208,Richards,N. Richards,0,0,0,,0,,,0,h,Richards Lost Ball Turnover (P1.T1),Turnover,Lost Ball,1,0,12,0012400006,2024-10-06
0012400006,16,PT10M57.00S,1,1610612752,NYK,1626157,Towns,K. Towns,0,0,0,,0,,,0,v,Towns STEAL (1 STL),,,1,0,13,0012400006,2024-10-06
0012400006,18,PT10M50.00S,1,1610612752,NYK,1628969,Bridges,M. Bridges,-222,6,0,Missed,1,,,0,v,MISS Bridges 3PT Jump Shot,Missed Shot,Jump Shot,1,3,14,0012400006,2024-10-06
0012400006,19,PT10M47.00S,1,1610612766,CHA,1630163,Ball,L. Ball,0,0,0,,0,,,0,h,Ball REBOUND (Off:0 Def:1),Rebound,Unknown,1,0,15,0012400006,2024-10-06
0012400006,20,PT10M37.00S,1,1610612766,CHA,1628970,Bridges,M. Bridges,-240,17,24,Made,1,5,0,5,h,Bridges 24' 3PT Step Back Jump Shot (3 PTS) (Ball 1 AST),Made Shot,Step Back Jump shot,1,3,16,0012400006,2024-10-06
0012400006,22,PT10M15.00S,1,1610612752,NYK,1628969,Bridges,M. Bridges,-64,22,7,Missed,1,,,0,v,MISS Bridges 7' Fadeaway Jumper,Missed Shot,Fadeaway Jump Shot,1,2,17,0012400006,2024-10-06
0012400006,23,PT10M14.00S,1,1610612766,CHA,1628970,Bridges,M. Bridges,0,0,0,,0,,,0,h,Bridges REBOUND (Off:0 Def:1),Rebound,Unknown,1,0,18,0012400006,2024-10-06
0012400006,24,PT10M02.00S,1,1610612766,CHA,1630163,Ball,L. Ball,18,26,3,Missed,1,,,0,h,MISS Ball 3' Driving Layup,Missed Shot,Driving Layup Shot,1,2,19,0012400006,2024-10-06
0012400006,25,PT10M00.00S,1,1610612752,NYK,1626157,Towns,K. Towns,0,0,0,,0,,,0,v,Towns REBOUND (Off:0 Def:1),Rebound,Unknown,1,0,20,0012400006,2024-10-06
0012400006,26,PT09M54.00S,1,1610612752,NYK,1628969,Bridges,M. Bridges,38,-5,4,Made,1,5,2,7,v,Bridges 4' Driving Reverse Layup (2 PTS) (Hart 1 AST),Made Shot,Driving Reverse Layup Shot,1,2,21,0012400006,2024-10-06
0012400006,28,PT09M36.00S,1,1610612766,CHA,1630182,Green,J. Green,22,26,3,Missed,1,,,0,h,MISS Green 3' Driving Layup,Missed Shot,Driving Layup Shot,1,2,22,0012400006,2024-10-06
0012400006,29,PT09M33.00S,1,1610612752,NYK,1626157,Towns,K. Towns,0,0,0,,0,,,0,v,Towns REBOUND (Off:0 Def:2),Rebound,Unknown,1,0,23,0012400006,2024-10-06
0012400006,30,PT09M30.00S,1,1610612752,NYK,1628973,Brunson,J. Brunson,-93,224,24,Made,1,5,5,10,v,Brunson 24' 3PT Running Pull-Up Jump Shot (3 PTS),Made Shot,Running Pull-Up Jump Shot,1,3,24,0012400006,2024-10-06
0012400006,32,PT09M25.00S,1,1610612752,NYK,1628969,Bridges,M. Bridges,0,0,0,,0,,,0,v,Bridges P.FOUL (P1.T1) (A.Moyer-Gleich),Foul,Personal,1,0,25,0012400006,2024-10-06
0012400006,34,PT09M19.00S,1,1610612766,CHA,1630163,Ball,L. Ball,-34,136,14,Missed,1,,,0,h,MISS Ball 14' Driving Floating Jump Shot,Missed Shot,Driving Floating Jump Shot,1,2,26,0012400006,2024-10-06
0012400006,35,PT09M16.00S,1,1610612752,NYK,1628404,Hart,J. Hart,0,0,0,,0,,,0,v,Hart REBOUND (Off:0 Def:1),Rebound,Unknown,1,0,27,0012400006,2024-10-06
0012400006,36,PT09M10.00S,1,1610612752,NYK,1626157,Towns,K. Towns,-55,267,27,Made,1,5,8,13,v,Towns 27' 3PT Jump Shot (3 PTS) (Brunson 1 AST),Made Shot,Jump Shot,1,3,28,0012400006,2024-10-06
0012400006,38,PT08M49.00S,1,1610612766,CHA,1630163,Ball,L. Ball,-234,89,25,Made,1,8,8,16,h,Ball 25' 3PT Jump Shot (5 PTS) (Bridges 1 AST),Made Shot,Jump Shot,1,3,29,0012400006,2024-10-06
0012400006,40,PT08M28.00S,1,1610612752,NYK,1628973,Brunson,J. Brunson,-11,-4,1,Missed,1,,,0,v,MISS Brunson 1' Reverse Layup,Missed Shot,Reverse Layup Shot,1,2,30,0012400006,2024-10-06
0012400006,41,PT08M26.00S,1,1610612766,CHA,1630208,Richards,N. Richards,0,0,0,,0,,,0,h,Richards REBOUND (Off:0 Def:1),Rebound,Unknown,1,0,31,0012400006,2024-10-06
0012400006,42,PT08M18.00S,1,1610612766,CHA,1630163,Ball,L. Ball,103,253,27,Missed,1,,,0,h,MISS Ball 27' 3PT Pullup Jump Shot,Missed Shot,Pullup Jump shot,1,3,32,0012400006,2024-10-06
0012400006,43,PT08M16.00S,1,1610612766,CHA,1630182,Green,J. Green,0,0,0,,0,,,0,h,Green REBOUND (Off:1 Def:0),Rebound,Unknown,1,0,33,0012400006,2024-10-06
0012400006,44,PT08M02.00S,1,1610612766,CHA,1630163,Ball,L. Ball,-56,352,36,Missed,1,,,0,h,MISS Ball 36' 3PT Pullup Jump Shot,Missed Shot,Pullup Jump shot,1,3,34,0012400006,2024-10-06
0012400006,44,PT08M02.00S,1,1610612752,NYK,1628384,Anunoby,O. Anunoby,0,0,0,,0,,,0,v,Anunoby BLOCK (1 BLK),,,1,3,35,0012400006,2024-10-06
0012400006,46,PT08M02.00S,1,0,,1610612766,,,0,0,0,,0,,,0,h,HORNETS Rebound,Rebound,Unknown,1,0,36,0012400006,2024-10-06
0012400006,47,PT08M02.00S,1,0,,1610612766,,,0,0,0,,0,,,0,h,HORNETS Turnover: Shot Clock (T#2),Turnover,Shot Clock Turnover,1,0,37,0012400006,2024-10-06
0012400006,48,PT07M51.00S,1,1610612752,NYK,1626157,Towns,K. Towns,38,16,4,Made,1,8,10,18,v,Towns 4' Layup (5 PTS) (Brunson 2 AST),Made Shot,Layup Shot,1,2,38,0012400006,2024-10-06
0012400006,51,PT07M40.00S,1,1610612752,NYK,1628384,Anunoby,O. Anunoby,0,0,0,,0,,,0,v,Anunoby P.FOUL (P1.T2) (M.Williams),Foul,Personal,1,0,39,0012400006,2024-10-06
0012400006,53,PT07M29.00S,1,1610612766,CHA,1628970,Bridges,M. Bridges,-21,49,5,Missed,1,,,0,h,MISS Bridges 5' Layup,Missed Shot,Layup Shot,1,2,40,0012400006,2024-10-06
0012400006,54,PT07M27.00S,1,1610612752,NYK,1628384,Anunoby,O. Anunoby,0,0,0,,0,,,0,v,Anunoby REBOUND (Off:1 Def:2),Rebound,Unknown,1,0,41,0012400006,2024-10-06
0012400006,55,PT07M19.00S,1,1610612752,NYK,1626157,Towns,K. Towns,37,6,4,Missed,1,,,0,v,MISS Towns 4' Cutting Layup Shot,Missed Shot,Cutting Layup Shot,1,2,42,0012400006,2024-10-06
0012400006,56,PT07M17.00S,1,1610612766,CHA,1630208,Richards,N. Richards,0,0,0,,0,,,0,h,Richards REBOUND (Off:0 Def:2),Rebound,Unknown,1,0,43,0012400006,2024-10-06
0012400006,57,PT07M04.00S,1,1610612766,CHA,1630182,Green,J. Green,227,47,0,Made,1,11,10,21,h,Green 3PT Jump Shot (3 PTS) (Ball 2 AST),Made Shot,Jump Shot,1,3,44,0012400006,2024-10-06
0012400006,59,PT06M50.00S,1,1610612752,NYK,1628973,Brunson,J. Brunson,-10,-2,1,Missed,1,,,0,v,MISS Brunson 1' Layup,Missed Shot,Layup Shot,1,2,45,0012400006,2024-10-06
0012400006,60,PT06M49.00S,1,1610612766,CHA,1630208,Richards,N. Richards,0,0,0,,0,,,0,h,Richards REBOUND (Off:0 Def:3),Rebound,Unknown,1,0,46,0012400006,2024-10-06
0012400006,61,PT06M46.00S,1,1610612752,NYK,1628969,Bridges,M. Bridges,0,0,0,,0,,,0,v,Bridges S.FOUL (P2.T3) (A.Moyer-Gleich),Foul,Shooting,1,0,47,0012400006,2024-10-06
0012400006,63,PT06M46.00S,1,0,,1610612766,,,0,0,0,,0,,,0,h,HORNETS Timeout: Regular (Full 1 Short 0),Timeout,Regular,0,0,48,0012400006,2024-10-06
0012400006,64,PT06M46.00S,1,1610612766,CHA,1630208,Richards,N. Richards,0,0,0,,0,,,0,h,SUB: Gibson FOR Richards,Substitution,,0,0,49,0012400006,2024-10-06
0012400006,65,PT06M46.00S,1,1610612766,CHA,1630163,Ball,L. Ball,0,0,0,,0,,,0,h,SUB: Micic FOR Ball,Substitution,,0,0,50,0012400006,2024-10-06
0012400006,68,PT06M46.00S,1,1610612766,CHA,1641706,Miller,B. Miller,0,0,0,,0,,,0,h,MISS Miller Free Throw 1 of 2,Free Throw,Free Throw 1 of 2,1,0,51,0012400006,2024-10-06
0012400006,69,PT06M46.00S,1,0,,1610612766,,,0,0,0,,0,,,0,h,HORNETS Rebound,Rebound,Normal Rebound,1,0,52,0012400006,2024-10-06
0012400006,70,PT06M46.00S,1,1610612766,CHA,1641706,Miller,B. Miller,0,0,0,,0,12,10,22,h,Miller Free Throw 2 of 2 (1 PTS),Free Throw,Free Throw 2 of 2,1,0,53,0012400006,2024-10-06
0012400006,71,PT06M25.00S,1,1610612752,NYK,1628384,Anunoby,O. Anunoby,26,13,3,Missed,1,,,0,v,MISS Anunoby 3' Cutting Layup Shot,Missed Shot,Cutting Layup Shot,1,2,54,0012400006,2024-10-06
0012400006,71,PT06M25.00S,1,1610612766,CHA,1641706,Miller,B. Miller,0,0,0,,0,,,0,h,Miller BLOCK (1 BLK),,,1,2,55,0012400006,2024-10-06
0012400006,73,PT06M25.00S,1,0,,1610612766,,,0,0,0,,0,,,0,h,HORNETS Rebound,Rebound,Unknown,0,0,56,0012400006,2024-10-06
0012400006,75,PT06M11.00S,1,1610612752,NYK,1628384,Anunoby,O. Anunoby,0,0,0,,0,,,0,v,Anunoby Violation:Kicked Ball (A.Moyer-Gleich),Violation,Kicked Ball,0,0,57,0012400006,2024-10-06
0012400006,76,PT06M03.00S,1,1610612766,CHA,201959,Gibson,T. Gibson,-72,43,8,Missed,1,,,0,h,MISS Gibson 8' Hook Shot,Missed Shot,Hook Shot,1,2,58,0012400006,2024-10-06
0012400006,77,PT06M00.00S,1,1610612752,NYK,1626157,Towns,K. Towns,0,0,0,,0,,,0,v,Towns REBOUND (Off:0 Def:3),Rebound,Unknown,1,0,59,0012400006,2024-10-06
0012400006,78,PT05M46.00S,1,1610612752,NYK,1628384,Anunoby,O. Anunoby,-7,152,15,Made,1,12,12,24,v,Anunoby 15' Pullup Jump Shot (2 PTS) (Brunson 3 AST),Made Shot,Pullup Jump shot,1,2,60,0012400006,2024-10-06
0012400006,80,PT05M31.00S,1,1610612766,CHA,203995,Micić,V. Micić,-76,172,19,Missed,1,,,0,h,MISS Micic 19' Pullup Jump Shot,Missed Shot,Pullup Jump shot,1,2,61,0012400006,2024-10-06
0012400006,81,PT05M29.00S,1,1610612752,NYK,1628384,Anunoby,O. Anunoby,0,0,0,,0,,,0,v,Anunoby REBOUND (Off:1 Def:3),Rebound,Unknown,1,0,62,0012400006,2024-10-06
0012400006,82,PT05M22.00S,1,1610612766,CHA,203995,Micić,V. Micić,0,0,0,,0,,,0,h,Micic P.FOUL (P1.T1) (A.Moyer-Gleich),Foul,Personal,1,0,63,0012400006,2024-10-06
0012400006,84,PT05M22.00S,1,1610612766,CHA,1630182,Green,J. Green,0,0,0,,0,,,0,h,SUB: Mann FOR Green,Substitution,,0,0,64,0012400006,2024-10-06
0012400006,85,PT05M22.00S,1,1610612752,NYK,1628969,Bridges,M. Bridges,0,0,0,,0,,,0,v,SUB: McBride FOR Bridges,Substitution,,0,0,65,0012400006,2024-10-06
0012400006,88,PT05M11.00S,1,1610612752,NYK,1626157,Towns,K. Towns,-26,246,25,Missed,1,,,0,v,MISS Towns 25' 3PT Jump Shot,Missed Shot,Jump Shot,1,3,66,0012400006,2024-10-06
0012400006,89,PT05M08.00S,1,1610612766,CHA,1628970,Bridges,M. Bridges,0,0,0,,0,,,0,h,Bridges REBOUND (Off:0 Def:2),Rebound,Unknown,1,0,67,0012400006,2024-10-06
0012400006,90,PT05M01.00S,1,1610612766,CHA,1628970,Bridges,M. Bridges,-2,20,2,Made,1,14,12,26,h,Bridges 2' Cutting Dunk Shot (5 PTS) (Miller 1 AST),Made Shot,Cutting Dunk Shot,1,2,68,0012400006,2024-10-06
0012400006,92,PT04M37.00S,1,1610612752,NYK,1628404,Hart,J. Hart,-221,8,0,Missed,1,,,0,v,MISS Hart 3PT Jump Shot,Missed Shot,Jump Shot,1,3,69,0012400006,2024-10-06
0012400006,93,PT04M35.00S,1,1610612766,CHA,1641706,Miller,B. Miller,0,0,0,,0,,,0,h,Miller REBOUND (Off:0 Def:2),Rebound,Unknown,1,0,70,0012400006,2024-10-06
0012400006,94,PT04M24.00S,1,1610612766,CHA,1641706,Miller,B. Miller,125,223,26,Made,1,17,12,29,h,Miller 26' 3PT Jump Shot (4 PTS) (Mann 1 AST),Made Shot,Jump Shot,1,3,71,0012400006,2024-10-06
0012400006,96,PT04M12.00S,1,1610612752,NYK,1628973,Brunson,J. Brunson,-75,240,25,Missed,1,,,0,v,MISS Brunson 25' 3PT Pullup Jump Shot,Missed Shot,Pullup Jump shot,1,3,72,0012400006,2024-10-06
0012400006,97,PT04M09.00S,1,1610612766,CHA,1630544,Mann,T. Mann,0,0,0,,0,,,0,h,Mann REBOUND (Off:0 Def:1),Rebound,Unknown,1,0,73,0012400006,2024-10-06
0012400006,98,PT03M53.00S,1,1610612766,CHA,1641706,Miller,B. Miller,143,225,27,Made,1,20,12,32,h,Miller 27' 3PT Jump Shot (7 PTS) (Mann 2 AST),Made Shot,Jump Shot,1,3,74,0012400006,2024-10-06
0012400006,100,PT03M46.00S,1,0,,1610612752,,,0,0,0,,0,,,0,v,Knicks Timeout: Regular (Reg.1 Short 0),Timeout,Regular,0,0,75,0012400006,2024-10-06
0012400006,101,PT03M46.00S,1,1610612766,CHA,1628970,Bridges,M. Bridges,0,0,0,,0,,,0,h,SUB: Salaün FOR Bridges,Substitution,,0,0,76,0012400006,2024-10-06
0012400006,102,PT03M46.00S,1,1610612766,CHA,1641706,Miller,B. Miller,0,0,0,,0,,,0,h,SUB: Curry FOR Miller,Substitution,,0,0,77,0012400006,2024-10-06
0012400006,103,PT03M46.00S,1,1610612752,NYK,1628404,Hart,J. Hart,0,0,0,,0,,,0,v,SUB: Payne FOR Hart,Substitution,,0,0,78,0012400006,2024-10-06
0012400006,104,PT03M46.00S,1,1610612752,NYK,1628384,Anunoby,O. Anunoby,0,0,0,,0,,,0,v,SUB: Sims FOR Anunoby,Substitution,,0,0,79,0012400006,2024-10-06
0012400006,105,PT03M46.00S,1,1610612752,NYK,1628973,Brunson,J. Brunson,0,0,0,,0,,,0,v,SUB: Achiuwa FOR Brunson,Substitution,,0,0,80,0012400006,2024-10-06
0012400006,106,PT03M46.00S,1,1610612752,NYK,1626157,Towns,K. Towns,0,0,0,,0,,,0,v,SUB: Shamet FOR Towns,Substitution,,0,0,81,0012400006,2024-10-06
0012400006,113,PT03M34.00S,1,1610612752,NYK,1626166,Payne,C. Payne,-32,11,3,Made,1,20,14,34,v,Payne 3' Layup (2 PTS),Made Shot,Layup Shot,1,2,82,0012400006,2024-10-06
0012400006,114,PT03M18.00S,1,1610612766,CHA,1630544,Mann,T. Mann,-229,46,0,Made,1,23,14,37,h,Mann 3PT Jump Shot (3 PTS) (Micic 1 AST),Made Shot,Jump Shot,1,3,83,0012400006,2024-10-06
0012400006,116,PT03M06.00S,1,1610612752,NYK,1630540,McBride,M. McBride,0,0,0,,0,,,0,v,McBride Bad Pass Turnover (P1.T2),Turnover,Bad Pass,1,0,84,0012400006,2024-10-06
0012400006,118,PT03M06.00S,1,1610612752,NYK,1626166,Payne,C. Payne,0,0,0,,0,,,0,v,Payne L.B.FOUL (P1.T4) (A.Moyer-Gleich),Foul,Loose Ball,1,0,85,0012400006,2024-10-06
0012400006,120,PT02M51.00S,1,1610612766,CHA,1630544,Mann,T. Mann,-44,265,27,Made,1,26,14,40,h,Mann 27' 3PT Step Back Jump Shot (6 PTS) (Gibson 1 AST),Made Shot,Step Back Jump shot,1,3,86,0012400006,2024-10-06
0012400006,122,PT02M43.00S,1,1610612752,NYK,1626166,Payne,C. Payne,126,234,27,Missed,1,,,0,v,MISS Payne 27' 3PT Pullup Jump Shot,Missed Shot,Pullup Jump shot,0,3,87,0012400006,2024-10-06
0012400006,123,PT02M39.00S,1,1610612752,NYK,1630579,Sims,J. Sims,0,0,0,,0,,,0,v,Sims REBOUND (Off:1 Def:0),Rebound,Unknown,0,0,88,0012400006,2024-10-06
0012400006,124,PT02M35.00S,1,1610612752,NYK,1629013,Shamet,L. Shamet,-58,242,25,Made,1,26,17,43,v,Shamet 25' 3PT Fadeaway Jumper (3 PTS) (Sims 1 AST),Made Shot,Fadeaway Jump Shot,0,3,89,0012400006,2024-10-06
0012400006,126,PT02M17.00S,1,1610612766,CHA,203995,Micić,V. Micić,0,0,0,,0,,,0,h,Micic Bad Pass Turnover (P1.T3),Turnover,Bad Pass,0,0,90,0012400006,2024-10-06
0012400006,126,PT02M17.00S,1,1610612752,NYK,1630173,Achiuwa,P. Achiuwa,0,0,0,,0,,,0,v,Achiuwa STEAL (1 STL),,,0,0,91,0012400006,2024-10-06
0012400006,128,PT02M13.00S,1,1610612752,NYK,1630173,Achiuwa,P. Achiuwa,6,8,1,Made,1,26,19,45,v,Achiuwa 1' Running Dunk (2 PTS),Made Shot,Running Dunk Shot,0,2,92,0012400006,2024-10-06
0012400006,129,PT02M01.00S,1,1610612766,CHA,201959,Gibson,T. Gibson,-11,25,3,Made,1,28,19,47,h,Gibson 3' Cutting Dunk Shot (2 PTS) (Micic 2 AST),Made Shot,Cutting Dunk Shot,1,2,93,0012400006,2024-10-06
0012400006,131,PT01M51.00S,1,1610612752,NYK,1626166,Payne,C. Payne,29,3,3,Made,1,28,21,49,v,Payne 3' Layup (4 PTS) (McBride 1 AST),Made Shot,Layup Shot,1,2,94,0012400006,2024-10-06
0012400006,133,PT01M36.00S,1,1610612766,CHA,201959,Gibson,T. Gibson,113,6,11,Made,1,30,21,51,h,Gibson 11' Jump Shot (4 PTS) (Curry 1 AST),Made Shot,Jump Shot,1,2,95,0012400006,2024-10-06
0012400006,135,PT01M24.00S,1,1610612752,NYK,1630540,McBride,M. McBride,-7,13,1,Made,1,30,23,53,v,McBride 1' Cutting Layup Shot (2 PTS) (Payne 1 AST),Made Shot,Cutting Layup Shot,1,2,96,0012400006,2024-10-06
0012400006,137,PT01M10.00S,1,1610612766,CHA,203995,Micić,V. Micić,0,0,0,,0,,,0,h,Micic Lost Ball Turnover (P2.T4),Turnover,Lost Ball,1,0,97,0012400006,2024-10-06
0012400006,137,PT01M10.00S,1,1610612752,NYK,1630540,McBride,M. McBride,0,0,0,,0,,,0,v,McBride STEAL (1 STL),,,1,0,98,0012400006,2024-10-06
0012400006,139,PT01M06.00S,1,1610612752,NYK,1630540,McBride,M. McBride,2,4,0,Made,1,30,25,55,v,McBride Running Dunk (4 PTS),Made Shot,Running Dunk Shot,1,2,99,0012400006,2024-10-06
0012400006,140,PT00M58.30S,1,1610612752,NYK,1630540,McBride,M. McBride,0,0,0,,0,,,0,v,McBride P.FOUL (P1.PN) (D.Guthrie),Foul,Personal,1,0,100,0012400006,2024-10-06
0012400006,143,PT00M58.30S,1,1610612766,CHA,201959,Gibson,T. Gibson,0,0,0,,0,,,0,h,SUB: Richards FOR Gibson,Substitution,,0,0,101,0012400006,2024-10-06
0012400006,146,PT00M58.30S,1,1610612766,CHA,203995,Micić,V. Micić,0,0,0,,0,31,25,56,h,Micic Free Throw 1 of 2 (1 PTS),Free Throw,Free Throw 1 of 2,1,0,102,0012400006,2024-10-06
0012400006,147,PT00M58.30S,1,1610612766,CHA,203995,Micić,V. Micić,0,0,0,,0,32,25,57,h,Micic Free Throw 2 of 2 (2 PTS),Free Throw,Free Throw 2 of 2,1,0,103,0012400006,2024-10-06
0012400006,148,PT00M49.80S,1,1610612766,CHA,1630544,Mann,T. Mann,0,0,0,,0,,,0,h,Mann P.FOUL (P1.T2) (M.Williams),Foul,Personal,1,0,104,0012400006,2024-10-06
0012400006,150,PT00M49.80S,1,1610612766,CHA,203995,Micić,V. Micić,0,0,0,,0,,,0,h,SUB: Ball FOR Micic,Substitution,,0,0,105,0012400006,2024-10-06
0012400006,152,PT00M42.00S,1,1610612752,NYK,1630540,McBride,M. McBride,-32,253,26,Made,1,32,28,60,v,McBride 26' 3PT Jump Shot (7 PTS) (Payne 2 AST),Made Shot,Jump Shot,1,3,106,0012400006,2024-10-06
0012400006,154,PT00M34.10S,1,1610612766,CHA,1630163,Ball,L. Ball,0,0,0,,0,,,0,h,Ball Out of Bounds - Bad Pass Turnover Turnover (P1.T5),Turnover,Out of Bounds - Bad Pass Turnover,1,0,107,0012400006,2024-10-06
0012400006,155,PT00M21.90S,1,1610612752,NYK,1629013,Shamet,L. Shamet,238,5,24,Missed,1,,,0,v,MISS Shamet 24' 3PT Jump Shot,Missed Shot,Jump Shot,1,3,108,0012400006,2024-10-06
0012400006,156,PT00M19.50S,1,1610612752,NYK,1630579,Sims,J. Sims,0,0,0,,0,,,0,v,Sims REBOUND (Off:2 Def:0),Rebound,Unknown,1,0,109,0012400006,2024-10-06
0012400006,157,PT00M18.90S,1,1610612766,CHA,1630208,Richards,N. Richards,0,0,0,,0,,,0,h,Richards S.FOUL (P1.PN) (A.Moyer-Gleich),Foul,Shooting,1,0,110,0012400006,2024-10-06
0012400006,159,PT00M18.90S,1,1610612752,NYK,1630579,Sims,J. Sims,0,0,0,,0,,,0,v,MISS Sims Free Throw 1 of 2,Free Throw,Free Throw 1 of 2,1,0,111,0012400006,2024-10-06
0012400006,160,PT00M18.90S,1,0,,1610612752,,,0,0,0,,0,,,0,v,Knicks Rebound,Rebound,Normal Rebound,0,0,112,0012400006,2024-10-06
0012400006,161,PT00M18.90S,1,1610612752,NYK,1630579,Sims,J. Sims,0,0,0,,0,32,29,61,v,Sims Free Throw 2 of 2 (1 PTS),Free Throw,Free Throw 2 of 2,1,0,113,0012400006,2024-10-06
0012400006,162,PT00M03.00S,1,1610612766,CHA,1630544,Mann,T. Mann,-201,232,31,Made,1,35,29,64,h,Mann 31' 3PT Jump Shot (9 PTS) (Ball 3 AST),Made Shot,Jump Shot,1,3,114,0012400006,2024-10-06
0012400006,164,PT00M00.00S,1,1610612752,NYK,1630540,McBride,M. McBride,-80,495,50,Missed,1,,,0,v,MISS McBride 50' 3PT Pullup Jump Shot,Missed Shot,Pullup Jump shot,1,3,115,0012400006,2024-10-06
0012400006,165,PT00M00.00S,1,0,,1610612752,,,0,0,0,,0,,,0,v,Knicks Rebound,Rebound,Unknown,0,0,116,0012400006,2024-10-06
0012400006,166,PT00M00.00S,1,0,,0,,,0,0,0,,0,35,29,64,,End of 1st Period (5:36 PM EST),period,end,1,0,117,0012400006,2024-10-06
0012400006,169,PT12M00.00S,2,0,,0,,,0,0,0,,0,35,29,64,,Start of 2nd Period (5:39 PM EST),period,start,0,0,118,0012400006,2024-10-06
0012400006,170,PT11M48.00S,2,1610612752,NYK,1629013,Shamet,L. Shamet,93,246,26,Missed,1,,,0,v,MISS Shamet 26' 3PT Pullup Jump Shot,Missed Shot,Pullup Jump shot,1,3,119,0012400006,2024-10-06
0012400006,171,PT11M44.00S,2,1610612766,CHA,203552,Curry,S. Curry,0,0,0,,0,,,0,h,Curry REBOUND (Off:0 Def:1),Rebound,Unknown,1,0,120,0012400006,2024-10-06
0012400006,172,PT11M34.00S,2,1610612766,CHA,203552,Curry,S. Curry,221,49,0,Missed,1,,,0,h,MISS Curry 3PT Jump Shot,Missed Shot,Jump Shot,1,3,121,0012400006,2024-10-06
0012400006,173,PT11M34.00S,2,0,,1610612752,,,0,0,0,,0,,,0,v,Knicks Rebound,Rebound,Unknown,1,0,122,0012400006,2024-10-06
0012400006,175,PT11M24.00S,2,1610612752,NYK,1626166,Payne,C. Payne,17,120,12,Made,1,35,31,66,v,Payne 12' Driving Floating Jump Shot (6 PTS),Made Shot,Driving Floating Jump Shot,1,2,123,0012400006,2024-10-06
0012400006,176,PT11M17.00S,2,1610612766,CHA,1630208,Richards,N. Richards,0,0,0,,0,,,0,h,Richards OFF.Foul (P2) (M.Williams),Foul,Offensive,1,0,124,0012400006,2024-10-06
0012400006,178,PT11M17.00S,2,1610612766,CHA,1630208,Richards,N. Richards,0,0,0,,0,,,0,h,Richards Offensive Foul Turnover (P2.T6),Turnover,Offensive Foul Turnover,1,0,125,0012400006,2024-10-06
0012400006,179,PT11M12.00S,2,1610612766,CHA,1630163,Ball,L. Ball,0,0,0,,0,,,0,h,Ball P.FOUL (P1.T1) (A.Moyer-Gleich),Foul,Personal,1,0,126,0012400006,2024-10-06
0012400006,181,PT10M56.00S,2,1610612752,NYK,1630540,McBride,M. McBride,18,90,9,Made,1,35,33,68,v,McBride 9' Pullup Jump Shot (9 PTS) (Payne 3 AST),Made Shot,Pullup Jump shot,1,2,127,0012400006,2024-10-06
0012400006,183,PT10M33.00S,2,1610612766,CHA,1642275,Salaün,T. Salaün,18,46,5,Made,1,37,33,70,h,Salaün 5' Driving Hook Shot (2 PTS) (Ball 4 AST),Made Shot,Driving Hook Shot,1,2,128,0012400006,2024-10-06
0012400006,184,PT10M19.00S,2,1610612752,NYK,1630173,Achiuwa,P. Achiuwa,18,5,2,Made,1,37,35,72,v,Achiuwa 2' Cutting Dunk Shot (4 PTS) (Shamet 1 AST),Made Shot,Cutting Dunk Shot,1,2,129,0012400006,2024-10-06
0012400006,186,PT10M07.00S,2,1610612766,CHA,1630163,Ball,L. Ball,-91,253,27,Missed,1,,,0,h,MISS Ball 27' 3PT Pullup Jump Shot,Missed Shot,Pullup Jump shot,1,3,130,0012400006,2024-10-06
0012400006,187,PT10M03.00S,2,1610612752,NYK,1629013,Shamet,L. Shamet,0,0,0,,0,,,0,v,Shamet REBOUND (Off:0 Def:1),Rebound,Unknown,1,0,131,0012400006,2024-10-06
0012400006,188,PT09M44.00S,2,1610612752,NYK,1630540,McBride,M. McBride,241,14,24,Made,1,37,38,75,v,McBride 24' 3PT Jump Shot (12 PTS),Made Shot,Jump Shot,1,3,132,0012400006,2024-10-06
0012400006,189,PT09M33.00S,2,1610612766,CHA,1630163,Ball,L. Ball,0,0,0,,0,,,0,h,Ball Bad Pass Turnover (P2.T7),Turnover,Bad Pass,1,0,133,0012400006,2024-10-06
0012400006,189,PT09M33.00S,2,1610612752,NYK,1630173,Achiuwa,P. Achiuwa,0,0,0,,0,,,0,v,Achiuwa STEAL (2 STL),,,1,0,134,0012400006,2024-10-06
0012400006,191,PT09M24.00S,2,1610612752,NYK,1626166,Payne,C. Payne,-103,222,24,Missed,1,,,0,v,MISS Payne 24' 3PT Jump Shot,Missed Shot,Jump Shot,1,3,135,0012400006,2024-10-06
0012400006,192,PT09M21.00S,2,1610612766,CHA,1630208,Richards,N. Richards,0,0,0,,0,,,0,h,Richards REBOUND (Off:0 Def:4),Rebound,Unknown,1,0,136,0012400006,2024-10-06
0012400006,193,PT09M14.00S,2,1610612766,CHA,1642275,Salaün,T. Salaün,173,206,27,Made,1,40,38,78,h,Salaün 27' 3PT Running Pull-Up Jump Shot (5 PTS) (Ball 5 AST),Made Shot,Running Pull-Up Jump Shot,1,3,137,0012400006,2024-10-06
0012400006,195,PT08M57.00S,2,1610612752,NYK,1630540,McBride,M. McBride,-119,46,13,Missed,1,,,0,v,MISS McBride 13' Pullup Jump Shot,Missed Shot,Pullup Jump shot,0,2,138,0012400006,2024-10-06
0012400006,196,PT08M55.00S,2,1610612766,CHA,1630182,Green,J. Green,0,0,0,,0,,,0,h,Green REBOUND (Off:1 Def:1),Rebound,Unknown,0,0,139,0012400006,2024-10-06
0012400006,197,PT08M48.00S,2,1610612766,CHA,1630163,Ball,L. Ball,0,0,0,,0,,,0,h,Ball Bad Pass Turnover (P3.T8),Turnover,Bad Pass,0,0,140,0012400006,2024-10-06
0012400006,197,PT08M48.00S,2,1610612752,NYK,1626166,Payne,C. Payne,0,0,0,,0,,,0,v,Payne STEAL (1 STL),,,0,0,141,0012400006,2024-10-06
0012400006,199,PT08M44.00S,2,1610612766,CHA,1642275,Salaün,T. Salaün,0,0,0,,0,,,0,h,Salaün P.FOUL (P1.T2) (D.Guthrie),Foul,Personal,0,0,142,0012400006,2024-10-06
0012400006,201,PT08M44.00S,2,1610612766,CHA,1642275,Salaün,T. Salaün,0,0,0,,0,,,0,h,SUB: Miller FOR Salaün,Substitution,,0,0,143,0012400006,2024-10-06
0012400006,202,PT08M44.00S,2,1610612766,CHA,1630208,Richards,N. Richards,0,0,0,,0,,,0,h,SUB: Jeffries FOR Richards,Substitution,,0,0,144,0012400006,2024-10-06
0012400006,203,PT08M44.00S,2,1610612766,CHA,203552,Curry,S. Curry,0,0,0,,0,,,0,h,SUB: Bridges FOR Curry,Substitution,,0,0,145,0012400006,2024-10-06
0012400006,208,PT08M35.00S,2,1610612752,NYK,1630173,Achiuwa,P. Achiuwa,-87,232,25,Made,1,40,41,81,v,Achiuwa 25' 3PT Jump Bank Shot (7 PTS) (McBride 2 AST),Made Shot,Jump Bank Shot,1,3,146,0012400006,2024-10-06
0012400006,210,PT08M20.00S,2,1610612766,CHA,1641706,Miller,B. Miller,167,191,25,Missed,1,,,0,h,MISS Miller 25' 3PT Fadeaway Jumper,Missed Shot,Fadeaway Jump Shot,1,3,147,0012400006,2024-10-06
0012400006,211,PT08M20.00S,2,0,,1610612752,,,0,0,0,,0,,,0,v,Knicks Rebound,Rebound,Unknown,1,0,148,0012400006,2024-10-06
0012400006,213,PT08M08.00S,2,1610612752,NYK,1630540,McBride,M. McBride,-37,248,25,Missed,1,,,0,v,MISS McBride 25' 3PT Jump Shot,Missed Shot,Jump Shot,1,3,149,0012400006,2024-10-06
0012400006,214,PT08M05.00S,2,1610612752,NYK,1630579,Sims,J. Sims,0,0,0,,0,,,0,v,Sims REBOUND (Off:3 Def:0),Rebound,Unknown,1,0,150,0012400006,2024-10-06
0012400006,215,PT08M02.00S,2,1610612752,NYK,1629013,Shamet,L. Shamet,167,69,18,Made,1,40,43,83,v,Shamet 18' Pullup Jump Shot (5 PTS) (Sims 2 AST),Made Shot,Pullup Jump shot,1,2,151,0012400006,2024-10-06
0012400006,216,PT08M01.00S,2,0,,1610612766,,,0,0,0,,0,,,0,h,HORNETS Timeout: Regular (Full 2 Short 0),Timeout,Regular,0,0,152,0012400006,2024-10-06
0012400006,217,PT08M01.00S,2,1610612766,CHA,1630163,Ball,L. Ball,0,0,0,,0,,,0,h,SUB: Gibson FOR Ball,Substitution,,0,0,153,0012400006,2024-10-06
0012400006,218,PT08M01.00S,2,1610612766,CHA,1629610,Jeffries,D. Jeffries,0,0,0,,0,,,0,h,SUB: Micic FOR Jeffries,Substitution,,0,0,154,0012400006,2024-10-06
0012400006,222,PT07M49.00S,2,1610612766,CHA,1628970,Bridges,M. Bridges,-118,241,27,Missed,1,,,0,h,MISS Bridges 27' 3PT Step Back Jump Shot,Missed Shot,Step Back Jump shot,1,3,155,0012400006,2024-10-06
0012400006,223,PT07M46.00S,2,1610612752,NYK,1630579,Sims,J. Sims,0,0,0,,0,,,0,v,Sims REBOUND (Off:3 Def:1),Rebound,Unknown,1,0,156,0012400006,2024-10-06
0012400006,224,PT07M39.00S,2,1610612752,NYK,1630579,Sims,J. Sims,0,0,0,,0,,,0,v,Sims OFF.Foul (P1) (D.Guthrie),Foul,Offensive,1,0,157,0012400006,2024-10-06
0012400006,226,PT07M39.00S,2,1610612752,NYK,1630579,Sims,J. Sims,0,0,0,,0,,,0,v,Sims Offensive Foul Turnover (P1.T3),Turnover,Offensive Foul Turnover,1,0,158,0012400006,2024-10-06
0012400006,227,PT07M23.00S,2,1610612766,CHA,1630182,Green,J. Green,225,21,0,Missed,1,,,0,h,MISS Green 3PT Jump Shot,Missed Shot,Jump Shot,1,3,159,0012400006,2024-10-06
0012400006,228,PT07M21.00S,2,1610612766,CHA,201959,Gibson,T. Gibson,0,0,0,,0,,,0,h,Gibson REBOUND (Off:1 Def:0),Rebound,Unknown,1,0,160,0012400006,2024-10-06
0012400006,229,PT07M20.00S,2,1610612766,CHA,201959,Gibson,T. Gibson,-12,16,2,Made,1,42,43,85,h,Gibson 2' Putback Layup (6 PTS),Made Shot,Putback Layup Shot,1,2,161,0012400006,2024-10-06
0012400006,230,PT07M04.00S,2,1610612752,NYK,1630540,McBride,M. McBride,-42,237,24,Missed,1,,,0,v,MISS McBride 24' 3PT Pullup Jump Shot,Missed Shot,Pullup Jump shot,1,3,162,0012400006,2024-10-06
0012400006,231,PT07M02.00S,2,1610612766,CHA,1628970,Bridges,M. Bridges,0,0,0,,0,,,0,h,Bridges REBOUND (Off:0 Def:3),Rebound,Unknown,1,0,163,0012400006,2024-10-06
0012400006,232,PT06M56.00S,2,1610612766,CHA,1628970,Bridges,M. Bridges,9,15,2,Made,1,44,43,87,h,Bridges 2' Running Layup (7 PTS),Made Shot,Running Layup Shot,1,2,164,0012400006,2024-10-06
0012400006,233,PT06M32.00S,2,1610612752,NYK,1626166,Payne,C. Payne,0,0,0,,0,,,0,v,Payne Out of Bounds - Bad Pass Turnover Turnover (P1.T4),Turnover,Out of Bounds - Bad Pass Turnover,1,0,165,0012400006,2024-10-06
0012400006,234,PT06M32.00S,2,1610612766,CHA,1630182,Green,J. Green,0,0,0,,0,,,0,h,SUB: Mann FOR Green,Substitution,,0,0,166,0012400006,2024-10-06
0012400006,235,PT06M32.00S,2,1610612752,NYK,1630173,Achiuwa,P. Achiuwa,0,0,0,,0,,,0,v,SUB: Hart FOR Achiuwa,Substitution,,0,0,167,0012400006,2024-10-06
0012400006,236,PT06M32.00S,2,1610612752,NYK,1630579,Sims,J. Sims,0,0,0,,0,,,0,v,SUB: Towns FOR Sims,Substitution,,0,0,168,0012400006,2024-10-06
0012400006,237,PT06M32.00S,2,1610612752,NYK,1626166,Payne,C. Payne,0,0,0,,0,,,0,v,SUB: Brunson FOR Payne,Substitution,,0,0,169,0012400006,2024-10-06
0012400006,242,PT06M19.00S,2,1610612766,CHA,1630544,Mann,T. Mann,0,0,0,,0,,,0,h,Mann Bad Pass Turnover (P1.T9),Turnover,Bad Pass,1,0,170,0012400006,2024-10-06
0012400006,242,PT06M19.00S,2,1610612752,NYK,1626157,Towns,K. Towns,0,0,0,,0,,,0,v,Towns STEAL (2 STL),,,1,0,171,0012400006,2024-10-06
0012400006,244,PT06M11.00S,2,1610612752,NYK,1626157,Towns,K. Towns,-83,227,24,Missed,1,,,0,v,MISS Towns 24' 3PT Jump Shot,Missed Shot,Jump Shot,1,3,172,0012400006,2024-10-06
0012400006,245,PT06M09.00S,2,1610612752,NYK,1629013,Shamet,L. Shamet,0,0,0,,0,,,0,v,Shamet REBOUND (Off:1 Def:1),Rebound,Unknown,1,0,173,0012400006,2024-10-06
0012400006,246,PT06M05.00S,2,1610612752,NYK,1630540,McBride,M. McBride,241,38,24,Missed,1,,,0,v,MISS McBride 24' 3PT Jump Shot,Missed Shot,Jump Shot,1,3,174,0012400006,2024-10-06
0012400006,247,PT06M04.00S,2,0,,1610612752,,,0,0,0,,0,,,0,v,Knicks Rebound,Rebound,Unknown,1,0,175,0012400006,2024-10-06
0012400006,249,PT06M04.00S,2,1610612752,NYK,1630540,McBride,M. McBride,0,0,0,,0,,,0,v,SUB: Anunoby FOR McBride,Substitution,,0,0,176,0012400006,2024-10-06
0012400006,250,PT06M04.00S,2,1610612752,NYK,1629013,Shamet,L. Shamet,0,0,0,,0,,,0,v,SUB: Bridges FOR Shamet,Substitution,,0,0,177,0012400006,2024-10-06
0012400006,253,PT05M55.00S,2,1610612752,NYK,1628973,Brunson,J. Brunson,-69,173,19,Made,1,44,45,89,v,Brunson 19' Pullup Jump Shot (5 PTS),Made Shot,Pullup Jump shot,1,2,178,0012400006,2024-10-06
0012400006,254,PT05M46.00S,2,1610612752,NYK,1628384,Anunoby,O. Anunoby,0,0,0,,0,,,0,v,Anunoby P.FOUL (P2.T1) (D.Guthrie),Foul,Personal,1,0,179,0012400006,2024-10-06
0012400006,256,PT05M41.00S,2,1610612752,NYK,1626157,Towns,K. Towns,0,0,0,,0,,,0,v,Towns S.FOUL (P1.T2) (M.Williams),Foul,Shooting,1,0,180,0012400006,2024-10-06
0012400006,258,PT05M41.00S,2,1610612766,CHA,201959,Gibson,T. Gibson,0,0,0,,0,45,45,90,h,Gibson Free Throw 1 of 2 (7 PTS),Free Throw,Free Throw 1 of 2,1,0,181,0012400006,2024-10-06
0012400006,259,PT05M41.00S,2,1610612766,CHA,201959,Gibson,T. Gibson,0,0,0,,0,,,0,h,MISS Gibson Free Throw 2 of 2,Free Throw,Free Throw 2 of 2,1,0,182,0012400006,2024-10-06
0012400006,260,PT05M37.00S,2,1610612752,NYK,1628384,Anunoby,O. Anunoby,0,0,0,,0,,,0,v,Anunoby REBOUND (Off:1 Def:4),Rebound,Unknown,1,0,183,0012400006,2024-10-06
0012400006,261,PT05M20.00S,2,1610612766,CHA,1628970,Bridges,M. Bridges,0,0,0,,0,,,0,h,Bridges P.FOUL (P1.T3) (A.Moyer-Gleich),Foul,Personal,1,0,184,0012400006,2024-10-06
0012400006,263,PT05M12.00S,2,1610612752,NYK,1628973,Brunson,J. Brunson,119,232,26,Missed,1,,,0,v,MISS Brunson 26' 3PT Pullup Jump Shot,Missed Shot,Pullup Jump shot,1,3,185,0012400006,2024-10-06
0012400006,264,PT05M08.00S,2,1610612766,CHA,203995,Micić,V. Micić,0,0,0,,0,,,0,h,Micic REBOUND (Off:0 Def:1),Rebound,Unknown,1,0,186,0012400006,2024-10-06
0012400006,265,PT04M54.00S,2,1610612766,CHA,1630544,Mann,T. Mann,195,170,26,Missed,1,,,0,h,MISS Mann 26' 3PT Step Back Jump Shot,Missed Shot,Step Back Jump shot,1,3,187,0012400006,2024-10-06
0012400006,266,PT04M54.00S,2,0,,1610612752,,,0,0,0,,0,,,0,v,Knicks Rebound,Rebound,Unknown,1,0,188,0012400006,2024-10-06
0012400006,268,PT04M43.00S,2,1610612752,NYK,1628404,Hart,J. Hart,78,235,25,Missed,1,,,0,v,MISS Hart 25' 3PT Jump Shot,Missed Shot,Jump Shot,1,3,189,0012400006,2024-10-06
0012400006,269,PT04M41.00S,2,0,,1610612752,,,0,0,0,,0,,,0,v,Knicks Rebound,Rebound,Unknown,0,0,190,0012400006,2024-10-06
0012400006,270,PT04M41.00S,2,1610612766,CHA,201959,Gibson,T. Gibson,0,0,0,,0,,,0,h,Gibson L.B.FOUL (P1.T4) (D.Guthrie),Foul,Loose Ball,1,0,191,0012400006,2024-10-06
0012400006,272,PT04M41.00S,2,1610612766,CHA,201959,Gibson,T. Gibson,0,0,0,,0,,,0,h,SUB: Richards FOR Gibson,Substitution,,0,0,192,0012400006,2024-10-06
0012400006,274,PT04M27.00S,2,0,,1610612752,,,0,0,0,,0,,,0,v,Knicks Turnover: Shot Clock (T#5),Turnover,Shot Clock Turnover,0,0,193,0012400006,2024-10-06
0012400006,275,PT04M21.00S,2,1610612766,CHA,1630544,Mann,T. Mann,-28,53,6,Missed,1,,,0,h,MISS Mann 6' Driving Layup,Missed Shot,Driving Layup Shot,1,2,194,0012400006,2024-10-06
0012400006,276,PT04M17.00S,2,1610612752,NYK,1628973,Brunson,J. Brunson,0,0,0,,0,,,0,v,Brunson REBOUND (Off:0 Def:1),Rebound,Unknown,1,0,195,0012400006,2024-10-06
0012400006,277,PT04M15.00S,2,1610612752,NYK,1628973,Brunson,J. Brunson,-7,0,1,Made,1,45,47,92,v,Brunson 1' Running Dunk (7 PTS),Made Shot,Running Dunk Shot,1,2,196,0012400006,2024-10-06
0012400006,278,PT03M53.00S,2,1610612766,CHA,203995,Micić,V. Micić,-38,265,27,Missed,1,,,0,h,MISS Micic 27' 3PT Pullup Jump Shot,Missed Shot,Pullup Jump shot,1,3,197,0012400006,2024-10-06
0012400006,279,PT03M48.00S,2,1610612766,CHA,1641706,Miller,B. Miller,0,0,0,,0,,,0,h,Miller REBOUND (Off:1 Def:2),Rebound,Unknown,1,0,198,0012400006,2024-10-06
0012400006,280,PT03M46.00S,2,1610612766,CHA,1630208,Richards,N. Richards,-11,27,3,Made,1,47,47,94,h,Richards 3' Layup (2 PTS) (Miller 2 AST),Made Shot,Layup Shot,1,2,199,0012400006,2024-10-06
0012400006,282,PT03M37.00S,2,1610612766,CHA,1641706,Miller,B. Miller,0,0,0,,0,,,0,h,Miller P.FOUL (P1.PN) (M.Williams),Foul,Personal,1,0,200,0012400006,2024-10-06
0012400006,284,PT03M37.00S,2,1610612752,NYK,1628384,Anunoby,O. Anunoby,0,0,0,,0,47,48,95,v,Anunoby Free Throw 1 of 2 (3 PTS),Free Throw,Free Throw 1 of 2,1,0,201,0012400006,2024-10-06
0012400006,285,PT03M37.00S,2,1610612766,CHA,1641706,Miller,B. Miller,0,0,0,,0,,,0,h,SUB: Ball FOR Miller,Substitution,,0,0,202,0012400006,2024-10-06
0012400006,287,PT03M37.00S,2,1610612752,NYK,1628384,Anunoby,O. Anunoby,0,0,0,,0,47,49,96,v,Anunoby Free Throw 2 of 2 (4 PTS),Free Throw,Free Throw 2 of 2,1,0,203,0012400006,2024-10-06
0012400006,288,PT03M31.00S,2,1610612766,CHA,1630163,Ball,L. Ball,0,0,0,,0,,,0,h,Ball OFF.Foul (P2) (M.Williams),Foul,Offensive,0,0,204,0012400006,2024-10-06
0012400006,290,PT03M31.00S,2,1610612766,CHA,1630163,Ball,L. Ball,0,0,0,,0,,,0,h,Ball Offensive Foul Turnover (P4.T10),Turnover,Offensive Foul Turnover,0,0,205,0012400006,2024-10-06
0012400006,291,PT03M18.00S,2,1610612752,NYK,1628973,Brunson,J. Brunson,184,185,26,Made,1,47,52,99,v,Brunson 26' 3PT Pullup Jump Shot (10 PTS),Made Shot,Pullup Jump shot,1,3,206,0012400006,2024-10-06
0012400006,292,PT03M10.00S,2,1610612766,CHA,1630208,Richards,N. Richards,-9,23,2,Made,1,49,52,101,h,Richards 2' Alley Oop Dunk (4 PTS) (Ball 6 AST),Made Shot,Alley Oop Dunk Shot,1,2,207,0012400006,2024-10-06
0012400006,294,PT02M53.00S,2,1610612752,NYK,1628973,Brunson,J. Brunson,22,4,2,Missed,1,,,0,v,MISS Brunson 2' Driving Layup,Missed Shot,Driving Layup Shot,1,2,208,0012400006,2024-10-06
0012400006,294,PT02M53.00S,2,1610612766,CHA,1630208,Richards,N. Richards,0,0,0,,0,,,0,h,Richards BLOCK (1 BLK),,,1,2,209,0012400006,2024-10-06
0012400006,296,PT02M50.00S,2,1610612766,CHA,203995,Micić,V. Micić,0,0,0,,0,,,0,h,Micic REBOUND (Off:0 Def:2),Rebound,Unknown,1,0,210,0012400006,2024-10-06
0012400006,297,PT02M48.00S,2,1610612766,CHA,1630163,Ball,L. Ball,223,2,0,Made,1,52,52,104,h,Ball 3PT Running Pull-Up Jump Shot (8 PTS) (Micic 3 AST),Made Shot,Running Pull-Up Jump Shot,1,3,211,0012400006,2024-10-06
0012400006,299,PT02M36.00S,2,1610612766,CHA,1630544,Mann,T. Mann,0,0,0,,0,,,0,h,Mann P.FOUL (P2.PN) (A.Moyer-Gleich),Foul,Personal,1,0,212,0012400006,2024-10-06
0012400006,301,PT02M36.00S,2,0,,1610612752,,,0,0,0,,0,,,0,v,Knicks Timeout: Regular (Reg.2 Short 0),Timeout,Regular,0,0,213,0012400006,2024-10-06
0012400006,302,PT02M36.00S,2,1610612752,NYK,1626157,Towns,K. Towns,0,0,0,,0,52,53,105,v,Towns Free Throw 1 of 2 (6 PTS),Free Throw,Free Throw 1 of 2,1,0,214,0012400006,2024-10-06
0012400006,303,PT02M36.00S,2,1610612752,NYK,1626157,Towns,K. Towns,0,0,0,,0,52,54,106,v,Towns Free Throw 2 of 2 (7 PTS),Free Throw,Free Throw 2 of 2,1,0,215,0012400006,2024-10-06
0012400006,304,PT02M28.00S,2,1610612752,NYK,1626157,Towns,K. Towns,0,0,0,,0,,,0,v,Towns S.FOUL (P2.T3) (A.Moyer-Gleich),Foul,Shooting,1,0,216,0012400006,2024-10-06
0012400006,306,PT02M28.00S,2,1610612766,CHA,1630163,Ball,L. Ball,0,0,0,,0,53,54,107,h,Ball Free Throw 1 of 2 (9 PTS),Free Throw,Free Throw 1 of 2,1,0,217,0012400006,2024-10-06
0012400006,307,PT02M28.00S,2,1610612766,CHA,203995,Micić,V. Micić,0,0,0,,0,,,0,h,SUB: Miller FOR Micic,Substitution,,0,0,218,0012400006,2024-10-06
0012400006,308,PT02M28.00S,2,1610612766,CHA,1630544,Mann,T. Mann,0,0,0,,0,,,0,h,SUB: Green FOR Mann,Substitution,,0,0,219,0012400006,2024-10-06
0012400006,311,PT02M28.00S,2,1610612766,CHA,1630163,Ball,L. Ball,0,0,0,,0,54,54,108,h,Ball Free Throw 2 of 2 (10 PTS),Free Throw,Free Throw 2 of 2,1,0,220,0012400006,2024-10-06
0012400006,312,PT02M15.00S,2,1610612752,NYK,1628973,Brunson,J. Brunson,-22,3,2,Missed,1,,,0,v,MISS Brunson 2' Driving Layup,Missed Shot,Driving Layup Shot,1,2,221,0012400006,2024-10-06
0012400006,313,PT02M13.00S,2,1610612766,CHA,1630208,Richards,N. Richards,0,0,0,,0,,,0,h,Richards REBOUND (Off:0 Def:5),Rebound,Unknown,1,0,222,0012400006,2024-10-06
0012400006,314,PT02M00.00S,2,1610612766,CHA,1630208,Richards,N. Richards,-17,84,9,Made,1,56,54,110,h,Richards 9' Floating Jump Shot (6 PTS) (Bridges 2 AST),Made Shot,Floating Jump shot,1,2,223,0012400006,2024-10-06
0012400006,316,PT01M48.00S,2,1610612766,CHA,1641706,Miller,B. Miller,0,0,0,,0,,,0,h,Miller P.FOUL (P2.PN) (A.Moyer-Gleich),Foul,Personal,1,0,224,0012400006,2024-10-06
0012400006,318,PT01M48.00S,2,1610612752,NYK,1626157,Towns,K. Towns,0,0,0,,0,56,55,111,v,Towns Free Throw 1 of 2 (8 PTS),Free Throw,Free Throw 1 of 2,1,0,225,0012400006,2024-10-06
0012400006,319,PT01M48.00S,2,1610612752,NYK,1626157,Towns,K. Towns,0,0,0,,0,,,0,v,MISS Towns Free Throw 2 of 2,Free Throw,Free Throw 2 of 2,1,0,226,0012400006,2024-10-06
0012400006,320,PT01M43.00S,2,1610612766,CHA,1628970,Bridges,M. Bridges,0,0,0,,0,,,0,h,Bridges REBOUND (Off:0 Def:4),Rebound,Unknown,1,0,227,0012400006,2024-10-06
0012400006,321,PT01M29.00S,2,1610612766,CHA,1628970,Bridges,M. Bridges,-62,36,7,Missed,1,,,0,h,MISS Bridges 7' Driving Hook Shot,Missed Shot,Driving Hook Shot,1,2,228,0012400006,2024-10-06
0012400006,322,PT01M27.00S,2,1610612752,NYK,1626157,Towns,K. Towns,0,0,0,,0,,,0,v,Towns REBOUND (Off:0 Def:4),Rebound,Unknown,1,0,229,0012400006,2024-10-06
0012400006,323,PT01M23.00S,2,1610612766,CHA,1630163,Ball,L. Ball,0,0,0,,0,,,0,h,Ball P.FOUL (P3.PN) (D.Guthrie),Foul,Personal,1,0,230,0012400006,2024-10-06
0012400006,325,PT01M23.00S,2,1610612752,NYK,1626157,Towns,K. Towns,0,0,0,,0,56,56,112,v,Towns Free Throw 1 of 2 (9 PTS),Free Throw,Free Throw 1 of 2,1,0,231,0012400006,2024-10-06
0012400006,326,PT01M23.00S,2,1610612752,NYK,1626157,Towns,K. Towns,0,0,0,,0,56,57,113,v,Towns Free Throw 2 of 2 (10 PTS),Free Throw,Free Throw 2 of 2,1,0,232,0012400006,2024-10-06
0012400006,327,PT01M14.00S,2,1610612752,NYK,1628404,Hart,J. Hart,0,0,0,,0,,,0,v,Hart P.FOUL (P1.T4) (M.Williams),Foul,Personal,1,0,233,0012400006,2024-10-06
0012400006,329,PT01M03.00S,2,1610612766,CHA,1641706,Miller,B. Miller,32,23,4,Missed,1,,,0,h,MISS Miller 4' Driving Layup,Missed Shot,Driving Layup Shot,1,2,234,0012400006,2024-10-06
0012400006,330,PT01M00.00S,2,1610612766,CHA,1630208,Richards,N. Richards,0,0,0,,0,,,0,h,Richards REBOUND (Off:1 Def:5),Rebound,Unknown,1,0,235,0012400006,2024-10-06
0012400006,331,PT01M00.00S,2,1610612766,CHA,1630208,Richards,N. Richards,0,0,0,Missed,1,,,0,h,MISS Richards Tip Layup Shot,Missed Shot,Tip Layup Shot,1,2,236,0012400006,2024-10-06
0012400006,332,PT00M58.00S,2,1610612766,CHA,1630208,Richards,N. Richards,0,0,0,,0,,,0,h,Richards REBOUND (Off:2 Def:5),Rebound,Unknown,1,0,237,0012400006,2024-10-06
0012400006,333,PT00M58.00S,2,1610612766,CHA,1630208,Richards,N. Richards,0,0,0,Made,1,58,57,115,h,Richards Putback Layup (8 PTS),Made Shot,Putback Layup Shot,1,2,238,0012400006,2024-10-06
0012400006,334,PT00M53.80S,2,1610612752,NYK,1626157,Towns,K. Towns,67,284,29,Missed,1,,,0,v,MISS Towns 29' 3PT Jump Shot,Missed Shot,Jump Shot,1,3,239,0012400006,2024-10-06
0012400006,335,PT00M51.20S,2,1610612766,CHA,1628970,Bridges,M. Bridges,0,0,0,,0,,,0,h,Bridges REBOUND (Off:0 Def:5),Rebound,Unknown,1,0,240,0012400006,2024-10-06
0012400006,336,PT00M47.10S,2,1610612766,CHA,1630163,Ball,L. Ball,120,236,26,Missed,1,,,0,h,MISS Ball 26' 3PT Running Pull-Up Jump Shot,Missed Shot,Running Pull-Up Jump Shot,1,3,241,0012400006,2024-10-06
0012400006,337,PT00M44.30S,2,1610612752,NYK,1628384,Anunoby,O. Anunoby,0,0,0,,0,,,0,v,Anunoby REBOUND (Off:1 Def:5),Rebound,Unknown,1,0,242,0012400006,2024-10-06
0012400006,338,PT00M39.10S,2,1610612752,NYK,1628969,Bridges,M. Bridges,-10,14,2,Missed,1,,,0,v,MISS Bridges 2' Running Layup,Missed Shot,Running Layup Shot,1,2,243,0012400006,2024-10-06
0012400006,339,PT00M37.10S,2,1610612752,NYK,1628969,Bridges,M. Bridges,0,0,0,,0,,,0,v,Bridges REBOUND (Off:1 Def:0),Rebound,Unknown,1,0,244,0012400006,2024-10-06
0012400006,340,PT00M37.10S,2,1610612752,NYK,1628969,Bridges,M. Bridges,0,0,0,Made,1,58,59,117,v,Bridges Tip Layup Shot (4 PTS),Made Shot,Tip Layup Shot,1,2,245,0012400006,2024-10-06
0012400006,341,PT00M31.10S,2,1610612766,CHA,1641706,Miller,B. Miller,108,235,26,Made,1,61,59,120,h,Miller 26' 3PT Jump Shot (10 PTS),Made Shot,Jump Shot,1,3,246,0012400006,2024-10-06
0012400006,342,PT00M26.50S,2,1610612752,NYK,1628973,Brunson,J. Brunson,6,95,10,Made,1,61,61,122,v,Brunson 10' Driving Layup (12 PTS),Made Shot,Driving Layup Shot,1,2,247,0012400006,2024-10-06
0012400006,343,PT00M26.50S,2,1610612766,CHA,1630208,Richards,N. Richards,0,0,0,,0,,,0,h,Richards S.FOUL (P3.PN) (M.Williams),Foul,Shooting,1,0,248,0012400006,2024-10-06
0012400006,345,PT00M26.50S,2,1610612752,NYK,1628973,Brunson,J. Brunson,0,0,0,,0,,,0,v,MISS Brunson Free Throw 1 of 1,Free Throw,Free Throw 1 of 1,1,0,249,0012400006,2024-10-06
0012400006,346,PT00M20.60S,2,1610612766,CHA,1630208,Richards,N. Richards,0,0,0,,0,,,0,h,Richards REBOUND (Off:2 Def:6),Rebound,Unknown,1,0,250,0012400006,2024-10-06
0012400006,347,PT00M02.70S,2,1610612766,CHA,1641706,Miller,B. Miller,-65,253,26,Missed,1,,,0,h,MISS Miller 26' 3PT Pullup Jump Shot,Missed Shot,Pullup Jump shot,1,3,251,0012400006,2024-10-06
0012400006,348,PT00M02.70S,2,1610612766,CHA,1628970,Bridges,M. Bridges,0,0,0,,0,,,0,h,Bridges REBOUND (Off:1 Def:5),Rebound,Unknown,1,0,252,0012400006,2024-10-06
0012400006,349,PT00M00.00S,2,1610612766,CHA,1641706,Miller,B. Miller,-93,254,27,Missed,1,,,0,h,MISS Miller 27' 3PT Jump Shot,Missed Shot,Jump Shot,1,3,253,0012400006,2024-10-06
0012400006,349,PT00M00.00S,2,1610612752,NYK,1628384,Anunoby,O. Anunoby,0,0,0,,0,,,0,v,Anunoby BLOCK (2 BLK),,,1,3,254,0012400006,2024-10-06
0012400006,351,PT00M00.00S,2,0,,1610612766,,,0,0,0,,0,,,0,h,HORNETS Rebound,Rebound,Unknown,1,0,255,0012400006,2024-10-06
0012400006,352,PT00M00.00S,2,0,,0,,,0,0,0,,0,61,61,122,,End of 2nd Period (6:08 PM EST),period,end,1,0,256,0012400006,2024-10-06
0012400006,363,PT12M00.00S,3,0,,0,,,0,0,0,,0,61,61,122,,Start of 3rd Period (6:23 PM EST),period,start,0,0,257,0012400006,2024-10-06
0012400006,364,PT11M46.00S,3,1610612752,NYK,1626166,Payne,C. Payne,-25,54,6,Missed,1,,,0,v,MISS Payne 6' Driving Floating Jump Shot,Missed Shot,Driving Floating Jump Shot,1,2,258,0012400006,2024-10-06
0012400006,365,PT11M44.00S,3,1610612766,CHA,1630163,Ball,L. Ball,0,0,0,,0,,,0,h,Ball REBOUND (Off:0 Def:2),Rebound,Unknown,1,0,259,0012400006,2024-10-06
0012400006,366,PT11M42.00S,3,1610612752,NYK,1630173,Achiuwa,P. Achiuwa,0,0,0,,0,,,0,v,Achiuwa S.FOUL (P1.T1) (M.Williams),Foul,Shooting,1,0,260,0012400006,2024-10-06
0012400006,368,PT11M42.00S,3,1610612766,CHA,1641706,Miller,B. Miller,0,0,0,,0,62,61,123,h,Miller Free Throw 1 of 2 (11 PTS),Free Throw,Free Throw 1 of 2,1,0,261,0012400006,2024-10-06
0012400006,369,PT11M42.00S,3,1610612766,CHA,1641706,Miller,B. Miller,0,0,0,,0,63,61,124,h,Miller Free Throw 2 of 2 (12 PTS),Free Throw,Free Throw 2 of 2,1,0,262,0012400006,2024-10-06
0012400006,370,PT11M23.00S,3,1610612752,NYK,1626166,Payne,C. Payne,-103,280,30,Missed,1,,,0,v,MISS Payne 30' 3PT Jump Shot,Missed Shot,Jump Shot,1,3,263,0012400006,2024-10-06
0012400006,371,PT11M21.00S,3,1610612766,CHA,1641706,Miller,B. Miller,0,0,0,,0,,,0,h,Miller REBOUND (Off:1 Def:3),Rebound,Unknown,1,0,264,0012400006,2024-10-06
0012400006,372,PT11M10.00S,3,1610612766,CHA,1630163,Ball,L. Ball,-48,308,31,Missed,1,,,0,h,MISS Ball 31' 3PT Jump Shot,Missed Shot,Jump Shot,1,3,265,0012400006,2024-10-06
0012400006,373,PT11M08.00S,3,1610612752,NYK,1630579,Sims,J. Sims,0,0,0,,0,,,0,v,Sims REBOUND (Off:3 Def:2),Rebound,Unknown,1,0,266,0012400006,2024-10-06
0012400006,374,PT11M05.00S,3,1610612752,NYK,1630173,Achiuwa,P. Achiuwa,0,0,0,,0,,,0,v,Achiuwa Step Out of Bounds Turnover (P1.T6),Turnover,Step Out of Bounds Turnover,1,0,267,0012400006,2024-10-06
0012400006,375,PT10M49.00S,3,1610612766,CHA,1630182,Green,J. Green,38,96,10,Made,1,65,61,126,h,Green 10' Driving Floating Jump Shot (5 PTS),Made Shot,Driving Floating Jump Shot,1,2,268,0012400006,2024-10-06
0012400006,376,PT10M31.00S,3,1610612752,NYK,1630540,McBride,M. McBride,0,0,0,,0,,,0,v,McBride Bad Pass Turnover (P2.T7),Turnover,Bad Pass,1,0,269,0012400006,2024-10-06
0012400006,376,PT10M31.00S,3,1610612766,CHA,1630163,Ball,L. Ball,0,0,0,,0,,,0,h,Ball STEAL (1 STL),,,1,0,270,0012400006,2024-10-06
0012400006,378,PT10M26.00S,3,1610612766,CHA,1628970,Bridges,M. Bridges,0,0,0,,0,,,0,h,Bridges Bad Pass Turnover (P1.T11),Turnover,Bad Pass,1,0,271,0012400006,2024-10-06
0012400006,378,PT10M26.00S,3,1610612752,NYK,1629013,Shamet,L. Shamet,0,0,0,,0,,,0,v,Shamet STEAL (1 STL),,,1,0,272,0012400006,2024-10-06
0012400006,380,PT10M22.00S,3,1610612766,CHA,1641706,Miller,B. Miller,0,0,0,,0,,,0,h,Miller Violation:Kicked Ball (M.Williams),Violation,Kicked Ball,0,0,273,0012400006,2024-10-06
0012400006,381,PT10M11.00S,3,1610612752,NYK,1630540,McBride,M. McBride,-36,27,5,Missed,1,,,0,v,MISS McBride 5' Driving Layup,Missed Shot,Driving Layup Shot,1,2,274,0012400006,2024-10-06
0012400006,381,PT10M11.00S,3,1610612766,CHA,1630208,Richards,N. Richards,0,0,0,,0,,,0,h,Richards BLOCK (2 BLK),,,1,2,275,0012400006,2024-10-06
0012400006,383,PT10M07.00S,3,1610612766,CHA,1641706,Miller,B. Miller,0,0,0,,0,,,0,h,Miller REBOUND (Off:1 Def:4),Rebound,Unknown,1,0,276,0012400006,2024-10-06
0012400006,384,PT10M04.00S,3,1610612766,CHA,1630163,Ball,L. Ball,-165,192,25,Made,1,68,61,129,h,Ball 25' 3PT Running Pull-Up Jump Shot (13 PTS) (Miller 3 AST),Made Shot,Running Pull-Up Jump Shot,1,3,277,0012400006,2024-10-06
0012400006,386,PT10M03.00S,3,0,,1610612752,,,0,0,0,,0,,,0,v,Knicks Timeout: Regular (Reg.3 Short 0),Timeout,Regular,0,0,278,0012400006,2024-10-06
0012400006,387,PT09M40.00S,3,1610612752,NYK,1626166,Payne,C. Payne,-13,71,7,Missed,1,,,0,v,MISS Payne 7' Driving Layup,Missed Shot,Driving Layup Shot,1,2,279,0012400006,2024-10-06
0012400006,388,PT09M36.00S,3,1610612752,NYK,1630173,Achiuwa,P. Achiuwa,0,0,0,,0,,,0,v,Achiuwa REBOUND (Off:1 Def:0),Rebound,Unknown,1,0,280,0012400006,2024-10-06
0012400006,389,PT09M36.00S,3,1610612752,NYK,1630173,Achiuwa,P. Achiuwa,0,0,0,Missed,1,,,0,v,MISS Achiuwa Tip Layup Shot,Missed Shot,Tip Layup Shot,1,2,281,0012400006,2024-10-06
0012400006,390,PT09M35.00S,3,1610612766,CHA,1630208,Richards,N. Richards,0,0,0,,0,,,0,h,Richards REBOUND (Off:2 Def:7),Rebound,Unknown,1,0,282,0012400006,2024-10-06
0012400006,391,PT09M21.00S,3,1610612766,CHA,1628970,Bridges,M. Bridges,-232,5,0,Made,1,71,61,132,h,Bridges 3PT Jump Shot (10 PTS) (Ball 7 AST),Made Shot,Jump Shot,1,3,283,0012400006,2024-10-06
0012400006,393,PT09M14.00S,3,1610612752,NYK,1630540,McBride,M. McBride,-10,20,2,Made,1,71,63,134,v,McBride 2' Driving Layup (14 PTS),Made Shot,Driving Layup Shot,1,2,284,0012400006,2024-10-06
0012400006,394,PT09M03.00S,3,1610612766,CHA,1628970,Bridges,M. Bridges,-224,-25,0,Missed,1,,,0,h,MISS Bridges 3PT Jump Shot,Missed Shot,Jump Shot,1,3,285,0012400006,2024-10-06
0012400006,395,PT09M01.00S,3,1610612752,NYK,1630579,Sims,J. Sims,0,0,0,,0,,,0,v,Sims REBOUND (Off:3 Def:3),Rebound,Unknown,1,0,286,0012400006,2024-10-06
0012400006,396,PT09M00.00S,3,1610612766,CHA,1630182,Green,J. Green,0,0,0,,0,,,0,h,Green P.FOUL (P1.T1) (A.Moyer-Gleich),Foul,Personal,1,0,287,0012400006,2024-10-06
0012400006,398,PT08M55.00S,3,1610612752,NYK,1630579,Sims,J. Sims,-34,26,4,Missed,1,,,0,v,MISS Sims 4' Layup,Missed Shot,Layup Shot,1,2,288,0012400006,2024-10-06
0012400006,398,PT08M55.00S,3,1610612766,CHA,1630208,Richards,N. Richards,0,0,0,,0,,,0,h,Richards BLOCK (3 BLK),,,1,2,289,0012400006,2024-10-06
0012400006,400,PT08M51.00S,3,1610612766,CHA,1630163,Ball,L. Ball,0,0,0,,0,,,0,h,Ball REBOUND (Off:0 Def:3),Rebound,Unknown,1,0,290,0012400006,2024-10-06
0012400006,401,PT08M48.00S,3,1610612752,NYK,1626166,Payne,C. Payne,0,0,0,,0,,,0,v,Payne P.FOUL (P2.T2) (D.Guthrie),Foul,Personal,1,0,291,0012400006,2024-10-06
0012400006,403,PT08M41.00S,3,1610612766,CHA,1630163,Ball,L. Ball,-43,146,15,Made,1,73,63,136,h,Ball 15' Driving Floating Jump Shot (15 PTS),Made Shot,Driving Floating Jump Shot,1,2,292,0012400006,2024-10-06
0012400006,404,PT08M24.00S,3,1610612752,NYK,1630173,Achiuwa,P. Achiuwa,-13,69,7,Made,1,73,65,138,v,Achiuwa 7' Layup (9 PTS),Made Shot,Layup Shot,1,2,293,0012400006,2024-10-06
0012400006,405,PT08M24.00S,3,1610612766,CHA,1630208,Richards,N. Richards,0,0,0,,0,,,0,h,Richards Violation:Defensive Goaltending (M.Williams),Violation,Defensive Goaltending,1,0,294,0012400006,2024-10-06
0012400006,406,PT08M06.00S,3,1610612766,CHA,1630163,Ball,L. Ball,238,46,24,Made,1,76,65,141,h,Ball 24' 3PT Step Back Jump Shot (18 PTS),Made Shot,Step Back Jump shot,1,3,295,0012400006,2024-10-06
0012400006,407,PT07M49.00S,3,1610612752,NYK,1626166,Payne,C. Payne,218,128,25,Missed,1,,,0,v,MISS Payne 25' 3PT Step Back Jump Shot,Missed Shot,Step Back Jump shot,1,3,296,0012400006,2024-10-06
0012400006,408,PT07M49.00S,3,0,,1610612766,,,0,0,0,,0,,,0,h,HORNETS Rebound,Rebound,Unknown,1,0,297,0012400006,2024-10-06
0012400006,410,PT07M35.00S,3,1610612766,CHA,1628970,Bridges,M. Bridges,-31,252,25,Missed,1,,,0,h,MISS Bridges 25' 3PT Jump Shot,Missed Shot,Jump Shot,1,3,298,0012400006,2024-10-06
0012400006,411,PT07M32.00S,3,1610612752,NYK,1629013,Shamet,L. Shamet,0,0,0,,0,,,0,v,Shamet REBOUND (Off:1 Def:2),Rebound,Unknown,1,0,299,0012400006,2024-10-06
0012400006,412,PT07M19.00S,3,1610612752,NYK,1630173,Achiuwa,P. Achiuwa,-232,47,24,Missed,1,,,0,v,MISS Achiuwa 24' 3PT Jump Shot,Missed Shot,Jump Shot,1,3,300,0012400006,2024-10-06
0012400006,413,PT07M16.00S,3,1610612766,CHA,1630163,Ball,L. Ball,0,0,0,,0,,,0,h,Ball REBOUND (Off:0 Def:4),Rebound,Unknown,1,0,301,0012400006,2024-10-06
0012400006,414,PT07M05.00S,3,1610612766,CHA,1641706,Miller,B. Miller,0,0,0,,0,,,0,h,Miller OFF.Foul (P3) (A.Moyer-Gleich),Foul,Offensive,1,0,302,0012400006,2024-10-06
0012400006,416,PT07M05.00S,3,1610612766,CHA,1641706,Miller,B. Miller,0,0,0,,0,,,0,h,Miller Offensive Foul Turnover (P1.T12),Turnover,Offensive Foul Turnover,1,0,303,0012400006,2024-10-06
0012400006,417,PT07M05.00S,3,1610612766,CHA,1628970,Bridges,M. Bridges,0,0,0,,0,,,0,h,SUB: Salaün FOR Bridges,Substitution,,0,0,304,0012400006,2024-10-06
0012400006,419,PT06M55.00S,3,1610612766,CHA,1630163,Ball,L. Ball,0,0,0,,0,,,0,h,Ball P.FOUL (P4.T2) (D.Guthrie),Foul,Personal,1,0,305,0012400006,2024-10-06
0012400006,421,PT06M47.00S,3,1610612752,NYK,1629013,Shamet,L. Shamet,180,170,25,Made,1,76,68,144,v,Shamet 25' 3PT Pullup Jump Shot (8 PTS) (Achiuwa 1 AST),Made Shot,Pullup Jump shot,1,3,306,0012400006,2024-10-06
0012400006,423,PT06M36.00S,3,1610612752,NYK,1626166,Payne,C. Payne,0,0,0,,0,,,0,v,Payne P.FOUL (P3.T3) (A.Moyer-Gleich),Foul,Personal,1,0,307,0012400006,2024-10-06
0012400006,425,PT06M36.00S,3,1610612766,CHA,1630208,Richards,N. Richards,0,0,0,,0,,,0,h,SUB: Mann FOR Richards,Substitution,,0,0,308,0012400006,2024-10-06
0012400006,426,PT06M36.00S,3,1610612766,CHA,1641706,Miller,B. Miller,0,0,0,,0,,,0,h,SUB: Diabaté FOR Miller,Substitution,,0,0,309,0012400006,2024-10-06
0012400006,429,PT06M25.00S,3,1610612766,CHA,1630163,Ball,L. Ball,-213,127,25,Missed,1,,,0,h,MISS Ball 25' 3PT Jump Shot,Missed Shot,Jump Shot,1,3,310,0012400006,2024-10-06
0012400006,430,PT06M23.00S,3,1610612752,NYK,1630579,Sims,J. Sims,0,0,0,,0,,,0,v,Sims REBOUND (Off:3 Def:4),Rebound,Unknown,1,0,311,0012400006,2024-10-06
0012400006,431,PT06M23.00S,3,1610612766,CHA,1630182,Green,J. Green,0,0,0,,0,,,0,h,Green P.FOUL (P2.T3) (M.Williams),Foul,Personal,1,0,312,0012400006,2024-10-06
0012400006,433,PT06M23.00S,3,1610612766,CHA,1630163,Ball,L. Ball,0,0,0,,0,,,0,h,SUB: Micic FOR Ball,Substitution,,0,0,313,0012400006,2024-10-06
0012400006,435,PT06M10.00S,3,1610612752,NYK,1626166,Payne,C. Payne,-17,38,4,Missed,1,,,0,v,MISS Payne 4' Driving Floating Jump Shot,Missed Shot,Driving Floating Jump Shot,1,2,314,0012400006,2024-10-06
0012400006,436,PT06M08.00S,3,1610612766,CHA,1630544,Mann,T. Mann,0,0,0,,0,,,0,h,Mann REBOUND (Off:0 Def:2),Rebound,Unknown,1,0,315,0012400006,2024-10-06
0012400006,437,PT06M00.00S,3,1610612766,CHA,1630544,Mann,T. Mann,-25,20,3,Made,1,78,68,146,h,Mann 3' Driving Layup (11 PTS),Made Shot,Driving Layup Shot,1,2,316,0012400006,2024-10-06
0012400006,438,PT06M00.00S,3,1610612752,NYK,1630579,Sims,J. Sims,0,0,0,,0,,,0,v,Sims S.FOUL (P2.T4) (M.Williams),Foul,Shooting,1,0,317,0012400006,2024-10-06
0012400006,440,PT06M00.00S,3,1610612766,CHA,1630182,Green,J. Green,0,0,0,,0,,,0,h,SUB: Jeffries FOR Green,Substitution,,0,0,318,0012400006,2024-10-06
0012400006,443,PT06M00.00S,3,1610612766,CHA,1630544,Mann,T. Mann,0,0,0,,0,,,0,h,MISS Mann Free Throw 1 of 1,Free Throw,Free Throw 1 of 1,1,0,319,0012400006,2024-10-06
0012400006,444,PT05M57.00S,3,1610612752,NYK,1630579,Sims,J. Sims,0,0,0,,0,,,0,v,Sims REBOUND (Off:3 Def:5),Rebound,Unknown,1,0,320,0012400006,2024-10-06
0012400006,445,PT05M48.00S,3,1610612752,NYK,1630540,McBride,M. McBride,54,106,12,Missed,1,,,0,v,MISS McBride 12' Pullup Jump Shot,Missed Shot,Pullup Jump shot,1,2,321,0012400006,2024-10-06
0012400006,446,PT05M45.00S,3,1610612752,NYK,1630579,Sims,J. Sims,0,0,0,,0,,,0,v,Sims REBOUND (Off:4 Def:5),Rebound,Unknown,1,0,322,0012400006,2024-10-06
0012400006,447,PT05M45.00S,3,1610612752,NYK,1630579,Sims,J. Sims,-1,17,2,Made,1,78,70,148,v,Sims 2' Putback Dunk (3 PTS),Made Shot,Putback Dunk Shot,1,2,323,0012400006,2024-10-06
0012400006,448,PT05M33.00S,3,1610612766,CHA,203995,Micić,V. Micić,-36,162,17,Made,1,80,70,150,h,Micic 17' Pullup Jump Shot (4 PTS),Made Shot,Pullup Jump shot,1,2,324,0012400006,2024-10-06
0012400006,449,PT05M20.00S,3,1610612752,NYK,1630540,McBride,M. McBride,-164,221,28,Made,1,80,73,153,v,McBride 28' 3PT Jump Shot (17 PTS) (Payne 4 AST),Made Shot,Jump Shot,1,3,325,0012400006,2024-10-06
0012400006,451,PT04M58.00S,3,1610612766,CHA,1631217,Diabaté,M. Diabaté,1,42,4,Missed,1,,,0,h,MISS Diabaté 4' Layup,Missed Shot,Layup Shot,1,2,326,0012400006,2024-10-06
0012400006,451,PT04M58.00S,3,1610612752,NYK,1630579,Sims,J. Sims,0,0,0,,0,,,0,v,Sims BLOCK (1 BLK),,,1,2,327,0012400006,2024-10-06
0012400006,453,PT04M54.00S,3,1610612752,NYK,1629013,Shamet,L. Shamet,0,0,0,,0,,,0,v,Shamet REBOUND (Off:1 Def:3),Rebound,Unknown,1,0,328,0012400006,2024-10-06
0012400006,454,PT04M37.00S,3,1610612752,NYK,1630540,McBride,M. McBride,-16,121,12,Missed,1,,,0,v,MISS McBride 12' Pullup Jump Shot,Missed Shot,Pullup Jump shot,1,2,329,0012400006,2024-10-06
0012400006,455,PT04M35.00S,3,1610612766,CHA,1642275,Salaün,T. Salaün,0,0,0,,0,,,0,h,Salaün REBOUND (Off:0 Def:1),Rebound,Unknown,1,0,330,0012400006,2024-10-06
0012400006,456,PT04M20.00S,3,1610612766,CHA,1630544,Mann,T. Mann,0,0,0,,0,,,0,h,Mann Bad Pass Turnover (P2.T13),Turnover,Bad Pass,1,0,331,0012400006,2024-10-06
0012400006,456,PT04M20.00S,3,1610612752,NYK,1629013,Shamet,L. Shamet,0,0,0,,0,,,0,v,Shamet STEAL (2 STL),,,1,0,332,0012400006,2024-10-06
0012400006,458,PT04M15.00S,3,1610612752,NYK,1629013,Shamet,L. Shamet,105,242,26,Made,1,80,76,156,v,Shamet 26' 3PT Running Pull-Up Jump Shot (11 PTS),Made Shot,Running Pull-Up Jump Shot,1,3,333,0012400006,2024-10-06
0012400006,459,PT04M13.00S,3,0,,1610612766,,,0,0,0,,0,,,0,h,HORNETS Timeout: Regular (Full 3 Short 0),Timeout,Regular,0,0,334,0012400006,2024-10-06
0012400006,460,PT03M49.00S,3,1610612766,CHA,1630544,Mann,T. Mann,22,-5,2,Made,1,82,76,158,h,Mann 2' Driving Layup (13 PTS) (Micic 4 AST),Made Shot,Driving Layup Shot,1,2,335,0012400006,2024-10-06
0012400006,462,PT03M28.00S,3,1610612752,NYK,1629013,Shamet,L. Shamet,222,49,0,Missed,1,,,0,v,MISS Shamet 3PT Jump Shot,Missed Shot,Jump Shot,1,3,336,0012400006,2024-10-06
0012400006,463,PT03M26.00S,3,1610612766,CHA,203995,Micić,V. Micić,0,0,0,,0,,,0,h,Micic REBOUND (Off:0 Def:3),Rebound,Unknown,1,0,337,0012400006,2024-10-06
0012400006,464,PT03M23.00S,3,1610612766,CHA,1630544,Mann,T. Mann,0,0,0,,0,,,0,h,Mann Out of Bounds - Bad Pass Turnover Turnover (P3.T14),Turnover,Out of Bounds - Bad Pass Turnover,1,0,338,0012400006,2024-10-06
0012400006,465,PT03M11.00S,3,1610612752,NYK,1630540,McBride,M. McBride,-234,65,24,Made,1,82,79,161,v,McBride 24' 3PT Jump Shot (20 PTS) (Achiuwa 2 AST),Made Shot,Jump Shot,1,3,339,0012400006,2024-10-06
0012400006,467,PT02M53.00S,3,1610612766,CHA,1631217,Diabaté,M. Diabaté,-1,13,1,Made,1,84,79,163,h,Diabaté 1' Cutting Layup Shot (2 PTS) (Micic 5 AST),Made Shot,Cutting Layup Shot,1,2,340,0012400006,2024-10-06
0012400006,469,PT02M32.00S,3,1610612752,NYK,1630540,McBride,M. McBride,71,253,26,Missed,1,,,0,v,MISS McBride 26' 3PT Step Back Jump Shot,Missed Shot,Step Back Jump shot,1,3,341,0012400006,2024-10-06
0012400006,470,PT02M29.00S,3,1610612766,CHA,1630544,Mann,T. Mann,0,0,0,,0,,,0,h,Mann REBOUND (Off:0 Def:3),Rebound,Unknown,1,0,342,0012400006,2024-10-06
0012400006,471,PT02M15.00S,3,1610612766,CHA,203995,Micić,V. Micić,114,150,19,Made,1,86,79,165,h,Micic 19' Pullup Jump Shot (6 PTS),Made Shot,Pullup Jump shot,1,2,343,0012400006,2024-10-06
0012400006,472,PT01M52.00S,3,1610612752,NYK,1629013,Shamet,L. Shamet,-18,20,3,Missed,1,,,0,v,MISS Shamet 3' Driving Reverse Layup,Missed Shot,Driving Reverse Layup Shot,1,2,344,0012400006,2024-10-06
0012400006,473,PT01M49.00S,3,1610612752,NYK,1630579,Sims,J. Sims,0,0,0,,0,,,0,v,Sims REBOUND (Off:5 Def:5),Rebound,Unknown,1,0,345,0012400006,2024-10-06
0012400006,474,PT01M48.00S,3,1610612752,NYK,1626166,Payne,C. Payne,83,253,27,Missed,1,,,0,v,MISS Payne 27' 3PT Jump Shot,Missed Shot,Jump Shot,1,3,346,0012400006,2024-10-06
0012400006,475,PT01M47.00S,3,0,,1610612766,,,0,0,0,,0,,,0,h,HORNETS Rebound,Rebound,Unknown,1,0,347,0012400006,2024-10-06
0012400006,477,PT01M47.00S,3,1610612752,NYK,1626166,Payne,C. Payne,0,0,0,,0,,,0,v,SUB: Kolek FOR Payne,Substitution,,0,0,348,0012400006,2024-10-06
0012400006,479,PT01M27.00S,3,1610612766,CHA,203995,Micić,V. Micić,26,-4,3,Made,1,88,79,167,h,Micic 3' Driving Layup (8 PTS),Made Shot,Driving Layup Shot,1,2,349,0012400006,2024-10-06
0012400006,480,PT01M07.00S,3,1610612752,NYK,1629013,Shamet,L. Shamet,-234,28,24,Made,1,88,82,170,v,Shamet 24' 3PT Jump Shot (14 PTS) (McBride 3 AST),Made Shot,Jump Shot,1,3,350,0012400006,2024-10-06
0012400006,482,PT00M45.70S,3,1610612766,CHA,1642275,Salaün,T. Salaün,-9,20,2,Missed,1,,,0,h,MISS Salaün 2' Driving Layup,Missed Shot,Driving Layup Shot,1,2,351,0012400006,2024-10-06
0012400006,483,PT00M45.70S,3,0,,1610612752,,,0,0,0,,0,,,0,v,Knicks Rebound,Rebound,Unknown,1,0,352,0012400006,2024-10-06
0012400006,484,PT00M45.70S,3,1610612766,CHA,1631217,Diabaté,M. Diabaté,0,0,0,,0,,,0,h,Diabaté L.B.FOUL (P1.T4) (M.Williams),Foul,Loose Ball,1,0,353,0012400006,2024-10-06
0012400006,490,PT00M45.70S,3,1610612752,NYK,1630579,Sims,J. Sims,0,0,0,,0,,,0,v,SUB: Toppin FOR Sims,Substitution,,0,0,354,0012400006,2024-10-06
0012400006,486,PT00M37.20S,3,1610612752,NYK,1642278,Kolek,T. Kolek,36,270,27,Made,1,88,85,173,v,Kolek 27' 3PT Jump Shot (3 PTS),Made Shot,Jump Shot,1,3,355,0012400006,2024-10-06
0012400006,487,PT00M28.30S,3,1610612766,CHA,1630544,Mann,T. Mann,4,16,2,Made,1,90,85,175,h,Mann 2' Floating Jump Shot (15 PTS),Made Shot,Floating Jump shot,1,2,356,0012400006,2024-10-06
0012400006,488,PT00M21.40S,3,1610612766,CHA,1642275,Salaün,T. Salaün,0,0,0,,0,,,0,h,Salaün S.FOUL (P2.PN) (D.Guthrie),Foul,Shooting,1,0,357,0012400006,2024-10-06
0012400006,494,PT00M21.40S,3,1610612752,NYK,1630173,Achiuwa,P. Achiuwa,0,0,0,,0,90,86,176,v,Achiuwa Free Throw 1 of 2 (10 PTS),Free Throw,Free Throw 1 of 2,1,0,358,0012400006,2024-10-06
0012400006,495,PT00M21.40S,3,1610612752,NYK,1630173,Achiuwa,P. Achiuwa,0,0,0,,0,90,87,177,v,Achiuwa Free Throw 2 of 2 (11 PTS),Free Throw,Free Throw 2 of 2,1,0,359,0012400006,2024-10-06
0012400006,496,PT00M02.00S,3,1610612766,CHA,203995,Micić,V. Micić,42,8,4,Missed,1,,,0,h,MISS Micic 4' Layup,Missed Shot,Layup Shot,1,2,360,0012400006,2024-10-06
0012400006,497,PT00M02.00S,3,1610612752,NYK,1631210,Toppin,J. Toppin,0,0,0,,0,,,0,v,Toppin REBOUND (Off:0 Def:1),Rebound,Unknown,1,0,361,0012400006,2024-10-06
0012400006,498,PT00M00.00S,3,0,,0,,,0,0,0,,0,90,87,177,,End of 3rd Period (6:48 PM EST),period,end,1,0,362,0012400006,2024-10-06
0012400006,503,PT12M00.00S,4,0,,0,,,0,0,0,,0,90,87,177,,Start of 4th Period (6:51 PM EST),period,start,0,0,363,0012400006,2024-10-06
0012400006,504,PT11M41.00S,4,1610612766,CHA,1642275,Salaün,T. Salaün,-10,22,2,Missed,1,,,0,h,MISS Salaün 2' Layup,Missed Shot,Layup Shot,1,2,364,0012400006,2024-10-06
0012400006,505,PT11M41.00S,4,1610612766,CHA,1631217,Diabaté,M. Diabaté,0,0,0,,0,,,0,h,Diabaté REBOUND (Off:1 Def:0),Rebound,Unknown,1,0,365,0012400006,2024-10-06
0012400006,514,PT11M41.00S,4,1610612766,CHA,1631217,Diabaté,M. Diabaté,-6,19,2,Missed,1,,,0,h,MISS Diabaté 2' Layup,Missed Shot,Layup Shot,1,2,366,0012400006,2024-10-06
0012400006,514,PT11M41.00S,4,1610612752,NYK,1630173,Achiuwa,P. Achiuwa,0,0,0,,0,,,0,v,Achiuwa BLOCK (1 BLK),,,1,2,367,0012400006,2024-10-06
0012400006,516,PT11M41.00S,4,0,,1610612752,,,0,0,0,,0,,,0,v,Knicks Rebound,Rebound,Unknown,1,0,368,0012400006,2024-10-06
0012400006,507,PT11M27.00S,4,1610612766,CHA,1641749,Johnson,K. Johnson,0,0,0,,0,,,0,h,Johnson S.FOUL (P1.T1) (M.Williams),Foul,Shooting,1,0,369,0012400006,2024-10-06
0012400006,509,PT11M27.00S,4,1610612752,NYK,1630540,McBride,M. McBride,0,0,0,,0,90,88,178,v,McBride Free Throw 1 of 2 (21 PTS),Free Throw,Free Throw 1 of 2,1,0,370,0012400006,2024-10-06
0012400006,510,PT11M27.00S,4,1610612752,NYK,1630540,McBride,M. McBride,0,0,0,,0,90,89,179,v,McBride Free Throw 2 of 2 (22 PTS),Free Throw,Free Throw 2 of 2,1,0,371,0012400006,2024-10-06
0012400006,541,PT11M11.00S,4,1610612766,CHA,1629610,Jeffries,D. Jeffries,0,0,0,,0,,,0,h,Jeffries Out of Bounds Lost Ball Turnover (P1.T15),Turnover,Out of Bounds Lost Ball Turnover,1,0,372,0012400006,2024-10-06
0012400006,517,PT11M01.00S,4,1610612752,NYK,1630540,McBride,M. McBride,-112,144,18,Missed,1,,,0,v,MISS McBride 18' Pullup Jump Shot,Missed Shot,Pullup Jump shot,1,2,373,0012400006,2024-10-06
0012400006,518,PT10M59.00S,4,1610612752,NYK,1630173,Achiuwa,P. Achiuwa,0,0,0,,0,,,0,v,Achiuwa REBOUND (Off:2 Def:0),Rebound,Unknown,1,0,374,0012400006,2024-10-06
0012400006,519,PT10M57.00S,4,1610612752,NYK,1630173,Achiuwa,P. Achiuwa,12,36,4,Missed,1,,,0,v,MISS Achiuwa 4' Layup,Missed Shot,Layup Shot,1,2,375,0012400006,2024-10-06
0012400006,520,PT10M55.00S,4,1610612766,CHA,1629610,Jeffries,D. Jeffries,0,0,0,,0,,,0,h,Jeffries REBOUND (Off:0 Def:1),Rebound,Unknown,1,0,376,0012400006,2024-10-06
0012400006,521,PT10M51.00S,4,1610612752,NYK,1631210,Toppin,J. Toppin,0,0,0,,0,,,0,v,Toppin P.FOUL (P1.T1) (M.Williams),Foul,Personal,1,0,377,0012400006,2024-10-06
0012400006,523,PT10M45.00S,4,1610612766,CHA,1642354,Simpson,K. Simpson,0,0,0,,0,,,0,h,Simpson Out of Bounds - Bad Pass Turnover Turnover (P1.T16),Turnover,Out of Bounds - Bad Pass Turnover,1,0,378,0012400006,2024-10-06
0012400006,524,PT10M28.00S,4,1610612752,NYK,1631210,Toppin,J. Toppin,0,0,0,,0,,,0,v,Toppin Bad Pass Turnover (P1.T8),Turnover,Bad Pass,1,0,379,0012400006,2024-10-06
0012400006,524,PT10M28.00S,4,1610612766,CHA,1631217,Diabaté,M. Diabaté,0,0,0,,0,,,0,h,Diabaté STEAL (1 STL),,,1,0,380,0012400006,2024-10-06
0012400006,526,PT10M15.00S,4,1610612766,CHA,1641749,Johnson,K. Johnson,98,137,17,Missed,1,,,0,h,MISS Johnson 17' Fadeaway Jumper,Missed Shot,Fadeaway Jump Shot,1,2,381,0012400006,2024-10-06
0012400006,527,PT10M14.00S,4,0,,1610612752,,,0,0,0,,0,,,0,v,Knicks Rebound,Rebound,Unknown,1,0,382,0012400006,2024-10-06
0012400006,529,PT10M14.00S,4,1610612752,NYK,1630540,McBride,M. McBride,0,0,0,,0,,,0,v,SUB: Okeke FOR McBride,Substitution,,0,0,383,0012400006,2024-10-06
0012400006,531,PT10M00.00S,4,1610612752,NYK,1629013,Shamet,L. Shamet,116,90,15,Made,1,90,91,181,v,Shamet 15' Pullup Jump Shot (16 PTS),Made Shot,Pullup Jump shot,1,2,384,0012400006,2024-10-06
0012400006,532,PT09M41.00S,4,1610612766,CHA,1642354,Simpson,K. Simpson,29,0,3,Made,1,92,91,183,h,Simpson 3' Driving Layup (2 PTS) (Diabaté 1 AST),Made Shot,Driving Layup Shot,1,2,385,0012400006,2024-10-06
0012400006,534,PT09M23.00S,4,1610612752,NYK,1630173,Achiuwa,P. Achiuwa,10,21,2,Made,1,92,93,185,v,Achiuwa 2' Cutting Layup Shot (13 PTS) (Kolek 1 AST),Made Shot,Cutting Layup Shot,1,2,386,0012400006,2024-10-06
0012400006,536,PT09M11.00S,4,1610612766,CHA,1642354,Simpson,K. Simpson,72,289,30,Missed,1,,,0,h,MISS Simpson 30' 3PT Pullup Jump Shot,Missed Shot,Pullup Jump shot,1,3,387,0012400006,2024-10-06
0012400006,537,PT09M08.00S,4,1610612752,NYK,1631210,Toppin,J. Toppin,0,0,0,,0,,,0,v,Toppin REBOUND (Off:0 Def:2),Rebound,Unknown,1,0,388,0012400006,2024-10-06
0012400006,538,PT08M55.00S,4,1610612766,CHA,1641749,Johnson,K. Johnson,0,0,0,,0,,,0,h,Johnson S.FOUL (P2.T2) (M.Williams),Foul,Shooting,1,0,389,0012400006,2024-10-06
0012400006,540,PT08M55.00S,4,1610612752,NYK,1629643,Okeke,C. Okeke,0,0,0,,0,92,94,186,v,Okeke Free Throw 1 of 2 (1 PTS),Free Throw,Free Throw 1 of 2,1,0,390,0012400006,2024-10-06
0012400006,542,PT08M55.00S,4,1610612766,CHA,1631217,Diabaté,M. Diabaté,0,0,0,,0,,,0,h,SUB: Giles III FOR Diabaté,Substitution,,0,0,391,0012400006,2024-10-06
0012400006,544,PT08M55.00S,4,0,,1610612766,,,0,0,0,,0,,,0,h,HORNETS Timeout: Regular (Full 4 Short 0),Timeout,Regular,0,0,392,0012400006,2024-10-06
0012400006,545,PT08M55.00S,4,1610612752,NYK,1629643,Okeke,C. Okeke,0,0,0,,0,,,0,v,MISS Okeke Free Throw 2 of 2,Free Throw,Free Throw 2 of 2,1,0,393,0012400006,2024-10-06
0012400006,546,PT08M52.00S,4,1610612766,CHA,1628385,Giles III,H. Giles III,0,0,0,,0,,,0,h,Giles III REBOUND (Off:0 Def:1),Rebound,Unknown,1,0,394,0012400006,2024-10-06
0012400006,547,PT08M41.00S,4,1610612766,CHA,1629610,Jeffries,D. Jeffries,0,0,0,,0,,,0,h,Jeffries Bad Pass Turnover (P2.T17),Turnover,Bad Pass,1,0,395,0012400006,2024-10-06
0012400006,547,PT08M41.00S,4,1610612752,NYK,1642278,Kolek,T. Kolek,0,0,0,,0,,,0,v,Kolek STEAL (1 STL),,,1,0,396,0012400006,2024-10-06
0012400006,549,PT08M33.00S,4,1610612752,NYK,1629013,Shamet,L. Shamet,-161,218,27,Missed,1,,,0,v,MISS Shamet 27' 3PT Pullup Jump Shot,Missed Shot,Pullup Jump shot,1,3,397,0012400006,2024-10-06
0012400006,550,PT08M31.00S,4,1610612766,CHA,1641749,Johnson,K. Johnson,0,0,0,,0,,,0,h,Johnson REBOUND (Off:0 Def:1),Rebound,Unknown,1,0,398,0012400006,2024-10-06
0012400006,551,PT08M27.00S,4,1610612766,CHA,1642275,Salaün,T. Salaün,115,273,30,Missed,1,,,0,h,MISS Salaün 30' 3PT Running Pull-Up Jump Shot,Missed Shot,Running Pull-Up Jump Shot,1,3,399,0012400006,2024-10-06
0012400006,552,PT08M24.00S,4,1610612752,NYK,1630173,Achiuwa,P. Achiuwa,0,0,0,,0,,,0,v,Achiuwa REBOUND (Off:2 Def:1),Rebound,Unknown,1,0,400,0012400006,2024-10-06
0012400006,553,PT08M07.00S,4,1610612766,CHA,1642354,Simpson,K. Simpson,0,0,0,,0,,,0,h,Simpson S.FOUL (P1.T3) (D.Guthrie),Foul,Shooting,1,0,401,0012400006,2024-10-06
0012400006,555,PT08M07.00S,4,1610612752,NYK,1642278,Kolek,T. Kolek,0,0,0,,0,92,95,187,v,Kolek Free Throw 1 of 2 (4 PTS),Free Throw,Free Throw 1 of 2,1,0,402,0012400006,2024-10-06
0012400006,556,PT08M07.00S,4,1610612766,CHA,1642275,Salaün,T. Salaün,0,0,0,,0,,,0,h,SUB: Washington Jr. FOR Salaün,Substitution,,0,0,403,0012400006,2024-10-06
0012400006,558,PT08M07.00S,4,1610612752,NYK,1642278,Kolek,T. Kolek,0,0,0,,0,92,96,188,v,Kolek Free Throw 2 of 2 (5 PTS),Free Throw,Free Throw 2 of 2,1,0,404,0012400006,2024-10-06
0012400006,559,PT07M46.00S,4,1610612752,NYK,1630173,Achiuwa,P. Achiuwa,0,0,0,,0,,,0,v,Achiuwa S.FOUL (P2.T2) (D.Guthrie),Foul,Shooting,1,0,405,0012400006,2024-10-06
0012400006,561,PT07M46.00S,4,1610612766,CHA,1628385,Giles III,H. Giles III,0,0,0,,0,,,0,h,MISS Giles III Free Throw 1 of 2,Free Throw,Free Throw 1 of 2,1,0,406,0012400006,2024-10-06
0012400006,562,PT07M46.00S,4,0,,1610612766,,,0,0,0,,0,,,0,h,HORNETS Rebound,Rebound,Normal Rebound,0,0,407,0012400006,2024-10-06
0012400006,563,PT07M46.00S,4,1610612766,CHA,1628385,Giles III,H. Giles III,0,0,0,,0,93,96,189,h,Giles III Free Throw 2 of 2 (1 PTS),Free Throw,Free Throw 2 of 2,1,0,408,0012400006,2024-10-06
0012400006,564,PT07M29.00S,4,1610612752,NYK,1629643,Okeke,C. Okeke,-66,42,8,Missed,1,,,0,v,MISS Okeke 8' Driving Layup,Missed Shot,Driving Layup Shot,1,2,409,0012400006,2024-10-06
0012400006,565,PT07M29.00S,4,0,,1610612766,,,0,0,0,,0,,,0,h,HORNETS Rebound,Rebound,Unknown,1,0,410,0012400006,2024-10-06
0012400006,566,PT07M29.00S,4,1610612752,NYK,1630173,Achiuwa,P. Achiuwa,0,0,0,,0,,,0,v,Achiuwa L.B.FOUL (P3.T3) (D.Guthrie),Foul,Loose Ball,1,0,411,0012400006,2024-10-06
0012400006,568,PT07M12.00S,4,1610612766,CHA,1630613,Washington Jr.,D. Washington Jr.,-1,8,1,Made,1,95,96,191,h,Washington Jr. 1' Driving Layup (2 PTS),Made Shot,Driving Layup Shot,1,2,412,0012400006,2024-10-06
0012400006,569,PT06M59.00S,4,1610612752,NYK,1631210,Toppin,J. Toppin,0,0,0,,0,,,0,v,Toppin Out of Bounds - Bad Pass Turnover Turnover (P2.T9),Turnover,Out of Bounds - Bad Pass Turnover,1,0,413,0012400006,2024-10-06
0012400006,570,PT06M59.00S,4,1610612752,NYK,1629013,Shamet,L. Shamet,0,0,0,,0,,,0,v,SUB: Payne FOR Shamet,Substitution,,0,0,414,0012400006,2024-10-06
0012400006,572,PT06M41.00S,4,1610612766,CHA,1630613,Washington Jr.,D. Washington Jr.,-53,204,21,Missed,1,,,0,h,MISS Washington Jr. 21' Jump Shot,Missed Shot,Jump Shot,1,2,415,0012400006,2024-10-06
0012400006,573,PT06M41.00S,4,0,,1610612752,,,0,0,0,,0,,,0,v,Knicks Rebound,Rebound,Unknown,1,0,416,0012400006,2024-10-06
0012400006,574,PT06M21.00S,4,1610612752,NYK,1631210,Toppin,J. Toppin,-7,81,8,Missed,1,,,0,v,MISS Toppin 8' Driving Floating Jump Shot,Missed Shot,Driving Floating Jump Shot,1,2,417,0012400006,2024-10-06
0012400006,574,PT06M21.00S,4,1610612766,CHA,1628385,Giles III,H. Giles III,0,0,0,,0,,,0,h,Giles III BLOCK (1 BLK),,,1,2,418,0012400006,2024-10-06
0012400006,576,PT06M14.00S,4,1610612752,NYK,1630173,Achiuwa,P. Achiuwa,0,0,0,,0,,,0,v,Achiuwa REBOUND (Off:3 Def:1),Rebound,Unknown,1,0,419,0012400006,2024-10-06
0012400006,577,PT06M14.00S,4,1610612752,NYK,1630173,Achiuwa,P. Achiuwa,0,0,0,Made,1,95,98,193,v,Achiuwa Putback Layup (15 PTS),Made Shot,Putback Layup Shot,1,2,420,0012400006,2024-10-06
0012400006,578,PT06M10.00S,4,1610612766,CHA,1642354,Simpson,K. Simpson,18,52,6,Missed,1,,,0,h,MISS Simpson 6' Running Layup,Missed Shot,Running Layup Shot,1,2,421,0012400006,2024-10-06
0012400006,578,PT06M10.00S,4,1610612752,NYK,1642278,Kolek,T. Kolek,0,0,0,,0,,,0,v,Kolek BLOCK (1 BLK),,,1,2,422,0012400006,2024-10-06
0012400006,580,PT06M07.00S,4,1610612752,NYK,1626166,Payne,C. Payne,0,0,0,,0,,,0,v,Payne REBOUND (Off:0 Def:1),Rebound,Unknown,1,0,423,0012400006,2024-10-06
0012400006,581,PT06M03.00S,4,1610612752,NYK,1642278,Kolek,T. Kolek,137,218,26,Made,1,95,101,196,v,Kolek 26' 3PT Running Pull-Up Jump Shot (8 PTS) (Payne 5 AST),Made Shot,Running Pull-Up Jump Shot,1,3,424,0012400006,2024-10-06
0012400006,583,PT05M39.00S,4,1610612766,CHA,1630613,Washington Jr.,D. Washington Jr.,28,3,3,Missed,1,,,0,h,MISS Washington Jr. 3' Driving Layup,Missed Shot,Driving Layup Shot,1,2,425,0012400006,2024-10-06
0012400006,584,PT05M38.00S,4,1610612752,NYK,1631210,Toppin,J. Toppin,0,0,0,,0,,,0,v,Toppin REBOUND (Off:0 Def:3),Rebound,Unknown,1,0,426,0012400006,2024-10-06
0012400006,585,PT05M31.00S,4,1610612752,NYK,1626166,Payne,C. Payne,118,239,27,Missed,1,,,0,v,MISS Payne 27' 3PT Pullup Jump Shot,Missed Shot,Pullup Jump shot,1,3,427,0012400006,2024-10-06
0012400006,586,PT05M28.00S,4,1610612766,CHA,1628385,Giles III,H. Giles III,0,0,0,,0,,,0,h,Giles III REBOUND (Off:0 Def:2),Rebound,Unknown,1,0,428,0012400006,2024-10-06
0012400006,587,PT05M17.00S,4,1610612766,CHA,1630613,Washington Jr.,D. Washington Jr.,-7,185,19,Missed,1,,,0,h,MISS Washington Jr. 19' Jump Shot,Missed Shot,Jump Shot,1,2,429,0012400006,2024-10-06
0012400006,588,PT05M12.00S,4,1610612752,NYK,1630173,Achiuwa,P. Achiuwa,0,0,0,,0,,,0,v,Achiuwa REBOUND (Off:3 Def:2),Rebound,Unknown,1,0,430,0012400006,2024-10-06
0012400006,589,PT04M52.00S,4,1610612752,NYK,1631210,Toppin,J. Toppin,-7,88,9,Missed,1,,,0,v,MISS Toppin 9' Floating Jump Shot,Missed Shot,Floating Jump shot,1,2,431,0012400006,2024-10-06
0012400006,590,PT04M49.00S,4,1610612766,CHA,1628385,Giles III,H. Giles III,0,0,0,,0,,,0,h,Giles III REBOUND (Off:0 Def:3),Rebound,Unknown,1,0,432,0012400006,2024-10-06
0012400006,591,PT04M41.00S,4,1610612766,CHA,1628385,Giles III,H. Giles III,143,231,27,Missed,1,,,0,h,MISS Giles III 27' 3PT Jump Shot,Missed Shot,Jump Shot,1,3,433,0012400006,2024-10-06
0012400006,592,PT04M37.00S,4,1610612752,NYK,1626166,Payne,C. Payne,0,0,0,,0,,,0,v,Payne REBOUND (Off:0 Def:2),Rebound,Unknown,1,0,434,0012400006,2024-10-06
0012400006,593,PT04M32.00S,4,1610612752,NYK,1626166,Payne,C. Payne,6,17,2,Made,1,95,103,198,v,Payne 2' Running Layup (8 PTS),Made Shot,Running Layup Shot,1,2,435,0012400006,2024-10-06
0012400006,594,PT04M18.00S,4,1610612766,CHA,1630613,Washington Jr.,D. Washington Jr.,0,0,0,,0,,,0,h,Washington Jr. Bad Pass Turnover (P1.T18),Turnover,Bad Pass,1,0,436,0012400006,2024-10-06
0012400006,594,PT04M18.00S,4,1610612752,NYK,1629643,Okeke,C. Okeke,0,0,0,,0,,,0,v,Okeke STEAL (1 STL),,,1,0,437,0012400006,2024-10-06
0012400006,596,PT04M13.00S,4,1610612752,NYK,1631210,Toppin,J. Toppin,-11,25,3,Made,1,95,105,200,v,Toppin 3' Alley Oop Dunk (2 PTS) (Okeke 1 AST),Made Shot,Alley Oop Dunk Shot,1,2,438,0012400006,2024-10-06
0012400006,598,PT04M13.00S,4,0,,1610612766,,,0,0,0,,0,,,0,h,HORNETS Timeout: Regular (Full 5 Short 0),Timeout,Regular,0,0,439,0012400006,2024-10-06
0012400006,599,PT04M13.00S,4,1610612766,CHA,1641749,Johnson,K. Johnson,0,0,0,,0,,,0,h,SUB: Diabaté FOR Johnson,Substitution,,0,0,440,0012400006,2024-10-06
0012400006,600,PT04M13.00S,4,1610612766,CHA,1628385,Giles III,H. Giles III,0,0,0,,0,,,0,h,SUB: Salaün FOR Giles III,Substitution,,0,0,441,0012400006,2024-10-06
0012400006,603,PT03M58.00S,4,1610612766,CHA,1642275,Salaün,T. Salaün,-180,168,25,Made,1,98,105,203,h,Salaün 25' 3PT Jump Shot (8 PTS) (Washington Jr. 1 AST),Made Shot,Jump Shot,1,3,442,0012400006,2024-10-06
0012400006,605,PT03M48.00S,4,1610612752,NYK,1642278,Kolek,T. Kolek,-69,281,29,Missed,1,,,0,v,MISS Kolek 29' 3PT Jump Shot,Missed Shot,Jump Shot,1,3,443,0012400006,2024-10-06
0012400006,606,PT03M45.00S,4,1610612766,CHA,1642354,Simpson,K. Simpson,0,0,0,,0,,,0,h,Simpson REBOUND (Off:0 Def:1),Rebound,Unknown,1,0,444,0012400006,2024-10-06
0012400006,607,PT03M29.00S,4,1610612766,CHA,1642275,Salaün,T. Salaün,0,0,0,,0,,,0,h,Salaün Lost Ball Turnover (P1.T19),Turnover,Lost Ball,1,0,445,0012400006,2024-10-06
0012400006,607,PT03M29.00S,4,1610612752,NYK,1642278,Kolek,T. Kolek,0,0,0,,0,,,0,v,Kolek STEAL (2 STL),,,1,0,446,0012400006,2024-10-06
0012400006,609,PT03M25.00S,4,1610612752,NYK,1631210,Toppin,J. Toppin,-40,31,5,Missed,1,,,0,v,MISS Toppin 5' Running Layup,Missed Shot,Running Layup Shot,1,2,447,0012400006,2024-10-06
0012400006,610,PT03M21.00S,4,1610612752,NYK,1642278,Kolek,T. Kolek,0,0,0,,0,,,0,v,Kolek REBOUND (Off:1 Def:0),Rebound,Unknown,1,0,448,0012400006,2024-10-06
0012400006,611,PT03M18.00S,4,1610612752,NYK,1642278,Kolek,T. Kolek,212,142,26,Missed,1,,,0,v,MISS Kolek 26' 3PT Jump Shot,Missed Shot,Jump Shot,1,3,449,0012400006,2024-10-06
0012400006,612,PT03M18.00S,4,1610612766,CHA,1631217,Diabaté,M. Diabaté,0,0,0,,0,,,0,h,Diabaté REBOUND (Off:1 Def:1),Rebound,Unknown,1,0,450,0012400006,2024-10-06
0012400006,613,PT02M58.00S,4,1610612766,CHA,1630613,Washington Jr.,D. Washington Jr.,-10,-1,1,Made,1,100,105,205,h,Washington Jr. 1' Driving Layup (4 PTS) (Jeffries 1 AST),Made Shot,Driving Layup Shot,1,2,451,0012400006,2024-10-06
0012400006,615,PT02M41.00S,4,1610612752,NYK,1626166,Payne,C. Payne,0,0,0,,0,,,0,v,Payne Bad Pass Turnover (P2.T10),Turnover,Bad Pass,1,0,452,0012400006,2024-10-06
0012400006,615,PT02M41.00S,4,1610612766,CHA,1642354,Simpson,K. Simpson,0,0,0,,0,,,0,h,Simpson STEAL (1 STL),,,1,0,453,0012400006,2024-10-06
0012400006,617,PT02M35.00S,4,1610612766,CHA,1642275,Salaün,T. Salaün,185,184,26,Made,1,103,105,208,h,Salaün 26' 3PT Running Jump Shot (11 PTS) (Simpson 1 AST),Made Shot,Running Jump Shot,1,3,454,0012400006,2024-10-06
0012400006,619,PT02M10.00S,4,1610612752,NYK,1642278,Kolek,T. Kolek,104,236,26,Made,1,103,108,211,v,Kolek 26' 3PT Jump Shot (11 PTS) (Payne 6 AST),Made Shot,Jump Shot,1,3,455,0012400006,2024-10-06
0012400006,621,PT01M55.00S,4,1610612752,NYK,1630173,Achiuwa,P. Achiuwa,0,0,0,,0,,,0,v,Achiuwa S.FOUL (P4.T4) (M.Williams),Foul,Shooting,1,0,456,0012400006,2024-10-06
0012400006,623,PT01M55.00S,4,1610612766,CHA,1631217,Diabaté,M. Diabaté,0,0,0,,0,,,0,h,MISS Diabaté Free Throw 1 of 2,Free Throw,Free Throw 1 of 2,1,0,457,0012400006,2024-10-06
0012400006,624,PT01M55.00S,4,0,,1610612766,,,0,0,0,,0,,,0,h,HORNETS Rebound,Rebound,Normal Rebound,0,0,458,0012400006,2024-10-06
0012400006,625,PT01M55.00S,4,1610612766,CHA,1642354,Simpson,K. Simpson,0,0,0,,0,,,0,h,SUB: Johnson FOR Simpson,Substitution,,0,0,459,0012400006,2024-10-06
0012400006,627,PT01M55.00S,4,1610612766,CHA,1631217,Diabaté,M. Diabaté,0,0,0,,0,104,108,212,h,Diabaté Free Throw 2 of 2 (3 PTS),Free Throw,Free Throw 2 of 2,1,0,460,0012400006,2024-10-06
0012400006,628,PT01M45.00S,4,1610612752,NYK,1629643,Okeke,C. Okeke,-229,7,0,Missed,1,,,0,v,MISS Okeke 3PT Jump Shot,Missed Shot,Jump Shot,1,3,461,0012400006,2024-10-06
0012400006,629,PT01M42.00S,4,1610612766,CHA,1641749,Johnson,K. Johnson,0,0,0,,0,,,0,h,Johnson REBOUND (Off:0 Def:2),Rebound,Unknown,1,0,462,0012400006,2024-10-06
0012400006,630,PT01M35.00S,4,1610612766,CHA,1630613,Washington Jr.,D. Washington Jr.,-156,189,25,Made,1,107,108,215,h,Washington Jr. 25' 3PT Jump Shot (7 PTS) (Diabaté 2 AST),Made Shot,Jump Shot,1,3,463,0012400006,2024-10-06
0012400006,632,PT01M20.00S,4,1610612752,NYK,1626166,Payne,C. Payne,0,0,0,,0,,,0,v,Payne Out of Bounds - Bad Pass Turnover Turnover (P3.T11),Turnover,Out of Bounds - Bad Pass Turnover,1,0,464,0012400006,2024-10-06
0012400006,633,PT01M10.00S,4,1610612766,CHA,1629610,Jeffries,D. Jeffries,0,0,0,,0,,,0,h,Jeffries Out of Bounds - Bad Pass Turnover Turnover (P3.T20),Turnover,Out of Bounds - Bad Pass Turnover,1,0,465,0012400006,2024-10-06
0012400006,634,PT01M10.00S,4,0,,1610612752,,,0,0,0,,0,,,0,v,Knicks Timeout: Regular (Reg.4 Short 0),Timeout,Regular,0,0,466,0012400006,2024-10-06
0012400006,635,PT00M55.30S,4,1610612752,NYK,1626166,Payne,C. Payne,-58,309,31,Made,1,107,111,218,v,Payne 31' 3PT Jump Shot (11 PTS) (Toppin 1 AST),Made Shot,Jump Shot,1,3,467,0012400006,2024-10-06
0012400006,637,PT00M44.20S,4,1610612766,CHA,1642275,Salaün,T. Salaün,243,36,25,Missed,1,,,0,h,MISS Salaün 25' 3PT Jump Shot,Missed Shot,Jump Shot,1,3,468,0012400006,2024-10-06
0012400006,638,PT00M41.40S,4,1610612766,CHA,1641749,Johnson,K. Johnson,0,0,0,,0,,,0,h,Johnson REBOUND (Off:1 Def:2),Rebound,Unknown,1,0,469,0012400006,2024-10-06
0012400006,639,PT00M38.60S,4,1610612766,CHA,1631217,Diabaté,M. Diabaté,32,4,3,Made,1,109,111,220,h,Diabaté 3' Layup (5 PTS) (Jeffries 2 AST),Made Shot,Layup Shot,1,2,470,0012400006,2024-10-06
0012400006,641,PT00M30.10S,4,1610612766,CHA,1629610,Jeffries,D. Jeffries,0,0,0,,0,,,0,h,Jeffries P.FOUL (P1.T4) (M.Williams),Foul,Personal,1,0,471,0012400006,2024-10-06
0012400006,643,PT00M17.00S,4,1610612752,NYK,1631210,Toppin,J. Toppin,154,215,26,Missed,1,,,0,v,MISS Toppin 26' 3PT Jump Shot,Missed Shot,Jump Shot,1,3,472,0012400006,2024-10-06
0012400006,644,PT00M14.70S,4,1610612766,CHA,1631217,Diabaté,M. Diabaté,0,0,0,,0,,,0,h,Diabaté REBOUND (Off:1 Def:2),Rebound,Unknown,1,0,473,0012400006,2024-10-06
0012400006,647,PT00M02.50S,4,1610612752,NYK,1630173,Achiuwa,P. Achiuwa,0,0,0,,0,,,0,v,Achiuwa S.FOUL (P5.PN) (A.Moyer-Gleich),Foul,Shooting,1,0,474,0012400006,2024-10-06
0012400006,650,PT00M02.50S,4,0,,647,,,0,0,0,,0,109,111,220,,Instant Replay4th Period (7:18 PM EST),Instant Replay,Coach Challenge Ruling Stands,1,0,475,0012400006,2024-10-06
0012400006,651,PT00M02.50S,4,0,,1610612752,,,0,0,0,,0,,,0,v,Knicks Timeout: Regular (Reg.5 Short 0),Timeout,Regular,0,0,476,0012400006,2024-10-06
0012400006,652,PT00M02.50S,4,1610612766,CHA,1630613,Washington Jr.,D. Washington Jr.,0,0,0,,0,,,0,h,MISS Washington Jr. Free Throw 1 of 3,Free Throw,Free Throw 1 of 3,1,0,477,0012400006,2024-10-06
0012400006,653,PT00M02.50S,4,0,,1610612766,,,0,0,0,,0,,,0,h,HORNETS Rebound,Rebound,Normal Rebound,0,0,478,0012400006,2024-10-06
0012400006,654,PT00M02.50S,4,1610612766,CHA,1630613,Washington Jr.,D. Washington Jr.,0,0,0,,0,,,0,h,MISS Washington Jr. Free Throw 2 of 3,Free Throw,Free Throw 2 of 3,1,0,479,0012400006,2024-10-06
0012400006,663,PT00M02.50S,4,0,,1610612766,,,0,0,0,,0,,,0,h,HORNETS Rebound,Rebound,Normal Rebound,1,0,480,0012400006,2024-10-06
0012400006,664,PT00M02.50S,4,1610612766,CHA,1630613,Washington Jr.,D. Washington Jr.,0,0,0,,0,,,0,h,MISS Washington Jr. Free Throw 3 of 3,Free Throw,Free Throw 3 of 3,1,0,481,0012400006,2024-10-06
0012400006,665,PT00M02.50S,4,1610612752,NYK,1631210,Toppin,J. Toppin,0,0,0,,0,,,0,v,Toppin REBOUND (Off:0 Def:4),Rebound,Unknown,1,0,482,0012400006,2024-10-06
0012400006,656,PT00M02.50S,4,0,,1610612766,,,0,0,0,,0,,,0,h,HORNETS Timeout: Regular (Full 6 Short 0),Timeout,Regular,0,0,483,0012400006,2024-10-06
0012400006,657,PT00M02.50S,4,1610612766,CHA,1629610,Jeffries,D. Jeffries,0,0,0,,0,,,0,h,SUB: Simpson FOR Jeffries,Substitution,,0,0,484,0012400006,2024-10-06
0012400006,658,PT00M02.50S,4,1610612766,CHA,1641749,Johnson,K. Johnson,0,0,0,,0,,,0,h,SUB: Giles III FOR Johnson,Substitution,,0,0,485,0012400006,2024-10-06
0012400006,659,PT00M02.50S,4,1610612752,NYK,1642278,Kolek,T. Kolek,0,0,0,,0,,,0,v,SUB: Sims FOR Kolek,Substitution,,0,0,486,0012400006,2024-10-06
0012400006,666,PT00M00.00S,4,0,,0,,,0,0,0,,0,109,111,220,,End of 4th Period (7:24 PM EST),period,end,1,0,487,0012400006,2024-10-06
0012400007,2,PT12M00.00S,1,0,,0,,,0,0,0,,0,0,0,0,,Start of 1st Period (7:45 PM EST),period,start,0,0,1,0012400007,2024-10-06
0012400007,4,PT12M00.00S,1,1610612761,TOR,1627751,Poeltl,J. Poeltl,0,0,0,,0,,,0,h,Jump Ball Pöltl vs. Valanciunas: Tip to Sarr,Jump Ball,,1,0,2,0012400007,2024-10-06
0012400007,7,PT11M42.00S,1,1610612764,WAS,202685,Valančiūnas,J. Valančiūnas,0,0,0,,0,,,0,v,Valanciunas Out of Bounds - Bad Pass Turnover Turnover (P1.T1),Turnover,Out of Bounds - Bad Pass Turnover,1,0,3,0012400007,2024-10-06
0012400007,8,PT11M21.00S,1,1610612761,TOR,1629628,Barrett,R. Barrett,-2,268,27,Made,1,3,0,3,h,Barrett 27' 3PT Jump Shot (3 PTS) (Mitchell 1 AST),Made Shot,Jump Shot,1,3,4,0012400007,2024-10-06
0012400007,10,PT11M02.00S,1,1610612764,WAS,1629673,Poole,J. Poole,-202,163,26,Missed,1,,,0,v,MISS Poole 26' 3PT Jump Shot,Missed Shot,Jump Shot,1,3,5,0012400007,2024-10-06
0012400007,11,PT10M58.00S,1,1610612764,WAS,1628398,Kuzma,K. Kuzma,0,0,0,,0,,,0,v,Kuzma REBOUND (Off:1 Def:0),Rebound,Unknown,1,0,6,0012400007,2024-10-06
0012400007,12,PT10M57.00S,1,1610612764,WAS,1628398,Kuzma,K. Kuzma,0,0,0,,0,,,0,v,Kuzma Traveling Turnover (P1.T2),Turnover,Traveling,1,0,7,0012400007,2024-10-06
0012400007,13,PT10M45.00S,1,1610612761,TOR,1629628,Barrett,R. Barrett,0,0,0,,0,,,0,h,Barrett Bad Pass Turnover (P1.T1),Turnover,Bad Pass,1,0,8,0012400007,2024-10-06
0012400007,13,PT10M45.00S,1,1610612764,WAS,1641731,Coulibaly,B. Coulibaly,0,0,0,,0,,,0,v,Coulibaly STEAL (1 STL),,,1,0,9,0012400007,2024-10-06
0012400007,15,PT10M39.00S,1,1610612761,TOR,1629628,Barrett,R. Barrett,0,0,0,,0,,,0,h,Barrett P.FOUL (P1.T1) (R.Hussey),Foul,Personal,1,0,10,0012400007,2024-10-06
0012400007,17,PT10M31.00S,1,1610612764,WAS,202685,Valančiūnas,J. Valančiūnas,23,76,8,Missed,1,,,0,v,MISS Valanciunas 8' Turnaround Hook Shot,Missed Shot,Turnaround Hook Shot,1,2,11,0012400007,2024-10-06
0012400007,18,PT10M28.00S,1,1610612761,TOR,1627751,Poeltl,J. Poeltl,0,0,0,,0,,,0,h,Pöltl REBOUND (Off:0 Def:1),Rebound,Unknown,1,0,12,0012400007,2024-10-06
0012400007,19,PT10M19.00S,1,1610612761,TOR,1641711,Dick,G. Dick,7,125,13,Made,1,5,0,5,h,Dick 13' Step Back Jump Shot (2 PTS) (Mogbo 1 AST),Made Shot,Step Back Jump shot,1,2,13,0012400007,2024-10-06
0012400007,22,PT10M04.00S,1,1610612764,WAS,1628398,Kuzma,K. Kuzma,54,200,21,Missed,1,,,0,v,MISS Kuzma 21' Step Back Jump Shot,Missed Shot,Step Back Jump shot,1,2,14,0012400007,2024-10-06
0012400007,23,PT09M59.00S,1,1610612761,TOR,1641711,Dick,G. Dick,0,0,0,,0,,,0,h,Dick REBOUND (Off:0 Def:1),Rebound,Unknown,1,0,15,0012400007,2024-10-06
0012400007,24,PT09M54.00S,1,1610612761,TOR,1641711,Dick,G. Dick,-109,258,28,Missed,1,,,0,h,MISS Dick 28' 3PT Running Jump Shot,Missed Shot,Running Jump Shot,1,3,16,0012400007,2024-10-06
0012400007,25,PT09M52.00S,1,1610612761,TOR,1627751,Poeltl,J. Poeltl,0,0,0,,0,,,0,h,Pöltl REBOUND (Off:1 Def:1),Rebound,Unknown,1,0,17,0012400007,2024-10-06
0012400007,26,PT09M52.00S,1,1610612764,WAS,202685,Valančiūnas,J. Valančiūnas,0,0,0,,0,,,0,v,Valanciunas S.FOUL (P1.T1) (J.Schroeder),Foul,Shooting,1,0,18,0012400007,2024-10-06
0012400007,28,PT09M52.00S,1,1610612761,TOR,1629628,Barrett,R. Barrett,0,0,0,,0,,,0,h,MISS Barrett Free Throw 1 of 2,Free Throw,Free Throw 1 of 2,1,0,19,0012400007,2024-10-06
0012400007,29,PT09M52.00S,1,0,,1610612761,,,0,0,0,,0,,,0,h,RAPTORS Rebound,Rebound,Normal Rebound,0,0,20,0012400007,2024-10-06
0012400007,30,PT09M52.00S,1,1610612761,TOR,1629628,Barrett,R. Barrett,0,0,0,,0,,,0,h,MISS Barrett Free Throw 2 of 2,Free Throw,Free Throw 2 of 2,1,0,21,0012400007,2024-10-06
0012400007,31,PT09M50.00S,1,0,,1610612761,,,0,0,0,,0,,,0,h,RAPTORS Rebound,Rebound,Unknown,0,0,22,0012400007,2024-10-06
0012400007,33,PT09M43.00S,1,1610612761,TOR,1627751,Poeltl,J. Poeltl,-9,22,2,Made,1,7,0,7,h,Pöltl 2' Cutting Layup Shot (2 PTS) (Barrett 1 AST),Made Shot,Cutting Layup Shot,1,2,23,0012400007,2024-10-06
0012400007,35,PT09M32.00S,1,1610612764,WAS,1629673,Poole,J. Poole,6,10,1,Made,1,7,2,9,v,Poole 1' Driving Layup (2 PTS) (Sarr 1 AST),Made Shot,Driving Layup Shot,1,2,24,0012400007,2024-10-06
0012400007,36,PT09M21.00S,1,1610612761,TOR,1629628,Barrett,R. Barrett,29,105,11,Made,1,9,2,11,h,Barrett 11' Driving Floating Jump Shot (5 PTS),Made Shot,Driving Floating Jump Shot,1,2,25,0012400007,2024-10-06
0012400007,37,PT09M10.00S,1,1610612764,WAS,1641731,Coulibaly,B. Coulibaly,0,0,0,,0,,,0,v,Coulibaly Offensive Charge Foul (P1) (M.Lindsay),Foul,Offensive Charge,1,0,26,0012400007,2024-10-06
0012400007,39,PT09M10.00S,1,1610612764,WAS,1641731,Coulibaly,B. Coulibaly,0,0,0,,0,,,0,v,Coulibaly Offensive Foul Turnover (P1.T3),Turnover,Offensive Foul Turnover,1,0,27,0012400007,2024-10-06
0012400007,40,PT09M06.00S,1,1610612761,TOR,1629628,Barrett,R. Barrett,0,0,0,,0,,,0,h,Barrett Out of Bounds - Bad Pass Turnover Turnover (P2.T2),Turnover,Out of Bounds - Bad Pass Turnover,1,0,28,0012400007,2024-10-06
0012400007,41,PT08M51.00S,1,1610612764,WAS,202685,Valančiūnas,J. Valančiūnas,-91,149,17,Missed,1,,,0,v,MISS Valanciunas 17' Jump Shot,Missed Shot,Jump Shot,1,2,29,0012400007,2024-10-06
0012400007,42,PT08M47.00S,1,1610612761,TOR,1642367,Mogbo,J. Mogbo,0,0,0,,0,,,0,h,Mogbo REBOUND (Off:0 Def:1),Rebound,Unknown,1,0,30,0012400007,2024-10-06
0012400007,43,PT08M40.00S,1,1610612761,TOR,1641711,Dick,G. Dick,-120,100,16,Made,1,11,2,13,h,Dick 16' Pullup Jump Shot (4 PTS) (Mogbo 2 AST),Made Shot,Pullup Jump shot,1,2,31,0012400007,2024-10-06
0012400007,45,PT08M20.00S,1,1610612764,WAS,202685,Valančiūnas,J. Valančiūnas,0,0,0,,0,,,0,v,Valanciunas Bad Pass Turnover (P2.T4),Turnover,Bad Pass,1,0,32,0012400007,2024-10-06
0012400007,45,PT08M20.00S,1,1610612761,TOR,1641711,Dick,G. Dick,0,0,0,,0,,,0,h,Dick STEAL (1 STL),,,1,0,33,0012400007,2024-10-06
0012400007,47,PT08M15.00S,1,1610612761,TOR,1629628,Barrett,R. Barrett,-4,19,2,Made,1,13,2,15,h,Barrett 2' Running Layup (7 PTS) (Dick 1 AST),Made Shot,Running Layup Shot,1,2,34,0012400007,2024-10-06
0012400007,49,PT08M15.00S,1,0,,1610612764,,,0,0,0,,0,,,0,v,Wizards Timeout: Regular (Reg.1 Short 0),Timeout,Regular,0,0,35,0012400007,2024-10-06
0012400007,51,PT07M58.00S,1,1610612764,WAS,1628398,Kuzma,K. Kuzma,-158,222,27,Missed,1,,,0,v,MISS Kuzma 27' 3PT Jump Shot,Missed Shot,Jump Shot,1,3,36,0012400007,2024-10-06
0012400007,52,PT07M54.00S,1,1610612761,TOR,1629628,Barrett,R. Barrett,0,0,0,,0,,,0,h,Barrett REBOUND (Off:0 Def:1),Rebound,Unknown,1,0,37,0012400007,2024-10-06
0012400007,53,PT07M43.00S,1,1610612761,TOR,1627751,Poeltl,J. Poeltl,-26,95,10,Missed,1,,,0,h,MISS Pöltl 10' Floating Jump Shot,Missed Shot,Floating Jump shot,1,2,38,0012400007,2024-10-06
0012400007,54,PT07M40.00S,1,1610612764,WAS,202685,Valančiūnas,J. Valančiūnas,0,0,0,,0,,,0,v,Valanciunas REBOUND (Off:0 Def:1),Rebound,Unknown,1,0,39,0012400007,2024-10-06
0012400007,55,PT07M34.00S,1,1610612761,TOR,1642367,Mogbo,J. Mogbo,0,0,0,,0,,,0,h,Mogbo P.FOUL (P1.T2) (J.Schroeder),Foul,Personal,1,0,40,0012400007,2024-10-06
0012400007,57,PT07M33.00S,1,1610612764,WAS,1628398,Kuzma,K. Kuzma,4,8,1,Made,1,13,4,17,v,Kuzma 1' Alley Oop Dunk (2 PTS) (Poole 1 AST),Made Shot,Alley Oop Dunk Shot,1,2,41,0012400007,2024-10-06
0012400007,59,PT07M17.00S,1,1610612764,WAS,1629673,Poole,J. Poole,0,0,0,,0,,,0,v,Poole P.FOUL (P1.T2) (R.Hussey),Foul,Personal,1,0,42,0012400007,2024-10-06
0012400007,61,PT07M09.00S,1,1610612761,TOR,1642367,Mogbo,J. Mogbo,67,119,14,Missed,1,,,0,h,MISS Mogbo 14' Turnaround Fadeaway Shot,Missed Shot,Turnaround Fadeaway shot,1,2,43,0012400007,2024-10-06
0012400007,62,PT07M07.00S,1,1610612764,WAS,1628398,Kuzma,K. Kuzma,0,0,0,,0,,,0,v,Kuzma REBOUND (Off:1 Def:1),Rebound,Unknown,1,0,44,0012400007,2024-10-06
0012400007,63,PT07M00.00S,1,1610612764,WAS,1628398,Kuzma,K. Kuzma,39,71,8,Missed,1,,,0,v,MISS Kuzma 8' Driving Floating Jump Shot,Missed Shot,Driving Floating Jump Shot,1,2,45,0012400007,2024-10-06
0012400007,64,PT06M56.00S,1,1610612761,TOR,1629628,Barrett,R. Barrett,0,0,0,,0,,,0,h,Barrett REBOUND (Off:0 Def:2),Rebound,Unknown,1,0,46,0012400007,2024-10-06
0012400007,65,PT06M52.00S,1,1610612761,TOR,1629628,Barrett,R. Barrett,-6,21,2,Missed,1,,,0,h,MISS Barrett 2' Running Layup,Missed Shot,Running Layup Shot,1,2,47,0012400007,2024-10-06
0012400007,66,PT06M49.00S,1,1610612764,WAS,1641731,Coulibaly,B. Coulibaly,0,0,0,,0,,,0,v,Coulibaly REBOUND (Off:0 Def:1),Rebound,Unknown,1,0,48,0012400007,2024-10-06
0012400007,67,PT06M41.00S,1,1610612764,WAS,1641731,Coulibaly,B. Coulibaly,-48,160,17,Made,1,13,6,19,v,Coulibaly 17' Pullup Jump Shot (2 PTS) (Valanciunas 1 AST),Made Shot,Pullup Jump shot,1,2,49,0012400007,2024-10-06
0012400007,69,PT06M29.00S,1,1610612761,TOR,1630558,Mitchell,D. Mitchell,-216,140,26,Missed,1,,,0,h,MISS Mitchell 26' 3PT Step Back Jump Shot,Missed Shot,Step Back Jump shot,1,3,50,0012400007,2024-10-06
0012400007,70,PT06M26.00S,1,1610612761,TOR,1642367,Mogbo,J. Mogbo,0,0,0,,0,,,0,h,Mogbo REBOUND (Off:1 Def:1),Rebound,Unknown,1,0,51,0012400007,2024-10-06
0012400007,71,PT06M22.00S,1,1610612761,TOR,1629628,Barrett,R. Barrett,146,250,29,Made,1,16,6,22,h,Barrett 29' 3PT Jump Shot (10 PTS) (Mogbo 3 AST),Made Shot,Jump Shot,1,3,52,0012400007,2024-10-06
0012400007,73,PT06M11.00S,1,1610612761,TOR,1630558,Mitchell,D. Mitchell,0,0,0,,0,,,0,h,Mitchell S.FOUL (P1.T3) (M.Lindsay),Foul,Shooting,1,0,53,0012400007,2024-10-06
0012400007,75,PT06M11.00S,1,1610612764,WAS,1629673,Poole,J. Poole,0,0,0,,0,16,7,23,v,Poole Free Throw 1 of 2 (3 PTS),Free Throw,Free Throw 1 of 2,1,0,54,0012400007,2024-10-06
0012400007,76,PT06M11.00S,1,1610612761,TOR,1642367,Mogbo,J. Mogbo,0,0,0,,0,,,0,h,SUB: Boucher FOR Mogbo,Substitution,,0,0,55,0012400007,2024-10-06
0012400007,77,PT06M11.00S,1,1610612764,WAS,1641731,Coulibaly,B. Coulibaly,0,0,0,,0,,,0,v,SUB: George FOR Coulibaly,Substitution,,0,0,56,0012400007,2024-10-06
0012400007,78,PT06M11.00S,1,1610612764,WAS,1642259,Sarr,A. Sarr,0,0,0,,0,,,0,v,SUB: Kispert FOR Sarr,Substitution,,0,0,57,0012400007,2024-10-06
0012400007,82,PT06M11.00S,1,1610612764,WAS,1629673,Poole,J. Poole,0,0,0,,0,16,8,24,v,Poole Free Throw 2 of 2 (4 PTS),Free Throw,Free Throw 2 of 2,1,0,58,0012400007,2024-10-06
0012400007,83,PT05M54.00S,1,1610612761,TOR,1628449,Boucher,C. Boucher,0,0,0,,0,,,0,h,Boucher Step Out of Bounds Turnover (P1.T3),Turnover,Step Out of Bounds Turnover,1,0,59,0012400007,2024-10-06
0012400007,84,PT05M46.00S,1,1610612761,TOR,1630558,Mitchell,D. Mitchell,0,0,0,,0,,,0,h,Mitchell S.FOUL (P2.T4) (M.Lindsay),Foul,Shooting,1,0,60,0012400007,2024-10-06
0012400007,86,PT05M46.00S,1,1610612764,WAS,1629673,Poole,J. Poole,0,0,0,,0,16,9,25,v,Poole Free Throw 1 of 2 (5 PTS),Free Throw,Free Throw 1 of 2,1,0,61,0012400007,2024-10-06
0012400007,87,PT05M46.00S,1,1610612764,WAS,1629673,Poole,J. Poole,0,0,0,,0,16,10,26,v,Poole Free Throw 2 of 2 (6 PTS),Free Throw,Free Throw 2 of 2,1,0,62,0012400007,2024-10-06
0012400007,88,PT05M34.00S,1,1610612761,TOR,1641711,Dick,G. Dick,232,14,0,Missed,1,,,0,h,MISS Dick 3PT Jump Shot,Missed Shot,Jump Shot,1,3,63,0012400007,2024-10-06
0012400007,89,PT05M32.00S,1,0,,1610612761,,,0,0,0,,0,,,0,h,RAPTORS Rebound,Rebound,Unknown,0,0,64,0012400007,2024-10-06
0012400007,90,PT05M32.00S,1,1610612764,WAS,202685,Valančiūnas,J. Valančiūnas,0,0,0,,0,,,0,v,Valanciunas L.B.FOUL (P2.T3) (M.Lindsay),Foul,Loose Ball,1,0,65,0012400007,2024-10-06
0012400007,92,PT05M24.00S,1,1610612761,TOR,1641711,Dick,G. Dick,114,9,11,Made,1,18,10,28,h,Dick 11' Driving Floating Jump Shot (6 PTS) (Mitchell 2 AST),Made Shot,Driving Floating Jump Shot,1,2,66,0012400007,2024-10-06
0012400007,94,PT05M07.00S,1,1610612764,WAS,1628398,Kuzma,K. Kuzma,0,0,0,,0,,,0,v,Kuzma Out of Bounds - Bad Pass Turnover Turnover (P2.T5),Turnover,Out of Bounds - Bad Pass Turnover,1,0,67,0012400007,2024-10-06
0012400007,95,PT04M59.00S,1,1610612764,WAS,1642273,George,K. George,0,0,0,,0,,,0,v,George P.FOUL (P1.T4) (M.Lindsay),Foul,Personal,1,0,68,0012400007,2024-10-06
0012400007,97,PT04M59.00S,1,1610612764,WAS,1629673,Poole,J. Poole,0,0,0,,0,,,0,v,SUB: Carrington FOR Poole,Substitution,,0,0,69,0012400007,2024-10-06
0012400007,99,PT04M49.00S,1,1610612761,TOR,1641711,Dick,G. Dick,0,0,0,,0,,,0,h,Dick Out of Bounds - Bad Pass Turnover Turnover (P1.T4),Turnover,Out of Bounds - Bad Pass Turnover,1,0,70,0012400007,2024-10-06
0012400007,100,PT04M49.00S,1,1610612761,TOR,1629628,Barrett,R. Barrett,0,0,0,,0,,,0,h,SUB: Shead FOR Barrett,Substitution,,0,0,71,0012400007,2024-10-06
0012400007,101,PT04M49.00S,1,1610612761,TOR,1630558,Mitchell,D. Mitchell,0,0,0,,0,,,0,h,SUB: Agbaji FOR Mitchell,Substitution,,0,0,72,0012400007,2024-10-06
0012400007,104,PT04M38.00S,1,1610612764,WAS,202685,Valančiūnas,J. Valančiūnas,0,0,0,,0,,,0,v,Valanciunas Bad Pass Turnover (P3.T6),Turnover,Bad Pass,1,0,73,0012400007,2024-10-06
0012400007,104,PT04M38.00S,1,1610612761,TOR,1642347,Shead,J. Shead,0,0,0,,0,,,0,h,Shead STEAL (1 STL),,,1,0,74,0012400007,2024-10-06
0012400007,106,PT04M33.00S,1,1610612761,TOR,1628449,Boucher,C. Boucher,-97,257,27,Missed,1,,,0,h,MISS Boucher 27' 3PT Running Jump Shot,Missed Shot,Running Jump Shot,1,3,75,0012400007,2024-10-06
0012400007,107,PT04M29.00S,1,1610612764,WAS,1628398,Kuzma,K. Kuzma,0,0,0,,0,,,0,v,Kuzma REBOUND (Off:1 Def:2),Rebound,Unknown,1,0,76,0012400007,2024-10-06
0012400007,108,PT04M23.00S,1,1610612764,WAS,202685,Valančiūnas,J. Valančiūnas,-44,12,5,Missed,1,,,0,v,MISS Valanciunas 5' Driving Layup,Missed Shot,Driving Layup Shot,1,2,77,0012400007,2024-10-06
0012400007,108,PT04M23.00S,1,1610612761,TOR,1627751,Poeltl,J. Poeltl,0,0,0,,0,,,0,h,Pöltl BLOCK (1 BLK),,,1,2,78,0012400007,2024-10-06
0012400007,110,PT04M19.00S,1,1610612761,TOR,1641711,Dick,G. Dick,0,0,0,,0,,,0,h,Dick REBOUND (Off:0 Def:2),Rebound,Unknown,1,0,79,0012400007,2024-10-06
0012400007,111,PT04M19.00S,1,1610612761,TOR,1641711,Dick,G. Dick,0,0,0,,0,,,0,h,Dick Out of Bounds - Bad Pass Turnover Turnover (P2.T5),Turnover,Out of Bounds - Bad Pass Turnover,1,0,80,0012400007,2024-10-06
0012400007,112,PT04M19.00S,1,1610612761,TOR,1627751,Poeltl,J. Poeltl,0,0,0,,0,,,0,h,SUB: Olynyk FOR Pöltl,Substitution,,0,0,81,0012400007,2024-10-06
0012400007,114,PT04M11.00S,1,1610612764,WAS,1642273,George,K. George,0,-11,1,Made,1,18,12,30,v,George 1' Cutting Dunk Shot (2 PTS) (Kuzma 1 AST),Made Shot,Cutting Dunk Shot,1,2,82,0012400007,2024-10-06
0012400007,116,PT03M57.00S,1,1610612761,TOR,1641711,Dick,G. Dick,-31,31,4,Made,1,20,12,32,h,Dick 4' Driving Finger Roll Layup (8 PTS) (Olynyk 1 AST),Made Shot,Driving Finger Roll Layup Shot,1,2,83,0012400007,2024-10-06
0012400007,118,PT03M46.00S,1,1610612764,WAS,1642273,George,K. George,114,260,28,Missed,1,,,0,v,MISS George 28' 3PT Step Back Jump Shot,Missed Shot,Step Back Jump shot,1,3,84,0012400007,2024-10-06
0012400007,119,PT03M46.00S,1,1610612761,TOR,203482,Olynyk,K. Olynyk,0,0,0,,0,,,0,h,Olynyk REBOUND (Off:0 Def:1),Rebound,Unknown,1,0,85,0012400007,2024-10-06
0012400007,120,PT03M34.00S,1,1610612761,TOR,203482,Olynyk,K. Olynyk,126,243,27,Made,1,23,12,35,h,Olynyk 27' 3PT Jump Shot (3 PTS) (Shead 1 AST),Made Shot,Jump Shot,1,3,86,0012400007,2024-10-06
0012400007,122,PT03M27.00S,1,1610612761,TOR,1642347,Shead,J. Shead,0,0,0,,0,,,0,h,Shead P.FOUL (P1.PN) (J.Schroeder),Foul,Personal,1,0,87,0012400007,2024-10-06
0012400007,124,PT03M27.00S,1,1610612764,WAS,1642267,Carrington,B. Carrington,0,0,0,,0,,,0,v,MISS Carrington Free Throw 1 of 2,Free Throw,Free Throw 1 of 2,1,0,88,0012400007,2024-10-06
0012400007,125,PT03M27.00S,1,0,,1610612764,,,0,0,0,,0,,,0,v,Wizards Rebound,Rebound,Normal Rebound,0,0,89,0012400007,2024-10-06
0012400007,126,PT03M27.00S,1,1610612761,TOR,1641711,Dick,G. Dick,0,0,0,,0,,,0,h,SUB: Carton FOR Dick,Substitution,,0,0,90,0012400007,2024-10-06
0012400007,127,PT03M27.00S,1,1610612764,WAS,202685,Valančiūnas,J. Valančiūnas,0,0,0,,0,,,0,v,SUB: Sarr FOR Valanciunas,Substitution,,0,0,91,0012400007,2024-10-06
0012400007,128,PT03M27.00S,1,1610612764,WAS,1628398,Kuzma,K. Kuzma,0,0,0,,0,,,0,v,SUB: Coulibaly FOR Kuzma,Substitution,,0,0,92,0012400007,2024-10-06
0012400007,132,PT03M27.00S,1,0,,1610612761,,,0,0,0,,0,,,0,h,RAPTORS Timeout: Regular (Full 1 Short 0),Timeout,Regular,0,0,93,0012400007,2024-10-06
0012400007,133,PT03M27.00S,1,1610612764,WAS,1642267,Carrington,B. Carrington,0,0,0,,0,,,0,v,MISS Carrington Free Throw 2 of 2,Free Throw,Free Throw 2 of 2,0,0,94,0012400007,2024-10-06
0012400007,134,PT03M25.00S,1,0,,1610612764,,,0,0,0,,0,,,0,v,Wizards Rebound,Rebound,Unknown,0,0,95,0012400007,2024-10-06
0012400007,136,PT03M17.00S,1,1610612764,WAS,1642267,Carrington,B. Carrington,0,0,0,,0,,,0,v,Carrington Bad Pass Turnover (P1.T7),Turnover,Bad Pass,1,0,96,0012400007,2024-10-06
0012400007,136,PT03M17.00S,1,1610612761,TOR,1642347,Shead,J. Shead,0,0,0,,0,,,0,h,Shead STEAL (2 STL),,,1,0,97,0012400007,2024-10-06
0012400007,138,PT03M10.00S,1,1610612761,TOR,1642347,Shead,J. Shead,44,47,6,Made,1,25,12,37,h,Shead 6' Jump Bank Shot (2 PTS),Made Shot,Jump Bank Shot,1,2,98,0012400007,2024-10-06
0012400007,139,PT03M04.00S,1,1610612764,WAS,1642259,Sarr,A. Sarr,0,0,0,,0,,,0,v,Sarr OFF.Foul (P1) (J.Schroeder),Foul,Offensive,1,0,99,0012400007,2024-10-06
0012400007,141,PT03M04.00S,1,1610612764,WAS,1642259,Sarr,A. Sarr,0,0,0,,0,,,0,v,Sarr Offensive Foul Turnover (P1.T8),Turnover,Offensive Foul Turnover,1,0,100,0012400007,2024-10-06
0012400007,142,PT02M44.00S,1,1610612761,TOR,203482,Olynyk,K. Olynyk,0,0,0,,0,,,0,h,Olynyk Bad Pass Turnover (P1.T6),Turnover,Bad Pass,1,0,101,0012400007,2024-10-06
0012400007,142,PT02M44.00S,1,1610612764,WAS,1641731,Coulibaly,B. Coulibaly,0,0,0,,0,,,0,v,Coulibaly STEAL (2 STL),,,1,0,102,0012400007,2024-10-06
0012400007,144,PT02M33.00S,1,1610612764,WAS,1642259,Sarr,A. Sarr,0,0,0,,0,,,0,v,Sarr Out of Bounds Lost Ball Turnover (P2.T9),Turnover,Out of Bounds Lost Ball Turnover,1,0,103,0012400007,2024-10-06
0012400007,145,PT02M11.00S,1,1610612761,TOR,1642347,Shead,J. Shead,48,57,7,Made,1,27,12,39,h,Shead 7' Driving Bank Hook Shot (4 PTS),Made Shot,Driving Bank Hook Shot,1,2,104,0012400007,2024-10-06
0012400007,146,PT01M55.00S,1,1610612764,WAS,1630557,Kispert,C. Kispert,-25,79,8,Missed,1,,,0,v,MISS Kispert 8' Driving Finger Roll Layup,Missed Shot,Driving Finger Roll Layup Shot,1,2,105,0012400007,2024-10-06
0012400007,147,PT01M52.00S,1,1610612761,TOR,1630618,Carton,D. Carton,0,0,0,,0,,,0,h,Carton REBOUND (Off:0 Def:1),Rebound,Unknown,1,0,106,0012400007,2024-10-06
0012400007,148,PT01M49.00S,1,1610612761,TOR,1628449,Boucher,C. Boucher,-5,29,3,Made,1,29,12,41,h,Boucher 3' Running Dunk (2 PTS) (Carton 1 AST),Made Shot,Running Dunk Shot,1,2,107,0012400007,2024-10-06
0012400007,150,PT01M49.00S,1,0,,1610612764,,,0,0,0,,0,,,0,v,Wizards Timeout: Regular (Reg.2 Short 0),Timeout,Regular,0,0,108,0012400007,2024-10-06
0012400007,151,PT01M35.00S,1,1610612764,WAS,1642267,Carrington,B. Carrington,60,242,25,Missed,1,,,0,v,MISS Carrington 25' 3PT Pullup Jump Shot,Missed Shot,Pullup Jump shot,1,3,109,0012400007,2024-10-06
0012400007,152,PT01M33.00S,1,1610612761,TOR,203482,Olynyk,K. Olynyk,0,0,0,,0,,,0,h,Olynyk REBOUND (Off:0 Def:2),Rebound,Unknown,1,0,110,0012400007,2024-10-06
0012400007,153,PT01M27.00S,1,1610612761,TOR,203482,Olynyk,K. Olynyk,125,261,29,Made,1,32,12,44,h,Olynyk 29' 3PT Running Jump Shot (6 PTS) (Shead 2 AST),Made Shot,Running Jump Shot,1,3,111,0012400007,2024-10-06
0012400007,155,PT01M18.00S,1,1610612761,TOR,203482,Olynyk,K. Olynyk,0,0,0,,0,,,0,h,Olynyk S.FOUL (P1.PN) (R.Hussey),Foul,Shooting,1,0,112,0012400007,2024-10-06
0012400007,157,PT01M18.00S,1,1610612764,WAS,1630557,Kispert,C. Kispert,0,0,0,,0,32,13,45,v,Kispert Free Throw 1 of 2 (1 PTS),Free Throw,Free Throw 1 of 2,1,0,113,0012400007,2024-10-06
0012400007,158,PT01M18.00S,1,1610612764,WAS,1630557,Kispert,C. Kispert,0,0,0,,0,32,14,46,v,Kispert Free Throw 2 of 2 (2 PTS),Free Throw,Free Throw 2 of 2,1,0,114,0012400007,2024-10-06
0012400007,160,PT01M07.00S,1,1610612761,TOR,1630618,Carton,D. Carton,-230,15,0,Missed,1,,,0,h,MISS Carton 3PT Jump Shot,Missed Shot,Jump Shot,1,3,115,0012400007,2024-10-06
0012400007,161,PT01M02.00S,1,1610612764,WAS,1642267,Carrington,B. Carrington,0,0,0,,0,,,0,v,Carrington REBOUND (Off:0 Def:1),Rebound,Unknown,1,0,116,0012400007,2024-10-06
0012400007,162,PT00M49.80S,1,1610612764,WAS,1641731,Coulibaly,B. Coulibaly,121,141,19,Made,1,32,16,48,v,Coulibaly 19' Step Back Jump Shot (4 PTS),Made Shot,Step Back Jump shot,1,2,117,0012400007,2024-10-06
0012400007,163,PT00M32.70S,1,1610612764,WAS,1642267,Carrington,B. Carrington,0,0,0,,0,,,0,v,Carrington S.FOUL (P1.PN) (J.Schroeder),Foul,Shooting,1,0,118,0012400007,2024-10-06
0012400007,165,PT00M32.70S,1,1610612761,TOR,1642347,Shead,J. Shead,0,0,0,,0,33,16,49,h,Shead Free Throw 1 of 2 (5 PTS),Free Throw,Free Throw 1 of 2,1,0,119,0012400007,2024-10-06
0012400007,166,PT00M32.70S,1,1610612761,TOR,1642347,Shead,J. Shead,0,0,0,,0,34,16,50,h,Shead Free Throw 2 of 2 (6 PTS),Free Throw,Free Throw 2 of 2,1,0,120,0012400007,2024-10-06
0012400007,167,PT00M22.50S,1,1610612764,WAS,1642267,Carrington,B. Carrington,0,0,0,,0,,,0,v,Carrington OFF.Foul (P2) (J.Schroeder),Foul,Offensive,1,0,121,0012400007,2024-10-06
0012400007,169,PT00M22.50S,1,1610612764,WAS,1642267,Carrington,B. Carrington,0,0,0,,0,,,0,v,Carrington Offensive Foul Turnover (P2.T10),Turnover,Offensive Foul Turnover,1,0,122,0012400007,2024-10-06
0012400007,170,PT00M00.80S,1,1610612761,TOR,203482,Olynyk,K. Olynyk,23,273,27,Missed,1,,,0,h,MISS Olynyk 27' 3PT Jump Shot,Missed Shot,Jump Shot,1,3,123,0012400007,2024-10-06
0012400007,171,PT00M00.80S,1,0,,1610612761,,,0,0,0,,0,,,0,h,RAPTORS Rebound,Rebound,Unknown,1,0,124,0012400007,2024-10-06
0012400007,172,PT00M00.00S,1,0,,0,,,0,0,0,,0,34,16,50,,End of 1st Period (8:15 PM EST),period,end,1,0,125,0012400007,2024-10-06
0012400007,177,PT12M00.00S,2,0,,0,,,0,0,0,,0,34,16,50,,Start of 2nd Period (8:18 PM EST),period,start,0,0,126,0012400007,2024-10-06
0012400007,178,PT11M46.00S,2,1610612761,TOR,1628449,Boucher,C. Boucher,228,20,0,Made,1,37,16,53,h,Boucher 3PT Jump Shot (5 PTS) (Olynyk 2 AST),Made Shot,Jump Shot,1,3,127,0012400007,2024-10-06
0012400007,181,PT11M27.00S,2,1610612764,WAS,1642267,Carrington,B. Carrington,43,121,13,Missed,1,,,0,v,MISS Carrington 13' Pullup Jump Shot,Missed Shot,Pullup Jump shot,1,2,128,0012400007,2024-10-06
0012400007,182,PT11M24.00S,2,1610612764,WAS,1631116,Baldwin Jr.,P. Baldwin Jr.,0,0,0,,0,,,0,v,Baldwin Jr. REBOUND (Off:1 Def:0),Rebound,Unknown,1,0,129,0012400007,2024-10-06
0012400007,183,PT11M22.00S,2,1610612764,WAS,1630557,Kispert,C. Kispert,-25,267,27,Made,1,37,19,56,v,Kispert 27' 3PT Jump Shot (5 PTS) (Baldwin Jr. 1 AST),Made Shot,Jump Shot,1,3,130,0012400007,2024-10-06
0012400007,185,PT11M09.00S,2,1610612761,TOR,1630534,Agbaji,O. Agbaji,-225,30,0,Missed,1,,,0,h,MISS Agbaji 3PT Jump Shot,Missed Shot,Jump Shot,1,3,131,0012400007,2024-10-06
0012400007,186,PT11M07.00S,2,1610612761,TOR,1628449,Boucher,C. Boucher,0,0,0,,0,,,0,h,Boucher REBOUND (Off:1 Def:0),Rebound,Unknown,1,0,132,0012400007,2024-10-06
0012400007,187,PT10M57.00S,2,1610612761,TOR,1628449,Boucher,C. Boucher,210,162,27,Missed,1,,,0,h,MISS Boucher 27' 3PT Jump Shot,Missed Shot,Jump Shot,1,3,133,0012400007,2024-10-06
0012400007,188,PT10M53.00S,2,1610612764,WAS,1642273,George,K. George,0,0,0,,0,,,0,v,George REBOUND (Off:0 Def:1),Rebound,Unknown,1,0,134,0012400007,2024-10-06
0012400007,189,PT10M48.00S,2,1610612761,TOR,1628449,Boucher,C. Boucher,0,0,0,,0,,,0,h,Boucher S.FOUL (P1.T1) (J.Schroeder),Foul,Shooting,1,0,135,0012400007,2024-10-06
0012400007,191,PT10M48.00S,2,1610612764,WAS,1628963,Bagley III,M. Bagley III,0,0,0,,0,,,0,v,MISS Bagley III Free Throw 1 of 2,Free Throw,Free Throw 1 of 2,1,0,136,0012400007,2024-10-06
0012400007,192,PT10M48.00S,2,0,,1610612764,,,0,0,0,,0,,,0,v,Wizards Rebound,Rebound,Normal Rebound,0,0,137,0012400007,2024-10-06
0012400007,193,PT10M48.00S,2,1610612761,TOR,1642347,Shead,J. Shead,0,0,0,,0,,,0,h,SUB: Barrett FOR Shead,Substitution,,0,0,138,0012400007,2024-10-06
0012400007,194,PT10M48.00S,2,1610612761,TOR,1630534,Agbaji,O. Agbaji,0,0,0,,0,,,0,h,SUB: Mitchell FOR Agbaji,Substitution,,0,0,139,0012400007,2024-10-06
0012400007,197,PT10M48.00S,2,1610612764,WAS,1628963,Bagley III,M. Bagley III,0,0,0,,0,37,20,57,v,Bagley III Free Throw 2 of 2 (1 PTS),Free Throw,Free Throw 2 of 2,1,0,140,0012400007,2024-10-06
0012400007,198,PT10M26.00S,2,1610612761,TOR,203482,Olynyk,K. Olynyk,173,205,27,Missed,1,,,0,h,MISS Olynyk 27' 3PT Pullup Jump Shot,Missed Shot,Pullup Jump shot,1,3,141,0012400007,2024-10-06
0012400007,199,PT10M23.00S,2,1610612764,WAS,1630557,Kispert,C. Kispert,0,0,0,,0,,,0,v,Kispert REBOUND (Off:0 Def:1),Rebound,Unknown,1,0,142,0012400007,2024-10-06
0012400007,200,PT10M22.00S,2,1610612761,TOR,203482,Olynyk,K. Olynyk,0,0,0,,0,,,0,h,Olynyk P.FOUL (P2.T2) (R.Hussey),Foul,Personal,1,0,143,0012400007,2024-10-06
0012400007,202,PT10M11.00S,2,1610612764,WAS,1628963,Bagley III,M. Bagley III,0,0,0,,0,,,0,v,Bagley III OFF.Foul (P1) (R.Hussey),Foul,Offensive,1,0,144,0012400007,2024-10-06
0012400007,204,PT10M11.00S,2,1610612764,WAS,1628963,Bagley III,M. Bagley III,0,0,0,,0,,,0,v,Bagley III Offensive Foul Turnover (P1.T11),Turnover,Offensive Foul Turnover,1,0,145,0012400007,2024-10-06
0012400007,205,PT10M11.00S,2,1610612761,TOR,203482,Olynyk,K. Olynyk,0,0,0,,0,,,0,h,SUB: Pöltl FOR Olynyk,Substitution,,0,0,146,0012400007,2024-10-06
0012400007,207,PT09M49.00S,2,1610612761,TOR,1627751,Poeltl,J. Poeltl,118,34,12,Missed,1,,,0,h,MISS Pöltl 12' Floating Jump Shot,Missed Shot,Floating Jump shot,1,2,147,0012400007,2024-10-06
0012400007,208,PT09M47.00S,2,1610612764,WAS,1628963,Bagley III,M. Bagley III,0,0,0,,0,,,0,v,Bagley III REBOUND (Off:0 Def:1),Rebound,Unknown,1,0,148,0012400007,2024-10-06
0012400007,209,PT09M39.00S,2,1610612764,WAS,1628963,Bagley III,M. Bagley III,-42,28,5,Missed,1,,,0,v,MISS Bagley III 5' Cutting Layup Shot,Missed Shot,Cutting Layup Shot,1,2,149,0012400007,2024-10-06
0012400007,210,PT09M34.00S,2,1610612764,WAS,1631116,Baldwin Jr.,P. Baldwin Jr.,0,0,0,,0,,,0,v,Baldwin Jr. REBOUND (Off:2 Def:0),Rebound,Unknown,1,0,150,0012400007,2024-10-06
0012400007,211,PT09M34.00S,2,1610612764,WAS,1631116,Baldwin Jr.,P. Baldwin Jr.,0,0,0,Made,1,37,22,59,v,Baldwin Jr. Tip Dunk Shot (2 PTS),Made Shot,Tip Dunk Shot,1,2,151,0012400007,2024-10-06
0012400007,212,PT09M21.00S,2,1610612764,WAS,1642273,George,K. George,0,0,0,,0,,,0,v,George Violation:Kicked Ball (M.Lindsay),Violation,Kicked Ball,0,0,152,0012400007,2024-10-06
0012400007,213,PT09M21.00S,2,1610612761,TOR,1630618,Carton,D. Carton,0,0,0,,0,,,0,h,SUB: Ramsey FOR Carton,Substitution,,0,0,153,0012400007,2024-10-06
0012400007,216,PT09M17.00S,2,1610612761,TOR,1629628,Barrett,R. Barrett,-2,26,3,Made,1,39,22,61,h,Barrett 3' Driving Layup (12 PTS) (Pöltl 1 AST),Made Shot,Driving Layup Shot,1,2,154,0012400007,2024-10-06
0012400007,218,PT09M04.00S,2,1610612764,WAS,1631116,Baldwin Jr.,P. Baldwin Jr.,-2,165,17,Missed,1,,,0,v,MISS Baldwin Jr. 17' Pullup Jump Shot,Missed Shot,Pullup Jump shot,1,2,155,0012400007,2024-10-06
0012400007,219,PT09M01.00S,2,1610612761,TOR,1630186,Ramsey,J. Ramsey,0,0,0,,0,,,0,h,Ramsey REBOUND (Off:0 Def:1),Rebound,Unknown,1,0,156,0012400007,2024-10-06
0012400007,220,PT08M55.00S,2,1610612761,TOR,1629628,Barrett,R. Barrett,2,24,2,Made,1,41,22,63,h,Barrett 2' Driving Layup (14 PTS),Made Shot,Driving Layup Shot,1,2,157,0012400007,2024-10-06
0012400007,221,PT08M41.00S,2,1610612761,TOR,1630558,Mitchell,D. Mitchell,0,0,0,,0,,,0,h,Mitchell P.FOUL (P3.T3) (R.Hussey),Foul,Personal,1,0,158,0012400007,2024-10-06
0012400007,223,PT08M41.00S,2,1610612764,WAS,1642267,Carrington,B. Carrington,0,0,0,,0,,,0,v,SUB: Poole FOR Carrington,Substitution,,0,0,159,0012400007,2024-10-06
0012400007,225,PT08M34.00S,2,1610612764,WAS,1631116,Baldwin Jr.,P. Baldwin Jr.,0,0,0,,0,,,0,v,Baldwin Jr. Step Out of Bounds Turnover (P1.T12),Turnover,Step Out of Bounds Turnover,1,0,160,0012400007,2024-10-06
0012400007,226,PT08M22.00S,2,1610612761,TOR,1629628,Barrett,R. Barrett,-89,64,11,Missed,1,,,0,h,MISS Barrett 11' Floating Jump Shot,Missed Shot,Floating Jump shot,1,2,161,0012400007,2024-10-06
0012400007,227,PT08M16.00S,2,1610612761,TOR,1627751,Poeltl,J. Poeltl,0,0,0,,0,,,0,h,Pöltl REBOUND (Off:2 Def:1),Rebound,Unknown,1,0,162,0012400007,2024-10-06
0012400007,228,PT08M13.00S,2,1610612761,TOR,1630558,Mitchell,D. Mitchell,-4,215,22,Made,1,43,22,65,h,Mitchell 22' Step Back Jump Shot (2 PTS) (Barrett 2 AST),Made Shot,Step Back Jump shot,1,2,163,0012400007,2024-10-06
0012400007,230,PT07M55.00S,2,1610612764,WAS,1629673,Poole,J. Poole,7,47,5,Missed,1,,,0,v,MISS Poole 5' Driving Hook Shot,Missed Shot,Driving Hook Shot,1,2,164,0012400007,2024-10-06
0012400007,231,PT07M52.00S,2,1610612761,TOR,1627751,Poeltl,J. Poeltl,0,0,0,,0,,,0,h,Pöltl REBOUND (Off:2 Def:2),Rebound,Unknown,1,0,165,0012400007,2024-10-06
0012400007,232,PT07M41.00S,2,1610612761,TOR,1627751,Poeltl,J. Poeltl,-37,30,5,Missed,1,,,0,h,MISS Pöltl 5' Driving Layup,Missed Shot,Driving Layup Shot,1,2,166,0012400007,2024-10-06
0012400007,233,PT07M40.00S,2,1610612761,TOR,1628449,Boucher,C. Boucher,0,0,0,,0,,,0,h,Boucher REBOUND (Off:2 Def:0),Rebound,Unknown,1,0,167,0012400007,2024-10-06
0012400007,234,PT07M32.00S,2,1610612761,TOR,1629628,Barrett,R. Barrett,233,32,24,Made,1,46,22,68,h,Barrett 24' 3PT Jump Shot (17 PTS) (Mitchell 3 AST),Made Shot,Jump Shot,1,3,168,0012400007,2024-10-06
0012400007,236,PT07M17.00S,2,1610612764,WAS,1642273,George,K. George,-39,257,26,Missed,1,,,0,v,MISS George 26' 3PT Pullup Jump Shot,Missed Shot,Pullup Jump shot,1,3,169,0012400007,2024-10-06
0012400007,237,PT07M15.00S,2,1610612761,TOR,1627751,Poeltl,J. Poeltl,0,0,0,,0,,,0,h,Pöltl REBOUND (Off:2 Def:3),Rebound,Unknown,1,0,170,0012400007,2024-10-06
0012400007,238,PT07M09.00S,2,1610612761,TOR,1630186,Ramsey,J. Ramsey,-234,21,0,Missed,1,,,0,h,MISS Ramsey 3PT Running Jump Shot,Missed Shot,Running Jump Shot,1,3,171,0012400007,2024-10-06
0012400007,239,PT07M06.00S,2,1610612761,TOR,1627751,Poeltl,J. Poeltl,0,0,0,,0,,,0,h,Pöltl REBOUND (Off:3 Def:3),Rebound,Unknown,1,0,172,0012400007,2024-10-06
0012400007,240,PT07M01.00S,2,1610612761,TOR,1630186,Ramsey,J. Ramsey,-223,8,0,Made,1,49,22,71,h,Ramsey 3PT Jump Shot (3 PTS) (Pöltl 2 AST),Made Shot,Jump Shot,1,3,173,0012400007,2024-10-06
0012400007,242,PT06M59.00S,2,0,,1610612764,,,0,0,0,,0,,,0,v,Wizards Timeout: Regular (Reg.3 Short 0),Timeout,Regular,0,0,174,0012400007,2024-10-06
0012400007,243,PT06M59.00S,2,1610612761,TOR,1628449,Boucher,C. Boucher,0,0,0,,0,,,0,h,SUB: Mogbo FOR Boucher,Substitution,,0,0,175,0012400007,2024-10-06
0012400007,244,PT06M59.00S,2,1610612764,WAS,1642273,George,K. George,0,0,0,,0,,,0,v,SUB: Kuzma FOR George,Substitution,,0,0,176,0012400007,2024-10-06
0012400007,245,PT06M59.00S,2,1610612764,WAS,1630557,Kispert,C. Kispert,0,0,0,,0,,,0,v,SUB: Valanciunas FOR Kispert,Substitution,,0,0,177,0012400007,2024-10-06
0012400007,246,PT06M59.00S,2,1610612764,WAS,1628963,Bagley III,M. Bagley III,0,0,0,,0,,,0,v,SUB: Coulibaly FOR Bagley III,Substitution,,0,0,178,0012400007,2024-10-06
0012400007,251,PT06M38.00S,2,1610612764,WAS,1629673,Poole,J. Poole,4,-11,1,Made,1,49,24,73,v,Poole 1' Driving Layup (8 PTS),Made Shot,Driving Layup Shot,1,2,179,0012400007,2024-10-06
0012400007,252,PT06M13.00S,2,1610612761,TOR,1627751,Poeltl,J. Poeltl,20,24,3,Missed,1,,,0,h,MISS Pöltl 3' Cutting Layup Shot,Missed Shot,Cutting Layup Shot,1,2,180,0012400007,2024-10-06
0012400007,253,PT06M11.00S,2,1610612764,WAS,1629673,Poole,J. Poole,0,0,0,,0,,,0,v,Poole REBOUND (Off:0 Def:1),Rebound,Unknown,1,0,181,0012400007,2024-10-06
0012400007,254,PT06M00.00S,2,1610612761,TOR,1642367,Mogbo,J. Mogbo,0,0,0,,0,,,0,h,Mogbo P.FOUL (P2.T4) (M.Lindsay),Foul,Personal,1,0,182,0012400007,2024-10-06
0012400007,256,PT06M00.00S,2,1610612764,WAS,1631116,Baldwin Jr.,P. Baldwin Jr.,0,0,0,,0,,,0,v,SUB: Sarr FOR Baldwin Jr.,Substitution,,0,0,183,0012400007,2024-10-06
0012400007,258,PT06M00.00S,2,1610612764,WAS,1642259,Sarr,A. Sarr,0,0,0,,0,,,0,v,Sarr OFF.Foul (P2) (J.Schroeder),Foul,Offensive,0,0,184,0012400007,2024-10-06
0012400007,260,PT06M00.00S,2,1610612764,WAS,1642259,Sarr,A. Sarr,0,0,0,,0,,,0,v,Sarr Offensive Foul Turnover (P3.T13),Turnover,Offensive Foul Turnover,0,0,185,0012400007,2024-10-06
0012400007,261,PT05M45.00S,2,1610612761,TOR,1629628,Barrett,R. Barrett,0,0,0,,0,,,0,h,Barrett Traveling Turnover (P3.T7),Turnover,Traveling,1,0,186,0012400007,2024-10-06
0012400007,262,PT05M23.00S,2,1610612764,WAS,202685,Valančiūnas,J. Valančiūnas,-25,105,11,Missed,1,,,0,v,MISS Valanciunas 11' Turnaround Fadeaway Shot,Missed Shot,Turnaround Fadeaway shot,1,2,187,0012400007,2024-10-06
0012400007,263,PT05M19.00S,2,1610612761,TOR,1627751,Poeltl,J. Poeltl,0,0,0,,0,,,0,h,Pöltl REBOUND (Off:3 Def:4),Rebound,Unknown,1,0,188,0012400007,2024-10-06
0012400007,264,PT05M09.00S,2,1610612761,TOR,1642367,Mogbo,J. Mogbo,0,-52,5,Missed,1,,,0,h,MISS Mogbo 5' Driving Finger Roll Layup,Missed Shot,Driving Finger Roll Layup Shot,1,2,189,0012400007,2024-10-06
0012400007,265,PT05M06.00S,2,1610612764,WAS,202685,Valančiūnas,J. Valančiūnas,0,0,0,,0,,,0,v,Valanciunas REBOUND (Off:0 Def:2),Rebound,Unknown,1,0,190,0012400007,2024-10-06
0012400007,266,PT05M03.00S,2,1610612764,WAS,1629673,Poole,J. Poole,-1,286,29,Made,1,49,27,76,v,Poole 29' 3PT Pullup Jump Shot (11 PTS),Made Shot,Pullup Jump shot,1,3,191,0012400007,2024-10-06
0012400007,268,PT04M41.00S,2,1610612761,TOR,1629628,Barrett,R. Barrett,224,121,25,Missed,1,,,0,h,MISS Barrett 25' 3PT Step Back Jump Shot,Missed Shot,Step Back Jump shot,1,3,192,0012400007,2024-10-06
0012400007,269,PT04M38.00S,2,1610612764,WAS,202685,Valančiūnas,J. Valančiūnas,0,0,0,,0,,,0,v,Valanciunas REBOUND (Off:0 Def:3),Rebound,Unknown,1,0,193,0012400007,2024-10-06
0012400007,270,PT04M31.00S,2,1610612764,WAS,1629673,Poole,J. Poole,-21,288,29,Missed,1,,,0,v,MISS Poole 29' 3PT Jump Shot,Missed Shot,Jump Shot,1,3,194,0012400007,2024-10-06
0012400007,271,PT04M27.00S,2,1610612761,TOR,1630558,Mitchell,D. Mitchell,0,0,0,,0,,,0,h,Mitchell REBOUND (Off:0 Def:1),Rebound,Unknown,1,0,195,0012400007,2024-10-06
0012400007,272,PT04M23.00S,2,1610612761,TOR,1630186,Ramsey,J. Ramsey,-230,17,0,Made,1,52,27,79,h,Ramsey 3PT Running Jump Shot (6 PTS) (Mitchell 4 AST),Made Shot,Running Jump Shot,1,3,196,0012400007,2024-10-06
0012400007,274,PT04M04.00S,2,1610612764,WAS,1641731,Coulibaly,B. Coulibaly,-189,174,26,Missed,1,,,0,v,MISS Coulibaly 26' 3PT Jump Shot,Missed Shot,Jump Shot,1,3,197,0012400007,2024-10-06
0012400007,275,PT04M01.00S,2,1610612761,TOR,1630186,Ramsey,J. Ramsey,0,0,0,,0,,,0,h,Ramsey REBOUND (Off:0 Def:2),Rebound,Unknown,1,0,198,0012400007,2024-10-06
0012400007,276,PT03M44.00S,2,1610612761,TOR,1642367,Mogbo,J. Mogbo,37,26,5,Missed,1,,,0,h,MISS Mogbo 5' Layup,Missed Shot,Layup Shot,1,2,199,0012400007,2024-10-06
0012400007,276,PT03M44.00S,2,1610612764,WAS,1642259,Sarr,A. Sarr,0,0,0,,0,,,0,v,Sarr BLOCK (1 BLK),,,1,2,200,0012400007,2024-10-06
0012400007,278,PT03M44.00S,2,0,,1610612761,,,0,0,0,,0,,,0,h,RAPTORS Rebound,Rebound,Unknown,0,0,201,0012400007,2024-10-06
0012400007,280,PT03M44.00S,2,0,,1610612761,,,0,0,0,,0,,,0,h,RAPTORS Timeout: Regular (Full 2 Short 0),Timeout,Regular,0,0,202,0012400007,2024-10-06
0012400007,281,PT03M44.00S,2,1610612761,TOR,1629628,Barrett,R. Barrett,0,0,0,,0,,,0,h,SUB: Fernando FOR Barrett,Substitution,,0,0,203,0012400007,2024-10-06
0012400007,282,PT03M44.00S,2,1610612761,TOR,1630558,Mitchell,D. Mitchell,0,0,0,,0,,,0,h,SUB: Shead FOR Mitchell,Substitution,,0,0,204,0012400007,2024-10-06
0012400007,283,PT03M44.00S,2,1610612761,TOR,1627751,Poeltl,J. Poeltl,0,0,0,,0,,,0,h,SUB: Dick FOR Pöltl,Substitution,,0,0,205,0012400007,2024-10-06
0012400007,287,PT03M39.00S,2,0,,1610612761,,,0,0,0,,0,,,0,h,RAPTORS Turnover: Shot Clock (T#8),Turnover,Shot Clock Turnover,0,0,206,0012400007,2024-10-06
0012400007,288,PT03M30.00S,2,1610612764,WAS,1642259,Sarr,A. Sarr,-42,284,29,Made,1,52,30,82,v,Sarr 29' 3PT Jump Shot (3 PTS) (Poole 2 AST),Made Shot,Jump Shot,1,3,207,0012400007,2024-10-06
0012400007,290,PT03M12.00S,2,1610612761,TOR,1630186,Ramsey,J. Ramsey,-15,32,4,Missed,1,,,0,h,MISS Ramsey 4' Driving Layup,Missed Shot,Driving Layup Shot,1,2,208,0012400007,2024-10-06
0012400007,290,PT03M12.00S,2,1610612764,WAS,202685,Valančiūnas,J. Valančiūnas,0,0,0,,0,,,0,v,Valanciunas BLOCK (1 BLK),,,1,2,209,0012400007,2024-10-06
0012400007,292,PT03M11.00S,2,1610612764,WAS,1642259,Sarr,A. Sarr,0,0,0,,0,,,0,v,Sarr REBOUND (Off:0 Def:1),Rebound,Unknown,1,0,210,0012400007,2024-10-06
0012400007,294,PT02M48.00S,2,0,,1610612764,,,0,0,0,,0,,,0,v,Wizards Turnover: Shot Clock (T#14),Turnover,Shot Clock Turnover,0,0,211,0012400007,2024-10-06
0012400007,295,PT02M31.00S,2,1610612761,TOR,1628981,Fernando,B. Fernando,-126,134,18,Missed,1,,,0,h,MISS Fernando 18' Jump Shot,Missed Shot,Jump Shot,1,2,212,0012400007,2024-10-06
0012400007,296,PT02M28.00S,2,1610612764,WAS,202685,Valančiūnas,J. Valančiūnas,0,0,0,,0,,,0,v,Valanciunas REBOUND (Off:0 Def:4),Rebound,Unknown,1,0,213,0012400007,2024-10-06
0012400007,297,PT02M23.00S,2,1610612764,WAS,1641731,Coulibaly,B. Coulibaly,-233,33,24,Missed,1,,,0,v,MISS Coulibaly 24' 3PT Running Jump Shot,Missed Shot,Running Jump Shot,1,3,214,0012400007,2024-10-06
0012400007,298,PT02M19.00S,2,1610612764,WAS,1642259,Sarr,A. Sarr,0,0,0,,0,,,0,v,Sarr REBOUND (Off:1 Def:1),Rebound,Unknown,1,0,215,0012400007,2024-10-06
0012400007,299,PT02M17.00S,2,1610612764,WAS,1629673,Poole,J. Poole,206,147,25,Made,1,52,33,85,v,Poole 25' 3PT Jump Shot (14 PTS) (Sarr 2 AST),Made Shot,Jump Shot,1,3,216,0012400007,2024-10-06
0012400007,301,PT02M06.00S,2,1610612761,TOR,1641711,Dick,G. Dick,4,262,26,Missed,1,,,0,h,MISS Dick 26' 3PT Pullup Jump Shot,Missed Shot,Pullup Jump shot,1,3,217,0012400007,2024-10-06
0012400007,302,PT01M59.00S,2,1610612761,TOR,1642367,Mogbo,J. Mogbo,0,0,0,,0,,,0,h,Mogbo REBOUND (Off:2 Def:1),Rebound,Unknown,1,0,218,0012400007,2024-10-06
0012400007,303,PT01M58.00S,2,1610612761,TOR,1642367,Mogbo,J. Mogbo,1,29,3,Missed,1,,,0,h,MISS Mogbo 3' Putback Layup,Missed Shot,Putback Layup Shot,1,2,219,0012400007,2024-10-06
0012400007,304,PT01M56.00S,2,1610612764,WAS,202685,Valančiūnas,J. Valančiūnas,0,0,0,,0,,,0,v,Valanciunas REBOUND (Off:0 Def:5),Rebound,Unknown,1,0,220,0012400007,2024-10-06
0012400007,305,PT01M51.00S,2,1610612764,WAS,1642259,Sarr,A. Sarr,1,8,1,Made,1,52,35,87,v,Sarr 1' Driving Dunk (5 PTS) (Poole 3 AST),Made Shot,Driving Dunk Shot,1,2,221,0012400007,2024-10-06
0012400007,307,PT01M50.00S,2,0,,1610612761,,,0,0,0,,0,,,0,h,RAPTORS Timeout: Regular (Full 3 Short 0),Timeout,Regular,0,0,222,0012400007,2024-10-06
0012400007,308,PT01M50.00S,2,1610612761,TOR,1630186,Ramsey,J. Ramsey,0,0,0,,0,,,0,h,SUB: Agbaji FOR Ramsey,Substitution,,0,0,223,0012400007,2024-10-06
0012400007,310,PT01M36.00S,2,1610612761,TOR,1628981,Fernando,B. Fernando,123,59,14,Missed,1,,,0,h,MISS Fernando 14' Floating Jump Shot,Missed Shot,Floating Jump shot,1,2,224,0012400007,2024-10-06
0012400007,311,PT01M34.00S,2,1610612764,WAS,1628398,Kuzma,K. Kuzma,0,0,0,,0,,,0,v,Kuzma REBOUND (Off:1 Def:3),Rebound,Unknown,1,0,225,0012400007,2024-10-06
0012400007,312,PT01M27.00S,2,1610612764,WAS,1628398,Kuzma,K. Kuzma,-25,259,26,Missed,1,,,0,v,MISS Kuzma 26' 3PT Jump Shot,Missed Shot,Jump Shot,1,3,226,0012400007,2024-10-06
0012400007,313,PT01M21.00S,2,1610612764,WAS,202685,Valančiūnas,J. Valančiūnas,0,0,0,,0,,,0,v,Valanciunas REBOUND (Off:1 Def:5),Rebound,Unknown,1,0,227,0012400007,2024-10-06
0012400007,314,PT01M21.00S,2,1610612764,WAS,202685,Valančiūnas,J. Valančiūnas,0,0,0,Made,1,52,37,89,v,Valanciunas Putback Layup (2 PTS),Made Shot,Putback Layup Shot,1,2,228,0012400007,2024-10-06
0012400007,315,PT01M15.00S,2,1610612764,WAS,1641731,Coulibaly,B. Coulibaly,0,0,0,,0,,,0,v,Coulibaly P.FOUL (P2.T1) (M.Lindsay),Foul,Personal,1,0,229,0012400007,2024-10-06
0012400007,317,PT00M51.90S,2,1610612761,TOR,1641711,Dick,G. Dick,126,250,28,Missed,1,,,0,h,MISS Dick 28' 3PT Jump Shot,Missed Shot,Jump Shot,1,3,230,0012400007,2024-10-06
0012400007,318,PT00M49.10S,2,1610612761,TOR,1642367,Mogbo,J. Mogbo,0,0,0,,0,,,0,h,Mogbo REBOUND (Off:3 Def:1),Rebound,Unknown,1,0,231,0012400007,2024-10-06
0012400007,319,PT00M48.60S,2,1610612761,TOR,1630534,Agbaji,O. Agbaji,-4,14,1,Made,1,54,37,91,h,Agbaji 1' Layup (2 PTS) (Mogbo 4 AST),Made Shot,Layup Shot,1,2,232,0012400007,2024-10-06
0012400007,321,PT00M38.90S,2,1610612761,TOR,1628981,Fernando,B. Fernando,0,0,0,,0,,,0,h,Fernando S.FOUL (P1.PN) (J.Schroeder),Foul,Shooting,1,0,233,0012400007,2024-10-06
0012400007,323,PT00M38.90S,2,1610612764,WAS,202685,Valančiūnas,J. Valančiūnas,0,0,0,,0,54,38,92,v,Valanciunas Free Throw 1 of 2 (3 PTS),Free Throw,Free Throw 1 of 2,1,0,234,0012400007,2024-10-06
0012400007,324,PT00M38.90S,2,1610612764,WAS,202685,Valančiūnas,J. Valančiūnas,0,0,0,,0,,,0,v,MISS Valanciunas Free Throw 2 of 2,Free Throw,Free Throw 2 of 2,1,0,235,0012400007,2024-10-06
0012400007,325,PT00M36.60S,2,1610612761,TOR,1628981,Fernando,B. Fernando,0,0,0,,0,,,0,h,Fernando REBOUND (Off:0 Def:1),Rebound,Unknown,1,0,236,0012400007,2024-10-06
0012400007,326,PT00M20.90S,2,1610612761,TOR,1630534,Agbaji,O. Agbaji,-12,50,5,Missed,1,,,0,h,MISS Agbaji 5' Driving Layup,Missed Shot,Driving Layup Shot,1,2,237,0012400007,2024-10-06
0012400007,327,PT00M18.40S,2,1610612764,WAS,1628398,Kuzma,K. Kuzma,0,0,0,,0,,,0,v,Kuzma REBOUND (Off:1 Def:4),Rebound,Unknown,1,0,238,0012400007,2024-10-06
0012400007,328,PT00M14.60S,2,1610612764,WAS,1628398,Kuzma,K. Kuzma,22,36,4,Missed,1,,,0,v,MISS Kuzma 4' Running Layup,Missed Shot,Running Layup Shot,1,2,239,0012400007,2024-10-06
0012400007,329,PT00M12.60S,2,1610612761,TOR,1642367,Mogbo,J. Mogbo,0,0,0,,0,,,0,h,Mogbo REBOUND (Off:3 Def:2),Rebound,Unknown,1,0,240,0012400007,2024-10-06
0012400007,330,PT00M01.60S,2,1610612761,TOR,1642347,Shead,J. Shead,-6,26,3,Made,1,56,38,94,h,Shead 3' Driving Reverse Layup (8 PTS),Made Shot,Driving Reverse Layup Shot,1,2,241,0012400007,2024-10-06
0012400007,331,PT00M00.10S,2,1610612764,WAS,1628398,Kuzma,K. Kuzma,18,756,76,Missed,1,,,0,v,MISS Kuzma 76' 3PT Jump Shot,Missed Shot,Jump Shot,1,3,242,0012400007,2024-10-06
0012400007,332,PT00M00.10S,2,0,,1610612764,,,0,0,0,,0,,,0,v,Wizards Rebound,Rebound,Unknown,0,0,243,0012400007,2024-10-06
0012400007,333,PT00M00.00S,2,0,,0,,,0,0,0,,0,56,38,94,,End of 2nd Period (8:44 PM EST),period,end,1,0,244,0012400007,2024-10-06
0012400007,342,PT12M00.00S,3,0,,0,,,0,0,0,,0,56,38,94,,Start of 3rd Period (9:00 PM EST),period,start,0,0,245,0012400007,2024-10-06
0012400007,343,PT11M44.00S,3,1610612761,TOR,1630534,Agbaji,O. Agbaji,-21,11,2,Made,1,58,38,96,h,Agbaji 2' Driving Layup (4 PTS) (Dick 2 AST),Made Shot,Driving Layup Shot,1,2,246,0012400007,2024-10-06
0012400007,345,PT11M28.00S,3,1610612764,WAS,1642259,Sarr,A. Sarr,-156,221,27,Missed,1,,,0,v,MISS Sarr 27' 3PT Jump Shot,Missed Shot,Jump Shot,1,3,247,0012400007,2024-10-06
0012400007,346,PT11M26.00S,3,1610612761,TOR,1628449,Boucher,C. Boucher,0,0,0,,0,,,0,h,Boucher REBOUND (Off:2 Def:1),Rebound,Unknown,1,0,248,0012400007,2024-10-06
0012400007,347,PT11M07.00S,3,1610612761,TOR,1627751,Poeltl,J. Poeltl,-5,10,1,Made,1,60,38,98,h,Pöltl 1' Layup (4 PTS) (Agbaji 1 AST),Made Shot,Layup Shot,1,2,249,0012400007,2024-10-06
0012400007,348,PT10M50.00S,3,1610612764,WAS,1642259,Sarr,A. Sarr,232,3,0,Made,1,60,41,101,v,Sarr 3PT Jump Shot (8 PTS) (Kispert 1 AST),Made Shot,Jump Shot,1,3,250,0012400007,2024-10-06
0012400007,350,PT10M35.00S,3,1610612761,TOR,1628449,Boucher,C. Boucher,-21,4,2,Missed,1,,,0,h,MISS Boucher 2' Reverse Layup,Missed Shot,Reverse Layup Shot,1,2,251,0012400007,2024-10-06
0012400007,350,PT10M35.00S,3,1610612764,WAS,1641731,Coulibaly,B. Coulibaly,0,0,0,,0,,,0,v,Coulibaly BLOCK (1 BLK),,,1,2,252,0012400007,2024-10-06
0012400007,352,PT10M31.00S,3,1610612761,TOR,1628449,Boucher,C. Boucher,0,0,0,,0,,,0,h,Boucher REBOUND (Off:3 Def:1),Rebound,Unknown,1,0,253,0012400007,2024-10-06
0012400007,353,PT10M29.00S,3,1610612761,TOR,1628449,Boucher,C. Boucher,-238,-11,24,Made,1,63,41,104,h,Boucher 24' 3PT Jump Shot (8 PTS) (Agbaji 2 AST),Made Shot,Jump Shot,1,3,254,0012400007,2024-10-06
0012400007,355,PT10M20.00S,3,1610612764,WAS,1642259,Sarr,A. Sarr,10,40,4,Missed,1,,,0,v,MISS Sarr 4' Cutting Dunk Shot,Missed Shot,Cutting Dunk Shot,1,2,255,0012400007,2024-10-06
0012400007,355,PT10M20.00S,3,1610612761,TOR,1628449,Boucher,C. Boucher,0,0,0,,0,,,0,h,Boucher BLOCK (1 BLK),,,1,2,256,0012400007,2024-10-06
0012400007,357,PT10M20.00S,3,1610612764,WAS,1642259,Sarr,A. Sarr,0,0,0,,0,,,0,v,Sarr REBOUND (Off:2 Def:1),Rebound,Unknown,1,0,257,0012400007,2024-10-06
0012400007,359,PT10M12.00S,3,1610612764,WAS,1641731,Coulibaly,B. Coulibaly,234,11,0,Made,1,63,44,107,v,Coulibaly 3PT Jump Shot (7 PTS) (Sarr 3 AST),Made Shot,Jump Shot,1,3,258,0012400007,2024-10-06
0012400007,362,PT09M58.00S,3,1610612761,TOR,1630558,Mitchell,D. Mitchell,0,0,0,,0,,,0,h,SUB: Shead FOR Mitchell,Substitution,,0,0,259,0012400007,2024-10-06
0012400007,364,PT09M53.00S,3,1610612761,TOR,1630534,Agbaji,O. Agbaji,0,0,0,,0,,,0,h,Agbaji Out of Bounds Lost Ball Turnover (P1.T9),Turnover,Out of Bounds Lost Ball Turnover,1,0,260,0012400007,2024-10-06
0012400007,365,PT09M41.00S,3,1610612764,WAS,1628398,Kuzma,K. Kuzma,0,0,0,,0,,,0,v,Kuzma Bad Pass Turnover (P3.T15),Turnover,Bad Pass,1,0,261,0012400007,2024-10-06
0012400007,365,PT09M41.00S,3,1610612761,TOR,1642347,Shead,J. Shead,0,0,0,,0,,,0,h,Shead STEAL (3 STL),,,1,0,262,0012400007,2024-10-06
0012400007,367,PT09M36.00S,3,1610612761,TOR,1641711,Dick,G. Dick,-11,4,1,Made,1,65,44,109,h,Dick 1' Running Layup (10 PTS) (Shead 3 AST),Made Shot,Running Layup Shot,1,2,263,0012400007,2024-10-06
0012400007,369,PT09M21.00S,3,1610612764,WAS,1629673,Poole,J. Poole,-12,21,2,Made,1,65,46,111,v,Poole 2' Driving Finger Roll Layup (16 PTS) (Sarr 4 AST),Made Shot,Driving Finger Roll Layup Shot,1,2,264,0012400007,2024-10-06
0012400007,371,PT09M12.00S,3,1610612761,TOR,1630534,Agbaji,O. Agbaji,-228,84,24,Missed,1,,,0,h,MISS Agbaji 24' 3PT Jump Shot,Missed Shot,Jump Shot,1,3,265,0012400007,2024-10-06
0012400007,372,PT09M09.00S,3,1610612761,TOR,1628449,Boucher,C. Boucher,0,0,0,,0,,,0,h,Boucher REBOUND (Off:4 Def:1),Rebound,Unknown,1,0,266,0012400007,2024-10-06
0012400007,373,PT09M07.00S,3,1610612761,TOR,1628449,Boucher,C. Boucher,13,23,3,Missed,1,,,0,h,MISS Boucher 3' Layup,Missed Shot,Layup Shot,1,2,267,0012400007,2024-10-06
0012400007,373,PT09M07.00S,3,1610612764,WAS,1628398,Kuzma,K. Kuzma,0,0,0,,0,,,0,v,Kuzma BLOCK (1 BLK),,,1,2,268,0012400007,2024-10-06
0012400007,375,PT09M04.00S,3,1610612764,WAS,1641731,Coulibaly,B. Coulibaly,0,0,0,,0,,,0,v,Coulibaly REBOUND (Off:0 Def:2),Rebound,Unknown,1,0,269,0012400007,2024-10-06
0012400007,376,PT08M58.00S,3,1610612764,WAS,1630557,Kispert,C. Kispert,-5,73,7,Missed,1,,,0,v,MISS Kispert 7' Driving Floating Jump Shot,Missed Shot,Driving Floating Jump Shot,1,2,270,0012400007,2024-10-06
0012400007,377,PT08M56.00S,3,1610612761,TOR,1641711,Dick,G. Dick,0,0,0,,0,,,0,h,Dick REBOUND (Off:0 Def:3),Rebound,Unknown,1,0,271,0012400007,2024-10-06
0012400007,378,PT08M55.00S,3,1610612761,TOR,1628449,Boucher,C. Boucher,6,12,1,Made,1,67,46,113,h,Boucher 1' Running Dunk (10 PTS) (Dick 3 AST),Made Shot,Running Dunk Shot,1,2,272,0012400007,2024-10-06
0012400007,380,PT08M39.00S,3,0,,1610612764,,,0,0,0,,0,,,0,v,Wizards Timeout: Regular (Reg.4 Short 0),Timeout,Regular,0,0,273,0012400007,2024-10-06
0012400007,381,PT08M36.00S,3,1610612764,WAS,1642259,Sarr,A. Sarr,9,27,3,Made,1,67,48,115,v,Sarr 3' Cutting Dunk Shot (10 PTS) (Poole 4 AST),Made Shot,Cutting Dunk Shot,1,2,274,0012400007,2024-10-06
0012400007,383,PT08M14.00S,3,1610612761,TOR,1642347,Shead,J. Shead,43,43,6,Made,1,69,48,117,h,Shead 6' Hook Bank Shot (10 PTS),Made Shot,Hook Bank Shot,1,2,275,0012400007,2024-10-06
0012400007,384,PT07M53.00S,3,1610612764,WAS,1629673,Poole,J. Poole,-141,267,30,Missed,1,,,0,v,MISS Poole 30' 3PT Step Back Jump Shot,Missed Shot,Step Back Jump shot,1,3,276,0012400007,2024-10-06
0012400007,385,PT07M50.00S,3,1610612761,TOR,1628449,Boucher,C. Boucher,0,0,0,,0,,,0,h,Boucher REBOUND (Off:4 Def:2),Rebound,Unknown,1,0,277,0012400007,2024-10-06
0012400007,386,PT07M39.00S,3,1610612761,TOR,1628449,Boucher,C. Boucher,-243,6,24,Made,1,72,48,120,h,Boucher 24' 3PT Jump Shot (13 PTS) (Pöltl 3 AST),Made Shot,Jump Shot,1,3,278,0012400007,2024-10-06
0012400007,388,PT07M28.00S,3,1610612764,WAS,1642259,Sarr,A. Sarr,9,34,4,Made,1,72,50,122,v,Sarr 4' Cutting Dunk Shot (12 PTS) (Poole 5 AST),Made Shot,Cutting Dunk Shot,1,2,279,0012400007,2024-10-06
0012400007,392,PT07M02.00S,3,1610612761,TOR,1642347,Shead,J. Shead,-233,-5,0,Missed,1,,,0,h,MISS Shead 3PT Jump Shot,Missed Shot,Jump Shot,1,3,280,0012400007,2024-10-06
0012400007,392,PT07M02.00S,3,1610612764,WAS,1641731,Coulibaly,B. Coulibaly,0,0,0,,0,,,0,v,Coulibaly BLOCK (2 BLK),,,1,3,281,0012400007,2024-10-06
0012400007,394,PT07M01.00S,3,0,,1610612761,,,0,0,0,,0,,,0,h,RAPTORS Rebound,Rebound,Unknown,0,0,282,0012400007,2024-10-06
0012400007,395,PT07M01.00S,3,0,,1610612761,,,0,0,0,,0,,,0,h,RAPTORS Turnover: Shot Clock (T#10),Turnover,Shot Clock Turnover,0,0,283,0012400007,2024-10-06
0012400007,396,PT06M50.00S,3,1610612761,TOR,1630534,Agbaji,O. Agbaji,0,0,0,,0,,,0,h,Agbaji P.FOUL (P1.T1) (M.Lindsay),Foul,Personal,1,0,284,0012400007,2024-10-06
0012400007,398,PT06M42.00S,3,1610612764,WAS,1641731,Coulibaly,B. Coulibaly,-39,16,4,Made,1,72,52,124,v,Coulibaly 4' Driving Finger Roll Layup (9 PTS),Made Shot,Driving Finger Roll Layup Shot,1,2,285,0012400007,2024-10-06
0012400007,399,PT06M42.00S,3,1610612761,TOR,1641711,Dick,G. Dick,0,0,0,,0,,,0,h,Dick S.FOUL (P1.T2) (R.Hussey),Foul,Shooting,1,0,286,0012400007,2024-10-06
0012400007,401,PT06M42.00S,3,1610612761,TOR,1642347,Shead,J. Shead,0,0,0,,0,,,0,h,SUB: Mitchell FOR Shead,Substitution,,0,0,287,0012400007,2024-10-06
0012400007,403,PT06M42.00S,3,1610612764,WAS,1641731,Coulibaly,B. Coulibaly,0,0,0,,0,72,53,125,v,Coulibaly Free Throw 1 of 1 (10 PTS),Free Throw,Free Throw 1 of 1,1,0,288,0012400007,2024-10-06
0012400007,404,PT06M29.00S,3,1610612764,WAS,1628398,Kuzma,K. Kuzma,0,0,0,,0,,,0,v,Kuzma L.B.FOUL (P1.T1) (R.Hussey),Foul,Loose Ball,1,0,289,0012400007,2024-10-06
0012400007,406,PT06M23.00S,3,1610612761,TOR,1627751,Poeltl,J. Poeltl,-16,81,8,Made,1,74,53,127,h,Pöltl 8' Floating Jump Shot (6 PTS) (Mitchell 5 AST),Made Shot,Floating Jump shot,1,2,290,0012400007,2024-10-06
0012400007,408,PT06M05.00S,3,1610612764,WAS,1642259,Sarr,A. Sarr,-13,271,27,Made,1,74,56,130,v,Sarr 27' 3PT Jump Shot (15 PTS) (Poole 6 AST),Made Shot,Jump Shot,1,3,291,0012400007,2024-10-06
0012400007,411,PT05M46.00S,3,1610612764,WAS,1629673,Poole,J. Poole,0,0,0,,0,,,0,v,SUB: George FOR Poole,Substitution,,0,0,292,0012400007,2024-10-06
0012400007,412,PT05M46.00S,3,1610612764,WAS,1628398,Kuzma,K. Kuzma,0,0,0,,0,,,0,v,SUB: Carrington FOR Kuzma,Substitution,,0,0,293,0012400007,2024-10-06
0012400007,415,PT05M39.00S,3,1610612761,TOR,1630558,Mitchell,D. Mitchell,-69,283,29,Missed,1,,,0,h,MISS Mitchell 29' 3PT Step Back Jump Shot,Missed Shot,Step Back Jump shot,1,3,294,0012400007,2024-10-06
0012400007,416,PT05M37.00S,3,1610612764,WAS,1642273,George,K. George,0,0,0,,0,,,0,v,George REBOUND (Off:0 Def:2),Rebound,Unknown,1,0,295,0012400007,2024-10-06
0012400007,418,PT05M32.00S,3,1610612761,TOR,1628449,Boucher,C. Boucher,0,0,0,,0,,,0,h,SUB: Olynyk FOR Boucher,Substitution,,0,0,296,0012400007,2024-10-06
0012400007,420,PT05M32.00S,3,1610612761,TOR,1627751,Poeltl,J. Poeltl,0,0,0,,0,,,0,h,SUB: Mogbo FOR Pöltl,Substitution,,0,0,297,0012400007,2024-10-06
0012400007,422,PT05M23.00S,3,1610612764,WAS,1642267,Carrington,B. Carrington,0,0,0,,0,,,0,v,Carrington Bad Pass Turnover (P3.T16),Turnover,Bad Pass,1,0,298,0012400007,2024-10-06
0012400007,422,PT05M23.00S,3,1610612761,TOR,1642367,Mogbo,J. Mogbo,0,0,0,,0,,,0,h,Mogbo STEAL (1 STL),,,1,0,299,0012400007,2024-10-06
0012400007,424,PT05M06.00S,3,1610612761,TOR,1630534,Agbaji,O. Agbaji,223,-11,0,Made,1,77,56,133,h,Agbaji 3PT Jump Shot (7 PTS) (Olynyk 3 AST),Made Shot,Jump Shot,1,3,300,0012400007,2024-10-06
0012400007,426,PT04M56.00S,3,1610612764,WAS,1642267,Carrington,B. Carrington,-100,252,27,Missed,1,,,0,v,MISS Carrington 27' 3PT Step Back Jump Shot,Missed Shot,Step Back Jump shot,1,3,301,0012400007,2024-10-06
0012400007,427,PT04M53.00S,3,1610612761,TOR,1641711,Dick,G. Dick,0,0,0,,0,,,0,h,Dick REBOUND (Off:0 Def:4),Rebound,Unknown,1,0,302,0012400007,2024-10-06
0012400007,428,PT04M50.00S,3,1610612761,TOR,1630534,Agbaji,O. Agbaji,23,17,3,Made,1,79,56,135,h,Agbaji 3' Running Layup (9 PTS) (Dick 4 AST),Made Shot,Running Layup Shot,1,2,303,0012400007,2024-10-06
0012400007,430,PT04M50.00S,3,1610612764,WAS,1641731,Coulibaly,B. Coulibaly,0,0,0,,0,,,0,v,Coulibaly S.FOUL (P3.T2) (M.Lindsay),Foul,Shooting,1,0,304,0012400007,2024-10-06
0012400007,432,PT04M50.00S,3,1610612764,WAS,1642259,Sarr,A. Sarr,0,0,0,,0,,,0,v,SUB: Bagley III FOR Sarr,Substitution,,0,0,305,0012400007,2024-10-06
0012400007,434,PT04M50.00S,3,1610612761,TOR,1630534,Agbaji,O. Agbaji,0,0,0,,0,,,0,h,MISS Agbaji Free Throw 1 of 1,Free Throw,Free Throw 1 of 1,0,0,306,0012400007,2024-10-06
0012400007,435,PT04M48.00S,3,1610612764,WAS,1642273,George,K. George,0,0,0,,0,,,0,v,George REBOUND (Off:0 Def:3),Rebound,Unknown,0,0,307,0012400007,2024-10-06
0012400007,436,PT04M36.00S,3,1610612764,WAS,1642267,Carrington,B. Carrington,118,173,21,Missed,1,,,0,v,MISS Carrington 21' Pullup Jump Shot,Missed Shot,Pullup Jump shot,1,2,308,0012400007,2024-10-06
0012400007,437,PT04M31.00S,3,1610612764,WAS,1628963,Bagley III,M. Bagley III,0,0,0,,0,,,0,v,Bagley III REBOUND (Off:1 Def:1),Rebound,Unknown,1,0,309,0012400007,2024-10-06
0012400007,438,PT04M31.00S,3,1610612764,WAS,1628963,Bagley III,M. Bagley III,0,0,0,Made,1,79,58,137,v,Bagley III Tip Layup Shot (3 PTS),Made Shot,Tip Layup Shot,1,2,310,0012400007,2024-10-06
0012400007,439,PT04M26.00S,3,1610612761,TOR,1630558,Mitchell,D. Mitchell,17,6,2,Made,1,81,58,139,h,Mitchell 2' Driving Layup (4 PTS),Made Shot,Driving Layup Shot,1,2,311,0012400007,2024-10-06
0012400007,440,PT04M09.00S,3,1610612764,WAS,1628963,Bagley III,M. Bagley III,-11,29,3,Missed,1,,,0,v,MISS Bagley III 3' Driving Layup,Missed Shot,Driving Layup Shot,1,2,312,0012400007,2024-10-06
0012400007,441,PT04M07.00S,3,1610612761,TOR,203482,Olynyk,K. Olynyk,0,0,0,,0,,,0,h,Olynyk REBOUND (Off:0 Def:3),Rebound,Unknown,1,0,313,0012400007,2024-10-06
0012400007,442,PT04M04.00S,3,1610612761,TOR,1642367,Mogbo,J. Mogbo,5,2,1,Made,1,83,58,141,h,Mogbo 1' Running Alley Oop Dunk Shot (2 PTS) (Dick 5 AST),Made Shot,Running Alley Oop Dunk Shot,1,2,314,0012400007,2024-10-06
0012400007,444,PT04M03.00S,3,0,,1610612764,,,0,0,0,,0,,,0,v,Wizards Timeout: Regular (Reg.5 Short 0),Timeout,Regular,0,0,315,0012400007,2024-10-06
0012400007,445,PT04M03.00S,3,1610612761,TOR,1641711,Dick,G. Dick,0,0,0,,0,,,0,h,SUB: Ramsey FOR Dick,Substitution,,0,0,316,0012400007,2024-10-06
0012400007,446,PT04M03.00S,3,1610612764,WAS,1641731,Coulibaly,B. Coulibaly,0,0,0,,0,,,0,v,SUB: Baldwin Jr. FOR Coulibaly,Substitution,,0,0,317,0012400007,2024-10-06
0012400007,447,PT04M03.00S,3,1610612764,WAS,1630557,Kispert,C. Kispert,0,0,0,,0,,,0,v,SUB: Davis FOR Kispert,Substitution,,0,0,318,0012400007,2024-10-06
0012400007,452,PT03M40.00S,3,1610612764,WAS,1631098,Davis,J. Davis,-107,253,27,Made,1,83,61,144,v,Davis 27' 3PT Jump Shot (3 PTS) (Carrington 1 AST),Made Shot,Jump Shot,1,3,319,0012400007,2024-10-06
0012400007,454,PT03M23.00S,3,1610612764,WAS,1642273,George,K. George,0,0,0,,0,,,0,v,George S.FOUL (P2.T3) (J.Schroeder),Foul,Shooting,1,0,320,0012400007,2024-10-06
0012400007,456,PT03M23.00S,3,1610612761,TOR,1630186,Ramsey,J. Ramsey,0,0,0,,0,84,61,145,h,Ramsey Free Throw 1 of 2 (7 PTS),Free Throw,Free Throw 1 of 2,1,0,321,0012400007,2024-10-06
0012400007,457,PT03M23.00S,3,1610612761,TOR,1630186,Ramsey,J. Ramsey,0,0,0,,0,85,61,146,h,Ramsey Free Throw 2 of 2 (8 PTS),Free Throw,Free Throw 2 of 2,0,0,322,0012400007,2024-10-06
0012400007,458,PT03M03.00S,3,1610612764,WAS,1642267,Carrington,B. Carrington,13,27,3,Missed,1,,,0,v,MISS Carrington 3' Driving Layup,Missed Shot,Driving Layup Shot,1,2,323,0012400007,2024-10-06
0012400007,459,PT03M01.00S,3,1610612761,TOR,203482,Olynyk,K. Olynyk,0,0,0,,0,,,0,h,Olynyk REBOUND (Off:0 Def:4),Rebound,Unknown,1,0,324,0012400007,2024-10-06
0012400007,460,PT02M50.00S,3,1610612761,TOR,1630186,Ramsey,J. Ramsey,0,0,0,,0,,,0,h,Ramsey Bad Pass Turnover (P1.T11),Turnover,Bad Pass,1,0,325,0012400007,2024-10-06
0012400007,460,PT02M50.00S,3,1610612764,WAS,1631116,Baldwin Jr.,P. Baldwin Jr.,0,0,0,,0,,,0,v,Baldwin Jr. STEAL (1 STL),,,1,0,326,0012400007,2024-10-06
0012400007,462,PT02M44.00S,3,1610612764,WAS,1642267,Carrington,B. Carrington,-55,267,27,Missed,1,,,0,v,MISS Carrington 27' 3PT Pullup Jump Shot,Missed Shot,Pullup Jump shot,1,3,327,0012400007,2024-10-06
0012400007,463,PT02M43.00S,3,0,,1610612764,,,0,0,0,,0,,,0,v,Wizards Rebound,Rebound,Unknown,1,0,328,0012400007,2024-10-06
0012400007,465,PT02M43.00S,3,1610612761,TOR,1630558,Mitchell,D. Mitchell,0,0,0,,0,,,0,h,SUB: Shead FOR Mitchell,Substitution,,0,0,329,0012400007,2024-10-06
0012400007,466,PT02M43.00S,3,1610612761,TOR,1630534,Agbaji,O. Agbaji,0,0,0,,0,,,0,h,SUB: Carton FOR Agbaji,Substitution,,0,0,330,0012400007,2024-10-06
0012400007,469,PT02M35.00S,3,1610612764,WAS,1642273,George,K. George,228,21,0,Missed,1,,,0,v,MISS George 3PT Jump Shot,Missed Shot,Jump Shot,1,3,331,0012400007,2024-10-06
0012400007,470,PT02M32.00S,3,1610612764,WAS,1628963,Bagley III,M. Bagley III,0,0,0,,0,,,0,v,Bagley III REBOUND (Off:2 Def:1),Rebound,Unknown,1,0,332,0012400007,2024-10-06
0012400007,471,PT02M32.00S,3,1610612761,TOR,203482,Olynyk,K. Olynyk,0,0,0,,0,,,0,h,Olynyk S.FOUL (P3.T3) (J.Schroeder),Foul,Shooting,1,0,333,0012400007,2024-10-06
0012400007,473,PT02M32.00S,3,1610612764,WAS,1628963,Bagley III,M. Bagley III,0,0,0,,0,85,62,147,v,Bagley III Free Throw 1 of 2 (4 PTS),Free Throw,Free Throw 1 of 2,1,0,334,0012400007,2024-10-06
0012400007,474,PT02M32.00S,3,1610612764,WAS,1628963,Bagley III,M. Bagley III,0,0,0,,0,85,63,148,v,Bagley III Free Throw 2 of 2 (5 PTS),Free Throw,Free Throw 2 of 2,1,0,335,0012400007,2024-10-06
0012400007,475,PT02M22.00S,3,1610612761,TOR,203482,Olynyk,K. Olynyk,88,242,26,Missed,1,,,0,h,MISS Olynyk 26' 3PT Jump Shot,Missed Shot,Jump Shot,1,3,336,0012400007,2024-10-06
0012400007,476,PT02M21.00S,3,0,,1610612764,,,0,0,0,,0,,,0,v,Wizards Rebound,Rebound,Unknown,0,0,337,0012400007,2024-10-06
0012400007,477,PT02M21.00S,3,1610612761,TOR,1642367,Mogbo,J. Mogbo,0,0,0,,0,,,0,h,Mogbo L.B.FOUL (P3.T4) (J.Schroeder),Foul,Loose Ball,1,0,338,0012400007,2024-10-06
0012400007,479,PT02M18.00S,3,1610612761,TOR,1642347,Shead,J. Shead,0,0,0,,0,,,0,h,Shead P.FOUL (P2.PN) (J.Schroeder),Foul,Personal,0,0,339,0012400007,2024-10-06
0012400007,481,PT02M18.00S,3,1610612764,WAS,1642267,Carrington,B. Carrington,0,0,0,,0,85,64,149,v,Carrington Free Throw 1 of 2 (1 PTS),Free Throw,Free Throw 1 of 2,1,0,340,0012400007,2024-10-06
0012400007,482,PT02M18.00S,3,1610612764,WAS,1642267,Carrington,B. Carrington,0,0,0,,0,85,65,150,v,Carrington Free Throw 2 of 2 (2 PTS),Free Throw,Free Throw 2 of 2,1,0,341,0012400007,2024-10-06
0012400007,483,PT02M05.00S,3,1610612764,WAS,1631116,Baldwin Jr.,P. Baldwin Jr.,0,0,0,,0,,,0,v,Baldwin Jr. P.FOUL (P1.T4) (J.Schroeder),Foul,Personal,1,0,342,0012400007,2024-10-06
0012400007,485,PT01M53.00S,3,1610612761,TOR,203482,Olynyk,K. Olynyk,11,-4,1,Made,1,87,65,152,h,Olynyk 1' Hook Bank Shot (8 PTS) (Shead 4 AST),Made Shot,Hook Bank Shot,1,2,343,0012400007,2024-10-06
0012400007,487,PT01M53.00S,3,1610612764,WAS,1642267,Carrington,B. Carrington,0,0,0,,0,,,0,v,Carrington S.FOUL (P3.PN) (M.Lindsay),Foul,Shooting,1,0,344,0012400007,2024-10-06
0012400007,489,PT01M53.00S,3,1610612761,TOR,203482,Olynyk,K. Olynyk,0,0,0,,0,88,65,153,h,Olynyk Free Throw 1 of 1 (9 PTS),Free Throw,Free Throw 1 of 1,1,0,345,0012400007,2024-10-06
0012400007,490,PT01M41.00S,3,1610612764,WAS,1642273,George,K. George,-121,246,27,Made,1,88,68,156,v,George 27' 3PT Jump Shot (5 PTS) (Baldwin Jr. 2 AST),Made Shot,Jump Shot,1,3,346,0012400007,2024-10-06
0012400007,492,PT01M16.00S,3,1610612761,TOR,1630618,Carton,D. Carton,-16,34,4,Made,1,90,68,158,h,Carton 4' Turnaround Hook Shot (2 PTS),Made Shot,Turnaround Hook Shot,1,2,347,0012400007,2024-10-06
0012400007,493,PT00M57.60S,3,1610612764,WAS,1642273,George,K. George,183,211,28,Made,1,90,71,161,v,George 28' 3PT Jump Shot (8 PTS) (Bagley III 1 AST),Made Shot,Jump Shot,1,3,348,0012400007,2024-10-06
0012400007,495,PT00M50.30S,3,1610612764,WAS,1642273,George,K. George,0,0,0,,0,,,0,v,George P.FOUL (P3.PN) (R.Hussey),Foul,Personal,1,0,349,0012400007,2024-10-06
0012400007,497,PT00M50.30S,3,1610612761,TOR,203482,Olynyk,K. Olynyk,0,0,0,,0,,,0,h,MISS Olynyk Free Throw 1 of 2,Free Throw,Free Throw 1 of 2,1,0,350,0012400007,2024-10-06
0012400007,498,PT00M50.30S,3,0,,1610612761,,,0,0,0,,0,,,0,h,RAPTORS Rebound,Rebound,Normal Rebound,0,0,351,0012400007,2024-10-06
0012400007,499,PT00M50.30S,3,1610612761,TOR,203482,Olynyk,K. Olynyk,0,0,0,,0,91,71,162,h,Olynyk Free Throw 2 of 2 (10 PTS),Free Throw,Free Throw 2 of 2,0,0,352,0012400007,2024-10-06
0012400007,500,PT00M33.20S,3,1610612764,WAS,1642273,George,K. George,-211,159,26,Missed,1,,,0,v,MISS George 26' 3PT Jump Shot,Missed Shot,Jump Shot,1,3,353,0012400007,2024-10-06
0012400007,501,PT00M30.30S,3,1610612761,TOR,203482,Olynyk,K. Olynyk,0,0,0,,0,,,0,h,Olynyk REBOUND (Off:0 Def:5),Rebound,Unknown,1,0,354,0012400007,2024-10-06
0012400007,502,PT00M10.40S,3,1610612761,TOR,1642347,Shead,J. Shead,-118,238,27,Missed,1,,,0,h,MISS Shead 27' 3PT Pullup Jump Shot,Missed Shot,Pullup Jump shot,1,3,355,0012400007,2024-10-06
0012400007,503,PT00M07.80S,3,1610612764,WAS,1642267,Carrington,B. Carrington,0,0,0,,0,,,0,v,Carrington REBOUND (Off:0 Def:2),Rebound,Unknown,1,0,356,0012400007,2024-10-06
0012400007,504,PT00M02.50S,3,1610612764,WAS,1628963,Bagley III,M. Bagley III,4,26,3,Made,1,91,73,164,v,Bagley III 3' Turnaround Hook Shot (7 PTS) (George 1 AST),Made Shot,Turnaround Hook Shot,1,2,357,0012400007,2024-10-06
0012400007,506,PT00M02.50S,3,1610612761,TOR,1630618,Carton,D. Carton,0,0,0,,0,,,0,h,Carton S.FOUL (P1.PN) (J.Schroeder),Foul,Shooting,1,0,358,0012400007,2024-10-06
0012400007,508,PT00M02.50S,3,1610612764,WAS,1628963,Bagley III,M. Bagley III,0,0,0,,0,91,74,165,v,Bagley III Free Throw 1 of 1 (8 PTS),Free Throw,Free Throw 1 of 1,1,0,359,0012400007,2024-10-06
0012400007,509,PT00M01.00S,3,1610612761,TOR,1630186,Ramsey,J. Ramsey,0,0,0,,0,,,0,h,Ramsey Bad Pass Turnover (P2.T12),Turnover,Bad Pass,1,0,360,0012400007,2024-10-06
0012400007,509,PT00M01.00S,3,1610612764,WAS,1642273,George,K. George,0,0,0,,0,,,0,v,George STEAL (1 STL),,,1,0,361,0012400007,2024-10-06
0012400007,511,PT00M00.20S,3,1610612764,WAS,1642273,George,K. George,40,90,10,Missed,1,,,0,v,MISS George 10' Turnaround Jump Shot,Missed Shot,Turnaround Jump Shot,1,2,362,0012400007,2024-10-06
0012400007,512,PT00M00.10S,3,0,,1610612764,,,0,0,0,,0,,,0,v,Wizards Rebound,Rebound,Unknown,1,0,363,0012400007,2024-10-06
0012400007,513,PT00M00.00S,3,0,,0,,,0,0,0,,0,91,74,165,,End of 3rd Period (9:27 PM EST),period,end,1,0,364,0012400007,2024-10-06
0012400007,518,PT12M00.00S,4,0,,0,,,0,0,0,,0,91,74,165,,Start of 4th Period (9:30 PM EST),period,start,0,0,365,0012400007,2024-10-06
0012400007,519,PT11M42.00S,4,1610612764,WAS,1628963,Bagley III,M. Bagley III,-16,19,2,Missed,1,,,0,v,MISS Bagley III 2' Alley Oop Layup,Missed Shot,Alley Oop Layup shot,1,2,366,0012400007,2024-10-06
0012400007,520,PT11M38.00S,4,1610612764,WAS,1631098,Davis,J. Davis,0,0,0,,0,,,0,v,Davis REBOUND (Off:1 Def:0),Rebound,Unknown,1,0,367,0012400007,2024-10-06
0012400007,521,PT11M38.00S,4,1610612764,WAS,1631098,Davis,J. Davis,0,0,0,Made,1,91,76,167,v,Davis Putback Layup (5 PTS),Made Shot,Putback Layup Shot,1,2,368,0012400007,2024-10-06
0012400007,522,PT11M16.00S,4,1610612761,TOR,1630186,Ramsey,J. Ramsey,0,-3,0,Made,1,93,76,169,h,Ramsey Cutting Layup Shot (10 PTS) (Mogbo 5 AST),Made Shot,Cutting Layup Shot,1,2,369,0012400007,2024-10-06
0012400007,524,PT10M59.00S,4,1610612764,WAS,1631098,Davis,J. Davis,13,63,6,Missed,1,,,0,v,MISS Davis 6' Driving Finger Roll Layup,Missed Shot,Driving Finger Roll Layup Shot,1,2,370,0012400007,2024-10-06
0012400007,524,PT10M59.00S,4,1610612761,TOR,1642367,Mogbo,J. Mogbo,0,0,0,,0,,,0,h,Mogbo BLOCK (1 BLK),,,1,2,371,0012400007,2024-10-06
0012400007,525,PT10M57.00S,4,1610612761,TOR,1628981,Fernando,B. Fernando,0,0,0,,0,,,0,h,Fernando REBOUND (Off:0 Def:2),Rebound,Unknown,1,0,372,0012400007,2024-10-06
0012400007,526,PT10M54.00S,4,1610612761,TOR,1642347,Shead,J. Shead,0,0,0,,0,,,0,h,Shead Out of Bounds - Bad Pass Turnover Turnover (P1.T13),Turnover,Out of Bounds - Bad Pass Turnover,1,0,373,0012400007,2024-10-06
0012400007,527,PT10M46.00S,4,1610612761,TOR,1628981,Fernando,B. Fernando,0,0,0,,0,,,0,h,Fernando S.FOUL (P2.T1) (R.Hussey),Foul,Shooting,1,0,374,0012400007,2024-10-06
0012400007,529,PT10M46.00S,4,1610612764,WAS,1642267,Carrington,B. Carrington,0,0,0,,0,93,77,170,v,Carrington Free Throw 1 of 2 (3 PTS),Free Throw,Free Throw 1 of 2,1,0,375,0012400007,2024-10-06
0012400007,530,PT10M46.00S,4,1610612761,TOR,1642367,Mogbo,J. Mogbo,0,0,0,,0,,,0,h,SUB: Carton FOR Mogbo,Substitution,,0,0,376,0012400007,2024-10-06
0012400007,531,PT10M46.00S,4,1610612761,TOR,1642347,Shead,J. Shead,0,0,0,,0,,,0,h,SUB: Carlson FOR Shead,Substitution,,0,0,377,0012400007,2024-10-06
0012400007,534,PT10M46.00S,4,1610612764,WAS,1642267,Carrington,B. Carrington,0,0,0,,0,93,78,171,v,Carrington Free Throw 2 of 2 (4 PTS),Free Throw,Free Throw 2 of 2,1,0,378,0012400007,2024-10-06
0012400007,535,PT10M32.00S,4,1610612761,TOR,1630186,Ramsey,J. Ramsey,-32,8,3,Missed,1,,,0,h,MISS Ramsey 3' Cutting Dunk Shot,Missed Shot,Cutting Dunk Shot,1,2,379,0012400007,2024-10-06
0012400007,535,PT10M32.00S,4,1610612764,WAS,1631116,Baldwin Jr.,P. Baldwin Jr.,0,0,0,,0,,,0,v,Baldwin Jr. BLOCK (1 BLK),,,1,2,380,0012400007,2024-10-06
0012400007,537,PT10M29.00S,4,1610612764,WAS,1631116,Baldwin Jr.,P. Baldwin Jr.,0,0,0,,0,,,0,v,Baldwin Jr. REBOUND (Off:2 Def:1),Rebound,Unknown,1,0,381,0012400007,2024-10-06
0012400007,538,PT10M22.00S,4,1610612764,WAS,1642267,Carrington,B. Carrington,37,35,5,Made,1,93,80,173,v,Carrington 5' Cutting Finger Roll Layup Shot (6 PTS) (Davis 1 AST),Made Shot,Cutting Finger Roll Layup Shot,1,2,382,0012400007,2024-10-06
0012400007,540,PT10M22.00S,4,1610612761,TOR,1628981,Fernando,B. Fernando,0,0,0,,0,,,0,h,Fernando S.FOUL (P3.T2) (M.Lindsay),Foul,Shooting,1,0,383,0012400007,2024-10-06
0012400007,542,PT10M22.00S,4,0,,1610612761,,,0,0,0,,0,,,0,h,RAPTORS Timeout: Regular (Full 4 Short 0),Timeout,Regular,0,0,384,0012400007,2024-10-06
0012400007,543,PT10M22.00S,4,1610612764,WAS,1642267,Carrington,B. Carrington,0,0,0,,0,93,81,174,v,Carrington Free Throw 1 of 1 (7 PTS),Free Throw,Free Throw 1 of 1,1,0,385,0012400007,2024-10-06
0012400007,544,PT10M05.00S,4,1610612761,TOR,1642419,Battle,J. Battle,-197,159,25,Made,1,96,81,177,h,Battle 25' 3PT Jump Shot (3 PTS) (Ramsey 1 AST),Made Shot,Jump Shot,1,3,386,0012400007,2024-10-06
0012400007,546,PT09M48.00S,4,1610612764,WAS,1631116,Baldwin Jr.,P. Baldwin Jr.,-107,257,28,Missed,1,,,0,v,MISS Baldwin Jr. 28' 3PT Jump Shot,Missed Shot,Jump Shot,1,3,387,0012400007,2024-10-06
0012400007,547,PT09M46.00S,4,1610612761,TOR,1628981,Fernando,B. Fernando,0,0,0,,0,,,0,h,Fernando REBOUND (Off:0 Def:3),Rebound,Unknown,1,0,388,0012400007,2024-10-06
0012400007,548,PT09M40.00S,4,1610612761,TOR,1628981,Fernando,B. Fernando,0,0,0,,0,,,0,h,Fernando Out of Bounds - Bad Pass Turnover Turnover (P1.T14),Turnover,Out of Bounds - Bad Pass Turnover,1,0,389,0012400007,2024-10-06
0012400007,549,PT09M21.00S,4,1610612764,WAS,1631116,Baldwin Jr.,P. Baldwin Jr.,-200,164,26,Missed,1,,,0,v,MISS Baldwin Jr. 26' 3PT Jump Shot,Missed Shot,Jump Shot,1,3,390,0012400007,2024-10-06
0012400007,550,PT09M19.00S,4,1610612761,TOR,1628981,Fernando,B. Fernando,0,0,0,,0,,,0,h,Fernando REBOUND (Off:0 Def:4),Rebound,Unknown,1,0,391,0012400007,2024-10-06
0012400007,551,PT09M02.00S,4,1610612761,TOR,1642419,Battle,J. Battle,-240,-13,24,Made,1,99,81,180,h,Battle 24' 3PT Jump Shot (6 PTS) (Carlson 1 AST),Made Shot,Jump Shot,1,3,392,0012400007,2024-10-06
0012400007,553,PT08M39.00S,4,1610612764,WAS,1642267,Carrington,B. Carrington,232,15,0,Missed,1,,,0,v,MISS Carrington 3PT Jump Shot,Missed Shot,Jump Shot,1,3,393,0012400007,2024-10-06
0012400007,554,PT08M36.00S,4,1610612761,TOR,1642382,Carlson,B. Carlson,0,0,0,,0,,,0,h,Carlson REBOUND (Off:0 Def:1),Rebound,Unknown,1,0,394,0012400007,2024-10-06
0012400007,555,PT08M31.00S,4,1610612761,TOR,1630618,Carton,D. Carton,0,0,0,,0,,,0,h,Carton Lost Ball Turnover (P1.T15),Turnover,Lost Ball,1,0,395,0012400007,2024-10-06
0012400007,555,PT08M31.00S,4,1610612764,WAS,1642273,George,K. George,0,0,0,,0,,,0,v,George STEAL (2 STL),,,1,0,396,0012400007,2024-10-06
0012400007,557,PT08M28.00S,4,1610612761,TOR,1642382,Carlson,B. Carlson,0,0,0,,0,,,0,h,Carlson S.FOUL (P1.T3) (J.Schroeder),Foul,Shooting,1,0,397,0012400007,2024-10-06
0012400007,559,PT08M28.00S,4,1610612764,WAS,1631116,Baldwin Jr.,P. Baldwin Jr.,0,0,0,,0,99,82,181,v,Baldwin Jr. Free Throw 1 of 2 (3 PTS),Free Throw,Free Throw 1 of 2,1,0,398,0012400007,2024-10-06
0012400007,560,PT08M28.00S,4,1610612761,TOR,1630186,Ramsey,J. Ramsey,0,0,0,,0,,,0,h,SUB: Rhoden FOR Ramsey,Substitution,,0,0,399,0012400007,2024-10-06
0012400007,561,PT08M28.00S,4,1610612764,WAS,1642267,Carrington,B. Carrington,0,0,0,,0,,,0,v,SUB: Vukcevic FOR Carrington,Substitution,,0,0,400,0012400007,2024-10-06
0012400007,562,PT08M28.00S,4,1610612764,WAS,1628963,Bagley III,M. Bagley III,0,0,0,,0,,,0,v,SUB: Butler FOR Bagley III,Substitution,,0,0,401,0012400007,2024-10-06
0012400007,566,PT08M28.00S,4,1610612764,WAS,1631116,Baldwin Jr.,P. Baldwin Jr.,0,0,0,,0,,,0,v,MISS Baldwin Jr. Free Throw 2 of 2,Free Throw,Free Throw 2 of 2,1,0,402,0012400007,2024-10-06
0012400007,567,PT08M25.00S,4,1610612761,TOR,1642382,Carlson,B. Carlson,0,0,0,,0,,,0,h,Carlson REBOUND (Off:0 Def:2),Rebound,Unknown,1,0,403,0012400007,2024-10-06
0012400007,568,PT08M11.00S,4,1610612761,TOR,1631197,Rhoden,J. Rhoden,33,47,6,Missed,1,,,0,h,MISS Rhoden 6' Driving Finger Roll Layup,Missed Shot,Driving Finger Roll Layup Shot,1,2,404,0012400007,2024-10-06
0012400007,568,PT08M11.00S,4,1610612764,WAS,1631116,Baldwin Jr.,P. Baldwin Jr.,0,0,0,,0,,,0,v,Baldwin Jr. BLOCK (2 BLK),,,1,2,405,0012400007,2024-10-06
0012400007,570,PT08M11.00S,4,0,,1610612761,,,0,0,0,,0,,,0,h,RAPTORS Rebound,Rebound,Unknown,0,0,406,0012400007,2024-10-06
0012400007,572,PT08M11.00S,4,1610612764,WAS,1631116,Baldwin Jr.,P. Baldwin Jr.,0,0,0,,0,,,0,v,SUB: Gill FOR Baldwin Jr.,Substitution,,0,0,407,0012400007,2024-10-06
0012400007,574,PT08M08.00S,4,1610612761,TOR,1631197,Rhoden,J. Rhoden,119,22,12,Made,1,101,82,183,h,Rhoden 12' Pullup Jump Shot (2 PTS) (Carton 2 AST),Made Shot,Pullup Jump shot,1,2,408,0012400007,2024-10-06
0012400007,576,PT07M55.00S,4,1610612764,WAS,1631098,Davis,J. Davis,0,0,0,,0,,,0,v,Davis Bad Pass Turnover (P1.T17),Turnover,Bad Pass,1,0,409,0012400007,2024-10-06
0012400007,576,PT07M55.00S,4,1610612761,TOR,1642419,Battle,J. Battle,0,0,0,,0,,,0,h,Battle STEAL (1 STL),,,1,0,410,0012400007,2024-10-06
0012400007,579,PT07M42.00S,4,1610612761,TOR,1642419,Battle,J. Battle,99,239,26,Missed,1,,,0,h,MISS Battle 26' 3PT Jump Shot,Missed Shot,Jump Shot,1,3,411,0012400007,2024-10-06
0012400007,580,PT07M40.00S,4,1610612761,TOR,1628981,Fernando,B. Fernando,0,0,0,,0,,,0,h,Fernando REBOUND (Off:1 Def:4),Rebound,Unknown,1,0,412,0012400007,2024-10-06
0012400007,581,PT07M38.00S,4,1610612761,TOR,1628981,Fernando,B. Fernando,-18,29,3,Missed,1,,,0,h,MISS Fernando 3' Hook Shot,Missed Shot,Hook Shot,1,2,413,0012400007,2024-10-06
0012400007,582,PT07M31.00S,4,1610612761,TOR,1628981,Fernando,B. Fernando,0,0,0,,0,,,0,h,Fernando REBOUND (Off:2 Def:4),Rebound,Unknown,1,0,414,0012400007,2024-10-06
0012400007,583,PT07M31.00S,4,1610612761,TOR,1628981,Fernando,B. Fernando,0,0,0,Made,1,103,82,185,h,Fernando Tip Layup Shot (2 PTS),Made Shot,Tip Layup Shot,1,2,415,0012400007,2024-10-06
0012400007,584,PT07M30.00S,4,1610612761,TOR,1631197,Rhoden,J. Rhoden,0,0,0,,0,,,0,h,Rhoden P.FOUL (P1.T4) (M.Lindsay),Foul,Personal,1,0,416,0012400007,2024-10-06
0012400007,586,PT07M30.00S,4,1610612764,WAS,1642273,George,K. George,0,0,0,,0,,,0,v,SUB: Champagnie FOR George,Substitution,,0,0,417,0012400007,2024-10-06
0012400007,588,PT07M24.00S,4,1610612764,WAS,1630215,Butler,J. Butler,-26,15,3,Missed,1,,,0,v,MISS Butler 3' Finger Roll Layup,Missed Shot,Finger Roll Layup Shot,1,2,418,0012400007,2024-10-06
0012400007,589,PT07M22.00S,4,1610612761,TOR,1628981,Fernando,B. Fernando,0,0,0,,0,,,0,h,Fernando REBOUND (Off:2 Def:5),Rebound,Unknown,1,0,419,0012400007,2024-10-06
0012400007,590,PT07M09.00S,4,1610612761,TOR,1642419,Battle,J. Battle,-1,-1,0,Made,1,105,82,187,h,Battle Cutting Layup Shot (8 PTS) (Fernando 1 AST),Made Shot,Cutting Layup Shot,1,2,420,0012400007,2024-10-06
0012400007,592,PT06M56.00S,4,1610612764,WAS,1630551,Champagnie,J. Champagnie,0,0,0,,0,,,0,v,Champagnie Bad Pass Turnover (P1.T18),Turnover,Bad Pass,1,0,421,0012400007,2024-10-06
0012400007,592,PT06M56.00S,4,1610612761,TOR,1642382,Carlson,B. Carlson,0,0,0,,0,,,0,h,Carlson STEAL (1 STL),,,1,0,422,0012400007,2024-10-06
0012400007,594,PT06M52.00S,4,1610612761,TOR,1631197,Rhoden,J. Rhoden,-2,-1,0,Made,1,107,82,189,h,Rhoden Running Finger Roll Layup (4 PTS) (Carlson 2 AST),Made Shot,Running Finger Roll Layup Shot,1,2,423,0012400007,2024-10-06
0012400007,596,PT06M52.00S,4,0,,1610612764,,,0,0,0,,0,,,0,v,Wizards Timeout: Regular (Reg.6 Short 0),Timeout,Regular,0,0,424,0012400007,2024-10-06
0012400007,598,PT06M30.00S,4,1610612764,WAS,1630215,Butler,J. Butler,146,43,15,Missed,1,,,0,v,MISS Butler 15' Driving Floating Bank Jump Shot,Missed Shot,Driving Floating Bank Jump Shot,1,2,425,0012400007,2024-10-06
0012400007,599,PT06M28.00S,4,1610612761,TOR,1631197,Rhoden,J. Rhoden,0,0,0,,0,,,0,h,Rhoden REBOUND (Off:0 Def:1),Rebound,Unknown,1,0,426,0012400007,2024-10-06
0012400007,600,PT06M20.00S,4,1610612761,TOR,1628981,Fernando,B. Fernando,6,5,1,Made,1,109,82,191,h,Fernando 1' Alley Oop Layup (4 PTS) (Carton 3 AST),Made Shot,Alley Oop Layup shot,1,2,427,0012400007,2024-10-06
0012400007,602,PT06M07.00S,4,1610612764,WAS,1641774,Vukcevic,T. Vukcevic,0,0,0,,0,,,0,v,Vukcevic Lost Ball Turnover (P1.T19),Turnover,Lost Ball,1,0,428,0012400007,2024-10-06
0012400007,602,PT06M07.00S,4,1610612761,TOR,1630618,Carton,D. Carton,0,0,0,,0,,,0,h,Carton STEAL (1 STL),,,1,0,429,0012400007,2024-10-06
0012400007,604,PT06M02.00S,4,1610612761,TOR,1630618,Carton,D. Carton,131,211,25,Missed,1,,,0,h,MISS Carton 25' 3PT Running Jump Shot,Missed Shot,Running Jump Shot,1,3,430,0012400007,2024-10-06
0012400007,605,PT05M59.00S,4,1610612764,WAS,1631098,Davis,J. Davis,0,0,0,,0,,,0,v,Davis REBOUND (Off:1 Def:1),Rebound,Unknown,1,0,431,0012400007,2024-10-06
0012400007,606,PT05M55.00S,4,1610612761,TOR,1631197,Rhoden,J. Rhoden,0,0,0,,0,,,0,h,Rhoden P.FOUL (P2.PN) (R.Hussey),Foul,Personal,1,0,432,0012400007,2024-10-06
0012400007,608,PT05M55.00S,4,1610612764,WAS,1631098,Davis,J. Davis,0,0,0,,0,,,0,v,MISS Davis Free Throw 1 of 2,Free Throw,Free Throw 1 of 2,1,0,433,0012400007,2024-10-06
0012400007,609,PT05M55.00S,4,0,,1610612764,,,0,0,0,,0,,,0,v,Wizards Rebound,Rebound,Normal Rebound,0,0,434,0012400007,2024-10-06
0012400007,610,PT05M55.00S,4,1610612761,TOR,1628981,Fernando,B. Fernando,0,0,0,,0,,,0,h,SUB: Chomche FOR Fernando,Substitution,,0,0,435,0012400007,2024-10-06
0012400007,612,PT05M55.00S,4,1610612764,WAS,1631098,Davis,J. Davis,0,0,0,,0,,,0,v,MISS Davis Free Throw 2 of 2,Free Throw,Free Throw 2 of 2,1,0,436,0012400007,2024-10-06
0012400007,613,PT05M52.00S,4,1610612761,TOR,1631197,Rhoden,J. Rhoden,0,0,0,,0,,,0,h,Rhoden REBOUND (Off:0 Def:2),Rebound,Unknown,1,0,437,0012400007,2024-10-06
0012400007,614,PT05M37.00S,4,1610612761,TOR,1630618,Carton,D. Carton,-31,-3,3,Made,1,111,82,193,h,Carton 3' Driving Finger Roll Layup (4 PTS) (Chomche 1 AST),Made Shot,Driving Finger Roll Layup Shot,1,2,438,0012400007,2024-10-06
0012400007,616,PT05M26.00S,4,1610612761,TOR,1642279,Chomche,U. Chomche,0,0,0,,0,,,0,h,Chomche S.FOUL (P1.PN) (M.Lindsay),Foul,Shooting,1,0,439,0012400007,2024-10-06
0012400007,618,PT05M26.00S,4,1610612764,WAS,1631098,Davis,J. Davis,0,0,0,,0,111,83,194,v,Davis Free Throw 1 of 2 (6 PTS),Free Throw,Free Throw 1 of 2,1,0,440,0012400007,2024-10-06
0012400007,619,PT05M26.00S,4,1610612764,WAS,1631098,Davis,J. Davis,0,0,0,,0,,,0,v,MISS Davis Free Throw 2 of 2,Free Throw,Free Throw 2 of 2,1,0,441,0012400007,2024-10-06
0012400007,620,PT05M25.00S,4,1610612761,TOR,1631197,Rhoden,J. Rhoden,0,0,0,,0,,,0,h,Rhoden REBOUND (Off:0 Def:3),Rebound,Unknown,1,0,442,0012400007,2024-10-06
0012400007,621,PT05M15.00S,4,1610612761,TOR,1642279,Chomche,U. Chomche,0,0,0,,0,,,0,h,Chomche Out of Bounds - Bad Pass Turnover Turnover (P1.T16),Turnover,Out of Bounds - Bad Pass Turnover,1,0,443,0012400007,2024-10-06
0012400007,623,PT04M58.00S,4,0,,1610612761,,,0,0,0,,0,,,0,h,RAPTORS Timeout: Regular (Full 5 Short 0),Timeout,Regular,0,0,444,0012400007,2024-10-06
0012400007,624,PT04M53.00S,4,1610612764,WAS,1630264,Gill,A. Gill,-11,74,7,Missed,1,,,0,v,MISS Gill 7' Hook Shot,Missed Shot,Hook Shot,1,2,445,0012400007,2024-10-06
0012400007,625,PT04M49.00S,4,1610612761,TOR,1642279,Chomche,U. Chomche,0,0,0,,0,,,0,h,Chomche REBOUND (Off:0 Def:1),Rebound,Unknown,1,0,446,0012400007,2024-10-06
0012400007,626,PT04M40.00S,4,1610612761,TOR,1630618,Carton,D. Carton,-17,67,7,Missed,1,,,0,h,MISS Carton 7' Driving Hook Shot,Missed Shot,Driving Hook Shot,1,2,447,0012400007,2024-10-06
0012400007,627,PT04M35.00S,4,1610612761,TOR,1642279,Chomche,U. Chomche,0,0,0,,0,,,0,h,Chomche REBOUND (Off:1 Def:1),Rebound,Unknown,1,0,448,0012400007,2024-10-06
0012400007,628,PT04M35.00S,4,1610612761,TOR,1642279,Chomche,U. Chomche,0,0,0,Made,1,113,83,196,h,Chomche Tip Dunk Shot (2 PTS),Made Shot,Tip Dunk Shot,1,2,449,0012400007,2024-10-06
0012400007,629,PT04M28.00S,4,1610612764,WAS,1631098,Davis,J. Davis,26,73,8,Missed,1,,,0,v,MISS Davis 8' Driving Hook Shot,Missed Shot,Driving Hook Shot,1,2,450,0012400007,2024-10-06
0012400007,630,PT04M26.00S,4,1610612761,TOR,1642382,Carlson,B. Carlson,0,0,0,,0,,,0,h,Carlson REBOUND (Off:0 Def:3),Rebound,Unknown,1,0,451,0012400007,2024-10-06
0012400007,631,PT04M19.00S,4,1610612764,WAS,1631098,Davis,J. Davis,0,0,0,,0,,,0,v,Davis S.FOUL (P1.T1) (M.Lindsay),Foul,Shooting,1,0,452,0012400007,2024-10-06
0012400007,634,PT04M19.00S,4,1610612761,TOR,1642382,Carlson,B. Carlson,0,0,0,,0,114,83,197,h,Carlson Free Throw 1 of 2 (1 PTS),Free Throw,Free Throw 1 of 2,1,0,453,0012400007,2024-10-06
0012400007,635,PT04M19.00S,4,1610612761,TOR,1642382,Carlson,B. Carlson,0,0,0,,0,115,83,198,h,Carlson Free Throw 2 of 2 (2 PTS),Free Throw,Free Throw 2 of 2,1,0,454,0012400007,2024-10-06
0012400007,636,PT03M57.00S,4,1610612764,WAS,1641774,Vukcevic,T. Vukcevic,-5,22,2,Made,1,115,85,200,v,Vukcevic 2' Cutting Layup Shot (2 PTS) (Butler 1 AST),Made Shot,Cutting Layup Shot,1,2,455,0012400007,2024-10-06
0012400007,638,PT03M57.00S,4,1610612761,TOR,1642279,Chomche,U. Chomche,0,0,0,,0,,,0,h,Chomche S.FOUL (P2.PN) (R.Hussey),Foul,Shooting,1,0,456,0012400007,2024-10-06
0012400007,640,PT03M57.00S,4,1610612764,WAS,1641774,Vukcevic,T. Vukcevic,0,0,0,,0,115,86,201,v,Vukcevic Free Throw 1 of 1 (3 PTS),Free Throw,Free Throw 1 of 1,1,0,457,0012400007,2024-10-06
0012400007,641,PT03M45.00S,4,1610612761,TOR,1642279,Chomche,U. Chomche,0,0,0,,0,,,0,h,Chomche OFF.Foul (P3) (J.Schroeder),Foul,Offensive,1,0,458,0012400007,2024-10-06
0012400007,643,PT03M45.00S,4,1610612761,TOR,1642279,Chomche,U. Chomche,0,0,0,,0,,,0,h,Chomche Offensive Foul Turnover (P2.T17),Turnover,Offensive Foul Turnover,1,0,459,0012400007,2024-10-06
0012400007,644,PT03M33.00S,4,1610612764,WAS,1641774,Vukcevic,T. Vukcevic,0,22,2,Made,1,115,88,203,v,Vukcevic 2' Cutting Dunk Shot (5 PTS) (Butler 2 AST),Made Shot,Cutting Dunk Shot,1,2,460,0012400007,2024-10-06
0012400007,646,PT03M17.00S,4,1610612761,TOR,1631197,Rhoden,J. Rhoden,55,155,16,Made,1,117,88,205,h,Rhoden 16' Pullup Jump Shot (6 PTS) (Chomche 2 AST),Made Shot,Pullup Jump shot,1,2,461,0012400007,2024-10-06
0012400007,648,PT03M00.00S,4,1610612764,WAS,1630215,Butler,J. Butler,-22,13,3,Missed,1,,,0,v,MISS Butler 3' Driving Reverse Layup,Missed Shot,Driving Reverse Layup Shot,1,2,462,0012400007,2024-10-06
0012400007,649,PT02M57.00S,4,1610612761,TOR,1642382,Carlson,B. Carlson,0,0,0,,0,,,0,h,Carlson REBOUND (Off:0 Def:4),Rebound,Unknown,1,0,463,0012400007,2024-10-06
0012400007,650,PT02M50.00S,4,1610612761,TOR,1642382,Carlson,B. Carlson,-154,243,29,Missed,1,,,0,h,MISS Carlson 29' 3PT Jump Shot,Missed Shot,Jump Shot,1,3,464,0012400007,2024-10-06
0012400007,651,PT02M47.00S,4,1610612761,TOR,1642419,Battle,J. Battle,0,0,0,,0,,,0,h,Battle REBOUND (Off:1 Def:0),Rebound,Unknown,1,0,465,0012400007,2024-10-06
0012400007,652,PT02M46.00S,4,1610612761,TOR,1642419,Battle,J. Battle,0,0,0,Made,1,119,88,207,h,Battle Putback Layup (10 PTS),Made Shot,Putback Layup Shot,1,2,466,0012400007,2024-10-06
0012400007,653,PT02M42.00S,4,0,,1610612764,,,0,0,0,,0,,,0,v,Wizards Timeout: Regular (Reg.7 Short 0),Timeout,Regular,0,0,467,0012400007,2024-10-06
0012400007,654,PT02M42.00S,4,1610612761,TOR,1631197,Rhoden,J. Rhoden,0,0,0,,0,,,0,h,Rhoden AWAY.FROM.PLAY.FOUL (P3.PN) (J.Schroeder),Foul,Away From Play,0,0,468,0012400007,2024-10-06
0012400007,656,PT02M42.00S,4,1610612764,WAS,1630264,Gill,A. Gill,0,0,0,,0,,,0,v,MISS Gill Free Throw 1 of 1,Free Throw,Free Throw 1 of 1,1,0,469,0012400007,2024-10-06
0012400007,657,PT02M42.00S,4,0,,1610612764,,,0,0,0,,0,,,0,v,Wizards Rebound,Rebound,Unknown,1,0,470,0012400007,2024-10-06
0012400007,658,PT02M34.00S,4,1610612761,TOR,1642279,Chomche,U. Chomche,0,0,0,,0,,,0,h,Chomche S.FOUL (P4.PN) (M.Lindsay),Foul,Shooting,1,0,471,0012400007,2024-10-06
0012400007,660,PT02M34.00S,4,1610612764,WAS,1631098,Davis,J. Davis,0,0,0,,0,,,0,v,MISS Davis Free Throw 1 of 2,Free Throw,Free Throw 1 of 2,1,0,472,0012400007,2024-10-06
0012400007,661,PT02M34.00S,4,0,,1610612764,,,0,0,0,,0,,,0,v,Wizards Rebound,Rebound,Normal Rebound,0,0,473,0012400007,2024-10-06
0012400007,662,PT02M34.00S,4,1610612764,WAS,1631098,Davis,J. Davis,0,0,0,,0,,,0,v,MISS Davis Free Throw 2 of 2,Free Throw,Free Throw 2 of 2,1,0,474,0012400007,2024-10-06
0012400007,663,PT02M32.00S,4,1610612761,TOR,1642382,Carlson,B. Carlson,0,0,0,,0,,,0,h,Carlson REBOUND (Off:0 Def:5),Rebound,Unknown,1,0,475,0012400007,2024-10-06
0012400007,664,PT02M14.00S,4,1610612761,TOR,1642279,Chomche,U. Chomche,0,0,0,,0,,,0,h,Chomche Bad Pass Turnover (P3.T18),Turnover,Bad Pass,1,0,476,0012400007,2024-10-06
0012400007,664,PT02M14.00S,4,1610612764,WAS,1630215,Butler,J. Butler,0,0,0,,0,,,0,v,Butler STEAL (1 STL),,,1,0,477,0012400007,2024-10-06
0012400007,667,PT02M06.00S,4,1610612764,WAS,1641774,Vukcevic,T. Vukcevic,-126,10,13,Made,1,119,90,209,v,Vukcevic 13' Turnaround Fadeaway (7 PTS),Made Shot,Turnaround Fadeaway shot,1,2,478,0012400007,2024-10-06
0012400007,668,PT02M06.00S,4,1610612761,TOR,1642382,Carlson,B. Carlson,0,0,0,,0,,,0,h,Carlson Violation:Defensive Goaltending (R.Hussey),Violation,Defensive Goaltending,1,0,479,0012400007,2024-10-06
0012400007,669,PT01M46.00S,4,1610612761,TOR,1630618,Carton,D. Carton,-138,226,26,Made,1,122,90,212,h,Carton 26' 3PT Step Back Jump Shot (7 PTS),Made Shot,Step Back Jump shot,1,3,480,0012400007,2024-10-06
0012400007,670,PT01M37.00S,4,1610612761,TOR,1642382,Carlson,B. Carlson,0,0,0,,0,,,0,h,Carlson S.FOUL (P2.PN) (M.Lindsay),Foul,Shooting,1,0,481,0012400007,2024-10-06
0012400007,672,PT01M37.00S,4,1610612764,WAS,1631098,Davis,J. Davis,0,0,0,,0,122,91,213,v,Davis Free Throw 1 of 2 (7 PTS),Free Throw,Free Throw 1 of 2,1,0,482,0012400007,2024-10-06
0012400007,673,PT01M37.00S,4,1610612764,WAS,1631098,Davis,J. Davis,0,0,0,,0,122,92,214,v,Davis Free Throw 2 of 2 (8 PTS),Free Throw,Free Throw 2 of 2,1,0,483,0012400007,2024-10-06
0012400007,675,PT01M14.00S,4,1610612761,TOR,1642382,Carlson,B. Carlson,153,228,27,Made,1,125,92,217,h,Carlson 27' 3PT Jump Shot (5 PTS) (Rhoden 1 AST),Made Shot,Jump Shot,1,3,484,0012400007,2024-10-06
0012400007,677,PT00M56.10S,4,1610612764,WAS,1630215,Butler,J. Butler,1,25,3,Made,1,125,94,219,v,Butler 3' Driving Finger Roll Layup (2 PTS),Made Shot,Driving Finger Roll Layup Shot,1,2,485,0012400007,2024-10-06
0012400007,678,PT00M56.10S,4,1610612761,TOR,1642419,Battle,J. Battle,0,0,0,,0,,,0,h,Battle S.FOUL (P1.PN) (M.Lindsay),Foul,Shooting,1,0,486,0012400007,2024-10-06
0012400007,680,PT00M56.10S,4,1610612764,WAS,1630215,Butler,J. Butler,0,0,0,,0,125,95,220,v,Butler Free Throw 1 of 1 (3 PTS),Free Throw,Free Throw 1 of 1,1,0,487,0012400007,2024-10-06
0012400007,681,PT00M32.60S,4,1610612761,TOR,1642382,Carlson,B. Carlson,224,-16,0,Missed,1,,,0,h,MISS Carlson 3PT Jump Shot,Missed Shot,Jump Shot,1,3,488,0012400007,2024-10-06
0012400007,682,PT00M30.60S,4,1610612764,WAS,1641774,Vukcevic,T. Vukcevic,0,0,0,,0,,,0,v,Vukcevic REBOUND (Off:0 Def:1),Rebound,Unknown,1,0,489,0012400007,2024-10-06
0012400007,683,PT00M20.70S,4,1610612764,WAS,1641774,Vukcevic,T. Vukcevic,76,255,27,Made,1,125,98,223,v,Vukcevic 27' 3PT Jump Shot (10 PTS) (Gill 1 AST),Made Shot,Jump Shot,1,3,490,0012400007,2024-10-06
0012400007,685,PT00M00.00S,4,0,,0,,,0,0,0,,0,125,98,223,,End of 4th Period (10:03 PM EST),period,end,1,0,491,0012400007,2024-10-06
0012400008,2,PT12M00.00S,1,0,,0,,,0,0,0,,0,0,0,0,,Start of 1st Period (8:11 PM EST),period,start,0,0,1,0012400008,2024-10-06
0012400008,4,PT12M00.00S,1,1610612765,DET,1631105,Duren,J. Duren,0,0,0,,0,,,0,h, ,Jump Ball,,1,0,2,0012400008,2024-10-06
0012400008,7,PT11M54.00S,1,1610612765,DET,1631093,Ivey,J. Ivey,233,46,24,Made,1,3,0,3,h,Ivey 24' 3PT Jump Shot (3 PTS) (Fontecchio 1 AST),Made Shot,Jump Shot,1,3,3,0012400008,2024-10-06
0012400008,10,PT11M30.00S,1,1610612749,MIL,203081,Lillard,D. Lillard,168,181,25,Made,1,3,3,6,v,Lillard 25' 3PT Jump Shot (3 PTS) (Connaughton 1 AST),Made Shot,Jump Shot,1,3,4,0012400008,2024-10-06
0012400008,12,PT11M09.00S,1,1610612765,DET,1630595,Cunningham,C. Cunningham,0,0,0,,0,,,0,h,Cunningham Bad Pass Turnover (P1.T1),Turnover,Bad Pass,1,0,5,0012400008,2024-10-06
0012400008,12,PT11M09.00S,1,1610612749,MIL,203081,Lillard,D. Lillard,0,0,0,,0,,,0,v,Lillard STEAL (1 STL),,,1,0,6,0012400008,2024-10-06
0012400008,15,PT11M00.00S,1,1610612749,MIL,1626192,Connaughton,P. Connaughton,229,-6,0,Missed,1,,,0,v,MISS Connaughton 3PT Jump Shot,Missed Shot,Jump Shot,1,3,7,0012400008,2024-10-06
0012400008,16,PT10M57.00S,1,1610612765,DET,203501,Hardaway Jr.,T. Hardaway Jr.,0,0,0,,0,,,0,h,Hardaway Jr. REBOUND (Off:0 Def:1),Rebound,Unknown,1,0,8,0012400008,2024-10-06
0012400008,17,PT10M48.00S,1,1610612765,DET,203501,Hardaway Jr.,T. Hardaway Jr.,0,0,0,,0,,,0,h,Hardaway Jr. Bad Pass Turnover (P1.T2),Turnover,Bad Pass,1,0,9,0012400008,2024-10-06
0012400008,17,PT10M48.00S,1,1610612749,MIL,201572,Lopez,B. Lopez,0,0,0,,0,,,0,v,Lopez STEAL (1 STL),,,1,0,10,0012400008,2024-10-06
0012400008,19,PT10M44.00S,1,1610612749,MIL,1629018,Trent Jr.,G. Trent Jr.,-195,189,27,Made,1,3,6,9,v,Trent Jr. 27' 3PT Running Jump Shot (3 PTS) (Lillard 1 AST),Made Shot,Running Jump Shot,1,3,11,0012400008,2024-10-06
0012400008,22,PT10M24.00S,1,1610612749,MIL,1629018,Trent Jr.,G. Trent Jr.,0,0,0,,0,,,0,v,Trent Jr. L.B.FOUL (P1.T1) (T.Brothers),Foul,Loose Ball,1,0,12,0012400008,2024-10-06
0012400008,24,PT10M18.00S,1,1610612765,DET,1630595,Cunningham,C. Cunningham,-53,208,21,Missed,1,,,0,h,MISS Cunningham 21' Pullup Jump Shot,Missed Shot,Pullup Jump shot,1,2,13,0012400008,2024-10-06
0012400008,25,PT10M17.00S,1,1610612749,MIL,201572,Lopez,B. Lopez,0,0,0,,0,,,0,v,Lopez REBOUND (Off:0 Def:1),Rebound,Unknown,1,0,14,0012400008,2024-10-06
0012400008,26,PT10M07.00S,1,1610612749,MIL,201572,Lopez,B. Lopez,80,230,24,Made,1,3,9,12,v,Lopez 24' 3PT Jump Shot (3 PTS) (Lillard 2 AST),Made Shot,Jump Shot,1,3,15,0012400008,2024-10-06
0012400008,28,PT09M53.00S,1,1610612765,DET,1631105,Duren,J. Duren,-11,48,5,Missed,1,,,0,h,MISS Duren 5' Layup,Missed Shot,Layup Shot,1,2,16,0012400008,2024-10-06
0012400008,28,PT09M53.00S,1,1610612749,MIL,201572,Lopez,B. Lopez,0,0,0,,0,,,0,v,Lopez BLOCK (1 BLK),,,1,2,17,0012400008,2024-10-06
0012400008,30,PT09M51.00S,1,1610612749,MIL,1627752,Prince,T. Prince,0,0,0,,0,,,0,v,Prince REBOUND (Off:0 Def:1),Rebound,Unknown,1,0,18,0012400008,2024-10-06
0012400008,31,PT09M39.00S,1,1610612749,MIL,203081,Lillard,D. Lillard,123,211,24,Made,1,3,12,15,v,Lillard 24' 3PT Step Back Jump Shot (6 PTS),Made Shot,Step Back Jump shot,1,3,19,0012400008,2024-10-06
0012400008,32,PT09M24.00S,1,1610612749,MIL,201572,Lopez,B. Lopez,0,0,0,,0,,,0,v,Lopez S.FOUL (P1.T2) (B.Haskill),Foul,Shooting,1,0,20,0012400008,2024-10-06
0012400008,34,PT09M24.00S,1,1610612765,DET,1631093,Ivey,J. Ivey,0,0,0,,0,,,0,h,MISS Ivey Free Throw 1 of 2,Free Throw,Free Throw 1 of 2,1,0,21,0012400008,2024-10-06
0012400008,35,PT09M24.00S,1,0,,1610612765,,,0,0,0,,0,,,0,h,PISTONS Rebound,Rebound,Normal Rebound,1,0,22,0012400008,2024-10-06
0012400008,36,PT09M24.00S,1,1610612765,DET,1631093,Ivey,J. Ivey,0,0,0,,0,,,0,h,MISS Ivey Free Throw 2 of 2,Free Throw,Free Throw 2 of 2,1,0,23,0012400008,2024-10-06
0012400008,37,PT09M21.00S,1,1610612749,MIL,1626192,Connaughton,P. Connaughton,0,0,0,,0,,,0,v,Connaughton REBOUND (Off:0 Def:1),Rebound,Unknown,1,0,24,0012400008,2024-10-06
0012400008,38,PT09M14.00S,1,1610612749,MIL,203081,Lillard,D. Lillard,134,225,26,Made,1,3,15,18,v,Lillard 26' 3PT Pullup Jump Shot (9 PTS),Made Shot,Pullup Jump shot,1,3,25,0012400008,2024-10-06
0012400008,39,PT09M12.00S,1,0,,1610612765,,,0,0,0,,0,,,0,h,PISTONS Timeout: Regular (Full 1 Short 0),Timeout,Regular,0,0,26,0012400008,2024-10-06
0012400008,40,PT08M58.00S,1,1610612765,DET,1630595,Cunningham,C. Cunningham,32,89,9,Missed,1,,,0,h,MISS Cunningham 9' Step Back Jump Shot,Missed Shot,Step Back Jump shot,1,2,27,0012400008,2024-10-06
0012400008,41,PT08M56.00S,1,1610612749,MIL,1627752,Prince,T. Prince,0,0,0,,0,,,0,v,Prince REBOUND (Off:0 Def:2),Rebound,Unknown,1,0,28,0012400008,2024-10-06
0012400008,42,PT08M45.00S,1,1610612749,MIL,201572,Lopez,B. Lopez,13,1,1,Made,1,3,17,20,v,Lopez 1' Cutting Layup Shot (5 PTS) (Lillard 3 AST),Made Shot,Cutting Layup Shot,1,2,29,0012400008,2024-10-06
0012400008,44,PT08M38.00S,1,1610612765,DET,203501,Hardaway Jr.,T. Hardaway Jr.,-223,94,24,Missed,1,,,0,h,MISS Hardaway Jr. 24' 3PT Jump Shot,Missed Shot,Jump Shot,1,3,30,0012400008,2024-10-06
0012400008,44,PT08M38.00S,1,1610612749,MIL,1627752,Prince,T. Prince,0,0,0,,0,,,0,v,Prince BLOCK (1 BLK),,,1,3,31,0012400008,2024-10-06
0012400008,46,PT08M35.00S,1,1610612749,MIL,1626192,Connaughton,P. Connaughton,0,0,0,,0,,,0,v,Connaughton REBOUND (Off:0 Def:2),Rebound,Unknown,1,0,32,0012400008,2024-10-06
0012400008,47,PT08M25.00S,1,1610612749,MIL,201572,Lopez,B. Lopez,-127,226,26,Made,1,3,20,23,v,Lopez 26' 3PT Jump Shot (8 PTS) (Prince 1 AST),Made Shot,Jump Shot,1,3,33,0012400008,2024-10-06
0012400008,49,PT08M06.00S,1,1610612765,DET,1631105,Duren,J. Duren,20,50,5,Missed,1,,,0,h,MISS Duren 5' Layup,Missed Shot,Layup Shot,1,2,34,0012400008,2024-10-06
0012400008,49,PT08M06.00S,1,1610612749,MIL,201572,Lopez,B. Lopez,0,0,0,,0,,,0,v,Lopez BLOCK (2 BLK),,,1,2,35,0012400008,2024-10-06
0012400008,51,PT08M05.00S,1,0,,1610612765,,,0,0,0,,0,,,0,h,PISTONS Rebound,Rebound,Unknown,1,0,36,0012400008,2024-10-06
0012400008,53,PT08M05.00S,1,1610612765,DET,1631093,Ivey,J. Ivey,0,0,0,,0,,,0,h,SUB: Beasley FOR Ivey,Substitution,,0,0,37,0012400008,2024-10-06
0012400008,55,PT07M57.00S,1,1610612765,DET,1630595,Cunningham,C. Cunningham,-152,224,27,Made,1,6,20,26,h,Cunningham 27' 3PT Pullup Jump Shot (3 PTS),Made Shot,Pullup Jump shot,1,3,38,0012400008,2024-10-06
0012400008,56,PT07M30.00S,1,1610612749,MIL,1629018,Trent Jr.,G. Trent Jr.,-47,46,7,Made,1,6,22,28,v,Trent Jr. 7' Driving Floating Jump Shot (5 PTS),Made Shot,Driving Floating Jump Shot,1,2,39,0012400008,2024-10-06
0012400008,57,PT07M15.00S,1,1610612765,DET,1627736,Beasley,M. Beasley,29,273,27,Missed,1,,,0,h,MISS Beasley 27' 3PT Jump Shot,Missed Shot,Jump Shot,1,3,40,0012400008,2024-10-06
0012400008,58,PT07M12.00S,1,1610612749,MIL,201572,Lopez,B. Lopez,0,0,0,,0,,,0,v,Lopez REBOUND (Off:0 Def:2),Rebound,Unknown,1,0,41,0012400008,2024-10-06
0012400008,59,PT07M05.00S,1,1610612749,MIL,203081,Lillard,D. Lillard,-102,0,10,Missed,1,,,0,v,MISS Lillard 10' Fadeaway Jumper,Missed Shot,Fadeaway Jump Shot,1,2,42,0012400008,2024-10-06
0012400008,60,PT07M02.00S,1,1610612749,MIL,1627752,Prince,T. Prince,0,0,0,,0,,,0,v,Prince REBOUND (Off:1 Def:2),Rebound,Unknown,1,0,43,0012400008,2024-10-06
0012400008,61,PT07M01.00S,1,1610612749,MIL,1627752,Prince,T. Prince,0,0,0,Made,1,6,24,30,v,Prince Tip Layup Shot (2 PTS),Made Shot,Tip Layup Shot,1,2,44,0012400008,2024-10-06
0012400008,63,PT06M51.00S,1,0,,1610612749,,,0,0,0,,0,,,0,v,Bucks Timeout: Regular (Reg.1 Short 0),Timeout,Regular,0,0,45,0012400008,2024-10-06
0012400008,64,PT06M51.00S,1,1610612765,DET,1631105,Duren,J. Duren,0,0,0,,0,,,0,h,SUB: Holland II FOR Duren,Substitution,,0,0,46,0012400008,2024-10-06
0012400008,65,PT06M51.00S,1,1610612765,DET,1631323,Fontecchio,S. Fontecchio,0,0,0,,0,,,0,h,SUB: Stewart FOR Fontecchio,Substitution,,0,0,47,0012400008,2024-10-06
0012400008,66,PT06M51.00S,1,1610612749,MIL,1627752,Prince,T. Prince,0,0,0,,0,,,0,v,SUB: Portis FOR Prince,Substitution,,0,0,48,0012400008,2024-10-06
0012400008,71,PT06M36.00S,1,1610612765,DET,1630595,Cunningham,C. Cunningham,141,239,28,Missed,1,,,0,h,MISS Cunningham 28' 3PT Jump Shot,Missed Shot,Jump Shot,1,3,49,0012400008,2024-10-06
0012400008,72,PT06M32.00S,1,1610612765,DET,1641842,Holland II,R. Holland II,0,0,0,,0,,,0,h,Holland II REBOUND (Off:1 Def:0),Rebound,Unknown,1,0,50,0012400008,2024-10-06
0012400008,73,PT06M24.00S,1,1610612765,DET,203501,Hardaway Jr.,T. Hardaway Jr.,134,230,27,Missed,1,,,0,h,MISS Hardaway Jr. 27' 3PT Pullup Jump Shot,Missed Shot,Pullup Jump shot,1,3,51,0012400008,2024-10-06
0012400008,74,PT06M22.00S,1,1610612765,DET,1630595,Cunningham,C. Cunningham,0,0,0,,0,,,0,h,Cunningham REBOUND (Off:1 Def:0),Rebound,Unknown,1,0,52,0012400008,2024-10-06
0012400008,75,PT06M18.00S,1,1610612765,DET,1627736,Beasley,M. Beasley,-190,173,26,Made,1,9,24,33,h,Beasley 26' 3PT Jump Shot (3 PTS) (Cunningham 1 AST),Made Shot,Jump Shot,1,3,53,0012400008,2024-10-06
0012400008,77,PT06M00.00S,1,1610612749,MIL,201572,Lopez,B. Lopez,-53,267,27,Missed,1,,,0,v,MISS Lopez 27' 3PT Jump Shot,Missed Shot,Jump Shot,1,3,54,0012400008,2024-10-06
0012400008,78,PT05M54.00S,1,1610612765,DET,203501,Hardaway Jr.,T. Hardaway Jr.,0,0,0,,0,,,0,h,Hardaway Jr. REBOUND (Off:0 Def:2),Rebound,Unknown,1,0,55,0012400008,2024-10-06
0012400008,79,PT05M49.00S,1,1610612765,DET,1627736,Beasley,M. Beasley,-221,40,0,Made,1,12,24,36,h,Beasley 3PT Running Jump Shot (6 PTS) (Holland II 1 AST),Made Shot,Running Jump Shot,1,3,56,0012400008,2024-10-06
0012400008,81,PT05M32.00S,1,1610612749,MIL,203081,Lillard,D. Lillard,-40,167,17,Made,1,12,26,38,v,Lillard 17' Pullup Jump Shot (11 PTS),Made Shot,Pullup Jump shot,1,2,57,0012400008,2024-10-06
0012400008,82,PT05M19.00S,1,1610612749,MIL,1626171,Portis,B. Portis,0,0,0,,0,,,0,v,Portis S.FOUL (P1.T3) (A.Nagy),Foul,Shooting,1,0,58,0012400008,2024-10-06
0012400008,84,PT05M19.00S,1,1610612765,DET,1630191,Stewart,I. Stewart,0,0,0,,0,13,26,39,h,Stewart Free Throw 1 of 2 (1 PTS),Free Throw,Free Throw 1 of 2,1,0,59,0012400008,2024-10-06
0012400008,85,PT05M19.00S,1,1610612749,MIL,201572,Lopez,B. Lopez,0,0,0,,0,,,0,v,SUB: Green FOR Lopez,Substitution,,0,0,60,0012400008,2024-10-06
0012400008,86,PT05M19.00S,1,1610612749,MIL,1626192,Connaughton,P. Connaughton,0,0,0,,0,,,0,v,SUB: Jackson Jr. FOR Connaughton,Substitution,,0,0,61,0012400008,2024-10-06
0012400008,89,PT05M19.00S,1,1610612765,DET,1630191,Stewart,I. Stewart,0,0,0,,0,14,26,40,h,Stewart Free Throw 2 of 2 (2 PTS),Free Throw,Free Throw 2 of 2,0,0,62,0012400008,2024-10-06
0012400008,90,PT05M08.00S,1,1610612749,MIL,203081,Lillard,D. Lillard,-15,252,25,Made,1,14,29,43,v,Lillard 25' 3PT Step Back Jump Shot (14 PTS),Made Shot,Step Back Jump shot,1,3,63,0012400008,2024-10-06
0012400008,91,PT04M52.00S,1,1610612765,DET,203501,Hardaway Jr.,T. Hardaway Jr.,59,268,27,Missed,1,,,0,h,MISS Hardaway Jr. 27' 3PT Pullup Jump Shot,Missed Shot,Pullup Jump shot,1,3,64,0012400008,2024-10-06
0012400008,92,PT04M50.00S,1,1610612749,MIL,1629018,Trent Jr.,G. Trent Jr.,0,0,0,,0,,,0,v,Trent Jr. REBOUND (Off:0 Def:1),Rebound,Unknown,1,0,65,0012400008,2024-10-06
0012400008,93,PT04M42.00S,1,1610612749,MIL,203081,Lillard,D. Lillard,88,239,25,Missed,1,,,0,v,MISS Lillard 25' 3PT Pullup Jump Shot,Missed Shot,Pullup Jump shot,1,3,66,0012400008,2024-10-06
0012400008,94,PT04M40.00S,1,1610612765,DET,1641842,Holland II,R. Holland II,0,0,0,,0,,,0,h,Holland II REBOUND (Off:1 Def:1),Rebound,Unknown,1,0,67,0012400008,2024-10-06
0012400008,95,PT04M32.00S,1,1610612765,DET,1630595,Cunningham,C. Cunningham,-152,205,26,Missed,1,,,0,h,MISS Cunningham 26' 3PT Pullup Jump Shot,Missed Shot,Pullup Jump shot,1,3,68,0012400008,2024-10-06
0012400008,96,PT04M30.00S,1,1610612749,MIL,1641748,Jackson Jr.,A. Jackson Jr.,0,0,0,,0,,,0,v,Jackson Jr. REBOUND (Off:0 Def:1),Rebound,Unknown,1,0,69,0012400008,2024-10-06
0012400008,97,PT04M25.00S,1,1610612749,MIL,1626171,Portis,B. Portis,0,0,0,,0,,,0,v,Portis Out of Bounds Lost Ball Turnover (P1.T1),Turnover,Out of Bounds Lost Ball Turnover,1,0,70,0012400008,2024-10-06
0012400008,98,PT04M25.00S,1,1610612765,DET,203501,Hardaway Jr.,T. Hardaway Jr.,0,0,0,,0,,,0,h,SUB: Ivey FOR Hardaway Jr.,Substitution,,0,0,71,0012400008,2024-10-06
0012400008,99,PT04M25.00S,1,1610612749,MIL,203081,Lillard,D. Lillard,0,0,0,,0,,,0,v,SUB: Wright FOR Lillard,Substitution,,0,0,72,0012400008,2024-10-06
0012400008,104,PT04M11.00S,1,1610612765,DET,1630595,Cunningham,C. Cunningham,31,79,8,Made,1,16,29,45,h,Cunningham 8' Driving Hook Shot (5 PTS),Made Shot,Driving Hook Shot,1,2,73,0012400008,2024-10-06
0012400008,105,PT03M56.00S,1,1610612749,MIL,1629018,Trent Jr.,G. Trent Jr.,113,58,13,Missed,1,,,0,v,MISS Trent Jr. 13' Step Back Jump Shot,Missed Shot,Step Back Jump shot,1,2,74,0012400008,2024-10-06
0012400008,106,PT03M54.00S,1,1610612765,DET,1630191,Stewart,I. Stewart,0,0,0,,0,,,0,h,Stewart REBOUND (Off:0 Def:1),Rebound,Unknown,1,0,75,0012400008,2024-10-06
0012400008,107,PT03M47.00S,1,1610612765,DET,1630191,Stewart,I. Stewart,-75,261,27,Missed,1,,,0,h,MISS Stewart 27' 3PT Jump Shot,Missed Shot,Jump Shot,1,3,76,0012400008,2024-10-06
0012400008,108,PT03M39.00S,1,1610612749,MIL,1641748,Jackson Jr.,A. Jackson Jr.,0,0,0,,0,,,0,v,Jackson Jr. REBOUND (Off:0 Def:2),Rebound,Unknown,1,0,77,0012400008,2024-10-06
0012400008,109,PT03M30.00S,1,1610612749,MIL,1641748,Jackson Jr.,A. Jackson Jr.,228,17,0,Missed,1,,,0,v,MISS Jackson Jr. 3PT Jump Shot,Missed Shot,Jump Shot,1,3,78,0012400008,2024-10-06
0012400008,110,PT03M27.00S,1,1610612765,DET,1630595,Cunningham,C. Cunningham,0,0,0,,0,,,0,h,Cunningham REBOUND (Off:1 Def:1),Rebound,Unknown,1,0,79,0012400008,2024-10-06
0012400008,111,PT03M23.00S,1,1610612749,MIL,1629018,Trent Jr.,G. Trent Jr.,0,0,0,,0,,,0,v,Trent Jr. S.FOUL (P2.T4) (T.Brothers),Foul,Shooting,1,0,80,0012400008,2024-10-06
0012400008,113,PT03M23.00S,1,1610612765,DET,1631093,Ivey,J. Ivey,0,0,0,,0,17,29,46,h,Ivey Free Throw 1 of 2 (4 PTS),Free Throw,Free Throw 1 of 2,1,0,81,0012400008,2024-10-06
0012400008,114,PT03M23.00S,1,1610612749,MIL,1629018,Trent Jr.,G. Trent Jr.,0,0,0,,0,,,0,v,SUB: Beauchamp FOR Trent Jr.,Substitution,,0,0,82,0012400008,2024-10-06
0012400008,116,PT03M23.00S,1,1610612765,DET,1631093,Ivey,J. Ivey,0,0,0,,0,18,29,47,h,Ivey Free Throw 2 of 2 (5 PTS),Free Throw,Free Throw 2 of 2,1,0,83,0012400008,2024-10-06
0012400008,117,PT03M12.00S,1,1610612765,DET,1630191,Stewart,I. Stewart,0,0,0,,0,,,0,h,Stewart P.FOUL (P1.T1) (A.Nagy),Foul,Personal,1,0,84,0012400008,2024-10-06
0012400008,119,PT03M06.00S,1,1610612749,MIL,1630699,Beauchamp,M. Beauchamp,-32,162,17,Missed,1,,,0,v,MISS Beauchamp 17' Pullup Jump Shot,Missed Shot,Pullup Jump shot,1,2,85,0012400008,2024-10-06
0012400008,120,PT03M03.00S,1,1610612765,DET,1641842,Holland II,R. Holland II,0,0,0,,0,,,0,h,Holland II REBOUND (Off:1 Def:2),Rebound,Unknown,1,0,86,0012400008,2024-10-06
0012400008,121,PT03M00.00S,1,1610612765,DET,1641842,Holland II,R. Holland II,0,0,0,,0,,,0,h,Holland II Out of Bounds Lost Ball Turnover (P1.T3),Turnover,Out of Bounds Lost Ball Turnover,1,0,87,0012400008,2024-10-06
0012400008,123,PT02M49.00S,1,1610612749,MIL,1626171,Portis,B. Portis,17,139,14,Missed,1,,,0,v,MISS Portis 14' Jump Shot,Missed Shot,Jump Shot,1,2,88,0012400008,2024-10-06
0012400008,124,PT02M45.00S,1,1610612749,MIL,1641748,Jackson Jr.,A. Jackson Jr.,0,0,0,,0,,,0,v,Jackson Jr. REBOUND (Off:1 Def:2),Rebound,Unknown,1,0,89,0012400008,2024-10-06
0012400008,125,PT02M45.00S,1,1610612749,MIL,1641748,Jackson Jr.,A. Jackson Jr.,0,0,0,Missed,1,,,0,v,MISS Jackson Jr. Tip Layup Shot,Missed Shot,Tip Layup Shot,1,2,90,0012400008,2024-10-06
0012400008,126,PT02M45.00S,1,1610612765,DET,1627736,Beasley,M. Beasley,0,0,0,,0,,,0,h,Beasley REBOUND (Off:0 Def:1),Rebound,Unknown,1,0,91,0012400008,2024-10-06
0012400008,127,PT02M41.00S,1,1610612749,MIL,1630699,Beauchamp,M. Beauchamp,0,0,0,,0,,,0,v,Beauchamp S.FOUL (P1.PN) (A.Nagy),Foul,Shooting,1,0,92,0012400008,2024-10-06
0012400008,129,PT02M41.00S,1,1610612765,DET,1631093,Ivey,J. Ivey,0,0,0,,0,19,29,48,h,Ivey Free Throw 1 of 2 (6 PTS),Free Throw,Free Throw 1 of 2,1,0,93,0012400008,2024-10-06
0012400008,130,PT02M41.00S,1,1610612765,DET,1631093,Ivey,J. Ivey,0,0,0,,0,20,29,49,h,Ivey Free Throw 2 of 2 (7 PTS),Free Throw,Free Throw 2 of 2,1,0,94,0012400008,2024-10-06
0012400008,131,PT02M27.00S,1,1610612765,DET,1630191,Stewart,I. Stewart,0,0,0,,0,,,0,h,Stewart S.FOUL (P2.T2) (T.Brothers),Foul,Shooting,1,0,95,0012400008,2024-10-06
0012400008,133,PT02M27.00S,1,1610612749,MIL,1626171,Portis,B. Portis,0,0,0,,0,20,30,50,v,Portis Free Throw 1 of 2 (1 PTS),Free Throw,Free Throw 1 of 2,1,0,96,0012400008,2024-10-06
0012400008,134,PT02M27.00S,1,1610612749,MIL,1626171,Portis,B. Portis,0,0,0,,0,20,31,51,v,Portis Free Throw 2 of 2 (2 PTS),Free Throw,Free Throw 2 of 2,1,0,97,0012400008,2024-10-06
0012400008,135,PT02M14.00S,1,1610612765,DET,1641842,Holland II,R. Holland II,234,80,25,Missed,1,,,0,h,MISS Holland II 25' 3PT Jump Shot,Missed Shot,Jump Shot,1,3,98,0012400008,2024-10-06
0012400008,136,PT02M10.00S,1,1610612765,DET,1630595,Cunningham,C. Cunningham,0,0,0,,0,,,0,h,Cunningham REBOUND (Off:2 Def:1),Rebound,Unknown,1,0,99,0012400008,2024-10-06
0012400008,137,PT02M00.00S,1,1610612765,DET,1631093,Ivey,J. Ivey,-221,48,0,Made,1,23,31,54,h,Ivey 3PT Jump Shot (10 PTS) (Holland II 2 AST),Made Shot,Jump Shot,1,3,100,0012400008,2024-10-06
0012400008,139,PT01M47.00S,1,1610612749,MIL,1626171,Portis,B. Portis,0,0,0,,0,,,0,v,Portis Palming Turnover (P2.T2),Turnover,Palming Turnover,1,0,101,0012400008,2024-10-06
0012400008,140,PT01M28.00S,1,1610612765,DET,1630595,Cunningham,C. Cunningham,43,50,7,Missed,1,,,0,h,MISS Cunningham 7' Layup,Missed Shot,Layup Shot,1,2,102,0012400008,2024-10-06
0012400008,140,PT01M28.00S,1,1610612749,MIL,1626153,Wright,D. Wright,0,0,0,,0,,,0,v,Wright BLOCK (1 BLK),,,1,2,103,0012400008,2024-10-06
0012400008,142,PT01M25.00S,1,1610612749,MIL,1630699,Beauchamp,M. Beauchamp,0,0,0,,0,,,0,v,Beauchamp REBOUND (Off:0 Def:1),Rebound,Unknown,1,0,104,0012400008,2024-10-06
0012400008,143,PT01M18.00S,1,1610612749,MIL,1626171,Portis,B. Portis,83,239,25,Made,1,23,34,57,v,Portis 25' 3PT Running Jump Shot (5 PTS) (Beauchamp 1 AST),Made Shot,Running Jump Shot,1,3,105,0012400008,2024-10-06
0012400008,145,PT00M58.30S,1,1610612765,DET,1627736,Beasley,M. Beasley,157,209,26,Made,1,26,34,60,h,Beasley 26' 3PT Jump Shot (9 PTS) (Holland II 3 AST),Made Shot,Jump Shot,1,3,106,0012400008,2024-10-06
0012400008,147,PT00M47.70S,1,1610612749,MIL,1626171,Portis,B. Portis,96,232,25,Made,1,26,37,63,v,Portis 25' 3PT Jump Shot (8 PTS) (Wright 1 AST),Made Shot,Jump Shot,1,3,107,0012400008,2024-10-06
0012400008,149,PT00M20.90S,1,1610612765,DET,1630595,Cunningham,C. Cunningham,-181,199,27,Missed,1,,,0,h,MISS Cunningham 27' 3PT Jump Shot,Missed Shot,Jump Shot,1,3,108,0012400008,2024-10-06
0012400008,150,PT00M18.90S,1,1610612749,MIL,1626171,Portis,B. Portis,0,0,0,,0,,,0,v,Portis REBOUND (Off:0 Def:1),Rebound,Unknown,1,0,109,0012400008,2024-10-06
0012400008,151,PT00M08.30S,1,1610612765,DET,1631093,Ivey,J. Ivey,0,0,0,,0,,,0,h,Ivey S.FOUL (P1.T3) (A.Nagy),Foul,Shooting,1,0,110,0012400008,2024-10-06
0012400008,153,PT00M08.30S,1,1610612749,MIL,1626153,Wright,D. Wright,0,0,0,,0,26,38,64,v,Wright Free Throw 1 of 2 (1 PTS),Free Throw,Free Throw 1 of 2,1,0,111,0012400008,2024-10-06
0012400008,154,PT00M08.30S,1,1610612749,MIL,1626153,Wright,D. Wright,0,0,0,,0,26,39,65,v,Wright Free Throw 2 of 2 (2 PTS),Free Throw,Free Throw 2 of 2,1,0,112,0012400008,2024-10-06
0012400008,155,PT00M03.30S,1,1610612765,DET,1631093,Ivey,J. Ivey,-10,36,4,Made,1,28,39,67,h,Ivey 4' Driving Layup (12 PTS),Made Shot,Driving Layup Shot,1,2,113,0012400008,2024-10-06
0012400008,156,PT00M00.20S,1,1610612749,MIL,1631260,Green,A. Green,-17,428,43,Missed,1,,,0,v,MISS Green 43' 3PT Pullup Jump Shot,Missed Shot,Pullup Jump shot,1,3,114,0012400008,2024-10-06
0012400008,157,PT00M00.10S,1,0,,1610612749,,,0,0,0,,0,,,0,v,Bucks Rebound,Rebound,Unknown,1,0,115,0012400008,2024-10-06
0012400008,158,PT00M00.00S,1,0,,0,,,0,0,0,,0,28,39,67,,End of 1st Period (8:38 PM EST),period,end,1,0,116,0012400008,2024-10-06
0012400008,163,PT12M00.00S,2,0,,0,,,0,0,0,,0,28,39,67,,Start of 2nd Period (8:42 PM EST),period,start,0,0,117,0012400008,2024-10-06
0012400008,164,PT11M40.00S,2,1610612749,MIL,1626171,Portis,B. Portis,54,21,6,Made,1,28,41,69,v,Portis 6' Driving Hook Shot (10 PTS),Made Shot,Driving Hook Shot,1,2,118,0012400008,2024-10-06
0012400008,165,PT11M39.00S,2,0,,1610612749,,,0,0,0,,0,,,0,v,Bucks Violation: Delay of game Violation,Violation,Delay Of Game,0,0,119,0012400008,2024-10-06
0012400008,166,PT11M27.00S,2,1610612765,DET,1627736,Beasley,M. Beasley,-33,269,27,Missed,1,,,0,h,MISS Beasley 27' 3PT Jump Shot,Missed Shot,Jump Shot,1,3,120,0012400008,2024-10-06
0012400008,167,PT11M22.00S,2,1610612749,MIL,1626153,Wright,D. Wright,0,0,0,,0,,,0,v,Wright REBOUND (Off:0 Def:1),Rebound,Unknown,1,0,121,0012400008,2024-10-06
0012400008,169,PT11M16.00S,2,1610612749,MIL,1630699,Beauchamp,M. Beauchamp,-237,54,24,Missed,1,,,0,v,MISS Beauchamp 24' 3PT Jump Shot,Missed Shot,Jump Shot,1,3,122,0012400008,2024-10-06
0012400008,170,PT11M11.00S,2,1610612765,DET,1631105,Duren,J. Duren,0,0,0,,0,,,0,h,Duren REBOUND (Off:0 Def:1),Rebound,Unknown,1,0,123,0012400008,2024-10-06
0012400008,172,PT10M51.00S,2,1610612765,DET,1641842,Holland II,R. Holland II,-96,56,11,Made,1,30,41,71,h,Holland II 11' Driving Floating Jump Shot (2 PTS),Made Shot,Driving Floating Jump Shot,1,2,124,0012400008,2024-10-06
0012400008,173,PT10M39.00S,2,1610612749,MIL,1626171,Portis,B. Portis,22,239,24,Made,1,30,44,74,v,Portis 24' 3PT Jump Shot (13 PTS) (Wright 2 AST),Made Shot,Jump Shot,1,3,125,0012400008,2024-10-06
0012400008,175,PT10M22.00S,2,1610612765,DET,203501,Hardaway Jr.,T. Hardaway Jr.,25,20,3,Made,1,32,44,76,h,Hardaway Jr. 3' Cutting Layup Shot (2 PTS) (Duren 1 AST),Made Shot,Cutting Layup Shot,1,2,126,0012400008,2024-10-06
0012400008,176,PT09M56.00S,2,1610612749,MIL,1626171,Portis,B. Portis,0,0,0,,0,,,0,v,Portis Lost Ball Turnover (P3.T3),Turnover,Lost Ball,1,0,127,0012400008,2024-10-06
0012400008,176,PT09M56.00S,2,1610612765,DET,1627736,Beasley,M. Beasley,0,0,0,,0,,,0,h,Beasley STEAL (1 STL),,,1,0,128,0012400008,2024-10-06
0012400008,179,PT09M43.00S,2,1610612749,MIL,1641748,Jackson Jr.,A. Jackson Jr.,0,0,0,,0,,,0,v,SUB: Lillard FOR Jackson Jr.,Substitution,,0,0,129,0012400008,2024-10-06
0012400008,180,PT09M43.00S,2,1610612749,MIL,1626153,Wright,D. Wright,0,0,0,,0,,,0,v,SUB: Prince FOR Wright,Substitution,,0,0,130,0012400008,2024-10-06
0012400008,184,PT09M37.00S,2,1610612749,MIL,1631260,Green,A. Green,0,0,0,,0,,,0,v,Green S.FOUL (P1.T1) (T.Brothers),Foul,Shooting,0,0,131,0012400008,2024-10-06
0012400008,186,PT09M37.00S,2,1610612765,DET,203501,Hardaway Jr.,T. Hardaway Jr.,0,0,0,,0,,,0,h,MISS Hardaway Jr. Free Throw 1 of 3,Free Throw,Free Throw 1 of 3,1,0,132,0012400008,2024-10-06
0012400008,187,PT09M37.00S,2,0,,1610612765,,,0,0,0,,0,,,0,h,PISTONS Rebound,Rebound,Normal Rebound,1,0,133,0012400008,2024-10-06
0012400008,188,PT09M37.00S,2,1610612765,DET,1627736,Beasley,M. Beasley,0,0,0,,0,,,0,h,SUB: Fontecchio FOR Beasley,Substitution,,0,0,134,0012400008,2024-10-06
0012400008,190,PT09M37.00S,2,1610612765,DET,203501,Hardaway Jr.,T. Hardaway Jr.,0,0,0,,0,33,44,77,h,Hardaway Jr. Free Throw 2 of 3 (3 PTS),Free Throw,Free Throw 2 of 3,1,0,135,0012400008,2024-10-06
0012400008,191,PT09M37.00S,2,1610612765,DET,203501,Hardaway Jr.,T. Hardaway Jr.,0,0,0,,0,34,44,78,h,Hardaway Jr. Free Throw 3 of 3 (4 PTS),Free Throw,Free Throw 3 of 3,1,0,136,0012400008,2024-10-06
0012400008,192,PT09M25.00S,2,1610612749,MIL,1626171,Portis,B. Portis,-137,210,25,Made,1,34,47,81,v,Portis 25' 3PT Jump Shot (16 PTS) (Green 1 AST),Made Shot,Jump Shot,1,3,137,0012400008,2024-10-06
0012400008,194,PT09M15.00S,2,1610612765,DET,203501,Hardaway Jr.,T. Hardaway Jr.,18,77,8,Missed,1,,,0,h,MISS Hardaway Jr. 8' Driving Layup,Missed Shot,Driving Layup Shot,1,2,138,0012400008,2024-10-06
0012400008,195,PT09M15.00S,2,1610612765,DET,1631093,Ivey,J. Ivey,0,0,0,,0,,,0,h,Ivey REBOUND (Off:1 Def:0),Rebound,Unknown,1,0,139,0012400008,2024-10-06
0012400008,196,PT09M12.00S,2,1610612765,DET,1631093,Ivey,J. Ivey,234,40,24,Made,1,37,47,84,h,Ivey 24' 3PT Jump Shot (15 PTS),Made Shot,Jump Shot,1,3,140,0012400008,2024-10-06
0012400008,197,PT08M56.00S,2,1610612749,MIL,1626171,Portis,B. Portis,136,210,25,Missed,1,,,0,v,MISS Portis 25' 3PT Jump Shot,Missed Shot,Jump Shot,1,3,141,0012400008,2024-10-06
0012400008,198,PT08M54.00S,2,1610612765,DET,1641842,Holland II,R. Holland II,0,0,0,,0,,,0,h,Holland II REBOUND (Off:1 Def:3),Rebound,Unknown,1,0,142,0012400008,2024-10-06
0012400008,199,PT08M51.00S,2,1610612765,DET,1631093,Ivey,J. Ivey,-10,89,9,Missed,1,,,0,h,MISS Ivey 9' Driving Floating Jump Shot,Missed Shot,Driving Floating Jump Shot,1,2,143,0012400008,2024-10-06
0012400008,200,PT08M50.00S,2,1610612765,DET,1631093,Ivey,J. Ivey,0,0,0,,0,,,0,h,Ivey REBOUND (Off:2 Def:0),Rebound,Unknown,1,0,144,0012400008,2024-10-06
0012400008,201,PT08M50.00S,2,1610612765,DET,1631093,Ivey,J. Ivey,0,0,0,Made,1,39,47,86,h,Ivey Tip Layup Shot (17 PTS),Made Shot,Tip Layup Shot,1,2,145,0012400008,2024-10-06
0012400008,202,PT08M50.00S,2,0,,1610612749,,,0,0,0,,0,,,0,v,Bucks Timeout: Regular (Reg.2 Short 0),Timeout,Regular,0,0,146,0012400008,2024-10-06
0012400008,204,PT08M50.00S,2,1610612749,MIL,1631260,Green,A. Green,0,0,0,,0,,,0,v,SUB: Connaughton FOR Green,Substitution,,0,0,147,0012400008,2024-10-06
0012400008,206,PT08M37.00S,2,1610612765,DET,1631093,Ivey,J. Ivey,0,0,0,,0,,,0,h,Ivey P.FOUL (P2.T1) (A.Nagy),Foul,Personal,0,0,148,0012400008,2024-10-06
0012400008,208,PT08M37.00S,2,1610612749,MIL,1626171,Portis,B. Portis,0,0,0,,0,,,0,v,SUB: Lopez FOR Portis,Substitution,,0,0,149,0012400008,2024-10-06
0012400008,210,PT08M30.00S,2,1610612749,MIL,203081,Lillard,D. Lillard,-25,23,3,Missed,1,,,0,v,MISS Lillard 3' Driving Layup,Missed Shot,Driving Layup Shot,0,2,150,0012400008,2024-10-06
0012400008,210,PT08M30.00S,2,1610612765,DET,1631093,Ivey,J. Ivey,0,0,0,,0,,,0,h,Ivey BLOCK (1 BLK),,,0,2,151,0012400008,2024-10-06
0012400008,212,PT08M26.00S,2,1610612765,DET,203501,Hardaway Jr.,T. Hardaway Jr.,0,0,0,,0,,,0,h,Hardaway Jr. REBOUND (Off:0 Def:3),Rebound,Unknown,0,0,152,0012400008,2024-10-06
0012400008,321,PT08M25.00S,2,1610612765,DET,203501,Hardaway Jr.,T. Hardaway Jr.,0,0,0,,0,,,0,h,Hardaway Jr. Bad Pass Turnover (P2.T4),Turnover,Bad Pass,0,0,153,0012400008,2024-10-06
0012400008,321,PT08M25.00S,2,1610612749,MIL,201572,Lopez,B. Lopez,0,0,0,,0,,,0,v,Lopez STEAL (2 STL),,,0,0,154,0012400008,2024-10-06
0012400008,213,PT08M18.00S,2,1610612749,MIL,203081,Lillard,D. Lillard,-206,144,25,Missed,1,,,0,v,MISS Lillard 25' 3PT Jump Shot,Missed Shot,Jump Shot,0,3,155,0012400008,2024-10-06
0012400008,214,PT08M14.00S,2,1610612765,DET,1631105,Duren,J. Duren,0,0,0,,0,,,0,h,Duren REBOUND (Off:0 Def:2),Rebound,Unknown,0,0,156,0012400008,2024-10-06
0012400008,215,PT07M58.00S,2,1610612765,DET,1631105,Duren,J. Duren,-9,22,2,Missed,1,,,0,h,MISS Duren 2' Cutting Layup Shot,Missed Shot,Cutting Layup Shot,0,2,157,0012400008,2024-10-06
0012400008,217,PT07M56.00S,2,1610612749,MIL,1627752,Prince,T. Prince,0,0,0,,0,,,0,v,Prince REBOUND (Off:1 Def:3),Rebound,Unknown,0,0,158,0012400008,2024-10-06
0012400008,218,PT07M44.00S,2,1610612749,MIL,1627752,Prince,T. Prince,-134,238,27,Missed,1,,,0,v,MISS Prince 27' 3PT Jump Shot,Missed Shot,Jump Shot,0,3,159,0012400008,2024-10-06
0012400008,219,PT07M40.00S,2,1610612765,DET,1631105,Duren,J. Duren,0,0,0,,0,,,0,h,Duren REBOUND (Off:0 Def:3),Rebound,Unknown,1,0,160,0012400008,2024-10-06
0012400008,220,PT07M35.00S,2,1610612765,DET,203501,Hardaway Jr.,T. Hardaway Jr.,-221,40,0,Missed,1,,,0,h,MISS Hardaway Jr. 3PT Running Jump Shot,Missed Shot,Running Jump Shot,1,3,161,0012400008,2024-10-06
0012400008,221,PT07M32.00S,2,1610612749,MIL,1630699,Beauchamp,M. Beauchamp,0,0,0,,0,,,0,v,Beauchamp REBOUND (Off:0 Def:2),Rebound,Unknown,1,0,162,0012400008,2024-10-06
0012400008,222,PT07M25.00S,2,1610612749,MIL,201572,Lopez,B. Lopez,126,215,25,Missed,1,,,0,v,MISS Lopez 25' 3PT Jump Shot,Missed Shot,Jump Shot,1,3,163,0012400008,2024-10-06
0012400008,223,PT07M24.00S,2,0,,1610612765,,,0,0,0,,0,,,0,h,PISTONS Rebound,Rebound,Unknown,1,0,164,0012400008,2024-10-06
0012400008,225,PT07M24.00S,2,1610612749,MIL,1630699,Beauchamp,M. Beauchamp,0,0,0,,0,,,0,v,SUB: Trent Jr. FOR Beauchamp,Substitution,,0,0,165,0012400008,2024-10-06
0012400008,227,PT07M09.00S,2,1610612765,DET,1641842,Holland II,R. Holland II,238,79,25,Missed,1,,,0,h,MISS Holland II 25' 3PT Jump Shot,Missed Shot,Jump Shot,1,3,166,0012400008,2024-10-06
0012400008,228,PT07M06.00S,2,1610612749,MIL,201572,Lopez,B. Lopez,0,0,0,,0,,,0,v,Lopez REBOUND (Off:0 Def:3),Rebound,Unknown,1,0,167,0012400008,2024-10-06
0012400008,229,PT07M00.00S,2,1610612749,MIL,1626192,Connaughton,P. Connaughton,5,5,1,Made,1,39,49,88,v,Connaughton 1' Running Layup (2 PTS) (Prince 2 AST),Made Shot,Running Layup Shot,1,2,168,0012400008,2024-10-06
0012400008,231,PT06M44.00S,2,1610612765,DET,1631105,Duren,J. Duren,12,22,3,Made,1,41,49,90,h,Duren 3' Alley Oop Dunk (2 PTS) (Ivey 1 AST),Made Shot,Alley Oop Dunk Shot,1,2,169,0012400008,2024-10-06
0012400008,233,PT06M33.00S,2,1610612749,MIL,201572,Lopez,B. Lopez,0,0,0,,0,,,0,v,Lopez Traveling Turnover (P1.T4),Turnover,Traveling,1,0,170,0012400008,2024-10-06
0012400008,234,PT06M33.00S,2,1610612765,DET,1641842,Holland II,R. Holland II,0,0,0,,0,,,0,h,SUB: Cunningham FOR Holland II,Substitution,,0,0,171,0012400008,2024-10-06
0012400008,236,PT06M22.00S,2,1610612749,MIL,1626192,Connaughton,P. Connaughton,0,0,0,,0,,,0,v,Connaughton P.FOUL (P1.T2) (T.Brothers),Foul,Personal,1,0,172,0012400008,2024-10-06
0012400008,238,PT06M13.00S,2,1610612765,DET,1631105,Duren,J. Duren,38,64,7,Made,1,43,49,92,h,Duren 7' Cutting Layup Shot (4 PTS) (Cunningham 2 AST),Made Shot,Cutting Layup Shot,1,2,173,0012400008,2024-10-06
0012400008,240,PT05M58.00S,2,1610612749,MIL,1627752,Prince,T. Prince,12,20,2,Missed,1,,,0,v,MISS Prince 2' Driving Layup,Missed Shot,Driving Layup Shot,1,2,174,0012400008,2024-10-06
0012400008,240,PT05M58.00S,2,1610612765,DET,1631105,Duren,J. Duren,0,0,0,,0,,,0,h,Duren BLOCK (1 BLK),,,1,2,175,0012400008,2024-10-06
0012400008,242,PT05M54.00S,2,1610612765,DET,1631105,Duren,J. Duren,0,0,0,,0,,,0,h,Duren REBOUND (Off:0 Def:4),Rebound,Unknown,1,0,176,0012400008,2024-10-06
0012400008,243,PT05M51.00S,2,1610612765,DET,1630595,Cunningham,C. Cunningham,0,0,0,,0,,,0,h,Cunningham OFF.Foul (P1) (B.Haskill),Foul,Offensive,1,0,177,0012400008,2024-10-06
0012400008,245,PT05M51.00S,2,1610612765,DET,1630595,Cunningham,C. Cunningham,0,0,0,,0,,,0,h,Cunningham Offensive Foul Turnover (P2.T5),Turnover,Offensive Foul Turnover,1,0,178,0012400008,2024-10-06
0012400008,246,PT05M39.00S,2,1610612749,MIL,1627752,Prince,T. Prince,-238,32,24,Made,1,43,52,95,v,Prince 24' 3PT Jump Shot (5 PTS) (Connaughton 2 AST),Made Shot,Jump Shot,1,3,179,0012400008,2024-10-06
0012400008,248,PT05M19.00S,2,1610612765,DET,203501,Hardaway Jr.,T. Hardaway Jr.,-62,93,11,Missed,1,,,0,h,MISS Hardaway Jr. 11' Pullup Jump Shot,Missed Shot,Pullup Jump shot,1,2,180,0012400008,2024-10-06
0012400008,249,PT05M17.00S,2,1610612749,MIL,203081,Lillard,D. Lillard,0,0,0,,0,,,0,v,Lillard REBOUND (Off:0 Def:1),Rebound,Unknown,1,0,181,0012400008,2024-10-06
0012400008,250,PT05M07.00S,2,1610612749,MIL,203081,Lillard,D. Lillard,0,0,0,,0,,,0,v,Lillard Bad Pass Turnover (P1.T5),Turnover,Bad Pass,1,0,182,0012400008,2024-10-06
0012400008,250,PT05M07.00S,2,1610612765,DET,203501,Hardaway Jr.,T. Hardaway Jr.,0,0,0,,0,,,0,h,Hardaway Jr. STEAL (1 STL),,,1,0,183,0012400008,2024-10-06
0012400008,252,PT05M04.00S,2,1610612765,DET,1631323,Fontecchio,S. Fontecchio,4,45,5,Made,1,45,52,97,h,Fontecchio 5' Running Layup (2 PTS) (Duren 2 AST),Made Shot,Running Layup Shot,1,2,184,0012400008,2024-10-06
0012400008,254,PT04M41.00S,2,1610612749,MIL,201572,Lopez,B. Lopez,5,270,27,Missed,1,,,0,v,MISS Lopez 27' 3PT Jump Shot,Missed Shot,Jump Shot,1,3,185,0012400008,2024-10-06
0012400008,255,PT04M36.00S,2,1610612765,DET,1631323,Fontecchio,S. Fontecchio,0,0,0,,0,,,0,h,Fontecchio REBOUND (Off:0 Def:1),Rebound,Unknown,1,0,186,0012400008,2024-10-06
0012400008,256,PT04M31.00S,2,1610612749,MIL,203081,Lillard,D. Lillard,0,0,0,,0,,,0,v,Lillard S.FOUL (P1.T3) (T.Brothers),Foul,Shooting,1,0,187,0012400008,2024-10-06
0012400008,258,PT04M31.00S,2,1610612765,DET,1631323,Fontecchio,S. Fontecchio,0,0,0,,0,46,52,98,h,Fontecchio Free Throw 1 of 2 (3 PTS),Free Throw,Free Throw 1 of 2,1,0,188,0012400008,2024-10-06
0012400008,259,PT04M31.00S,2,1610612765,DET,203501,Hardaway Jr.,T. Hardaway Jr.,0,0,0,,0,,,0,h,SUB: Beasley FOR Hardaway Jr.,Substitution,,0,0,189,0012400008,2024-10-06
0012400008,260,PT04M31.00S,2,1610612765,DET,1631093,Ivey,J. Ivey,0,0,0,,0,,,0,h,SUB: Holland II FOR Ivey,Substitution,,0,0,190,0012400008,2024-10-06
0012400008,263,PT04M31.00S,2,1610612765,DET,1631323,Fontecchio,S. Fontecchio,0,0,0,,0,47,52,99,h,Fontecchio Free Throw 2 of 2 (4 PTS),Free Throw,Free Throw 2 of 2,1,0,191,0012400008,2024-10-06
0012400008,264,PT04M19.00S,2,1610612749,MIL,201572,Lopez,B. Lopez,0,0,0,,0,,,0,v,Lopez Offensive Charge Foul (P2) (T.Brothers),Foul,Offensive Charge,1,0,192,0012400008,2024-10-06
0012400008,266,PT04M19.00S,2,1610612749,MIL,201572,Lopez,B. Lopez,0,0,0,,0,,,0,v,Lopez Offensive Foul Turnover (P2.T6),Turnover,Offensive Foul Turnover,1,0,193,0012400008,2024-10-06
0012400008,267,PT04M06.00S,2,1610612765,DET,1630595,Cunningham,C. Cunningham,-132,62,15,Made,1,49,52,101,h,Cunningham 15' Pullup Jump Shot (7 PTS) (Duren 3 AST),Made Shot,Pullup Jump shot,1,2,194,0012400008,2024-10-06
0012400008,269,PT03M51.00S,2,1610612749,MIL,1629018,Trent Jr.,G. Trent Jr.,0,0,0,,0,,,0,v,Trent Jr. Out of Bounds Lost Ball Turnover (P1.T7),Turnover,Out of Bounds Lost Ball Turnover,1,0,195,0012400008,2024-10-06
0012400008,270,PT03M41.00S,2,1610612765,DET,1631105,Duren,J. Duren,7,31,3,Made,1,51,52,103,h,Duren 3' Alley Oop Dunk (6 PTS) (Cunningham 3 AST),Made Shot,Alley Oop Dunk Shot,1,2,196,0012400008,2024-10-06
0012400008,272,PT03M24.00S,2,1610612749,MIL,1627752,Prince,T. Prince,-147,231,27,Missed,1,,,0,v,MISS Prince 27' 3PT Jump Shot,Missed Shot,Jump Shot,1,3,197,0012400008,2024-10-06
0012400008,273,PT03M21.00S,2,1610612765,DET,1641842,Holland II,R. Holland II,0,0,0,,0,,,0,h,Holland II REBOUND (Off:1 Def:4),Rebound,Unknown,1,0,198,0012400008,2024-10-06
0012400008,274,PT03M16.00S,2,1610612765,DET,1631105,Duren,J. Duren,0,0,0,,0,,,0,h,Duren OFF.Foul (P1) (T.Brothers),Foul,Offensive,1,0,199,0012400008,2024-10-06
0012400008,276,PT03M16.00S,2,1610612765,DET,1631105,Duren,J. Duren,0,0,0,,0,,,0,h,Duren Offensive Foul Turnover (P1.T6),Turnover,Offensive Foul Turnover,1,0,200,0012400008,2024-10-06
0012400008,277,PT03M16.00S,2,1610612749,MIL,1627752,Prince,T. Prince,0,0,0,,0,,,0,v,SUB: Portis FOR Prince,Substitution,,0,0,201,0012400008,2024-10-06
0012400008,279,PT03M09.00S,2,1610612749,MIL,203081,Lillard,D. Lillard,6,0,1,Missed,1,,,0,v,MISS Lillard 1' Driving Floating Jump Shot,Missed Shot,Driving Floating Jump Shot,1,2,202,0012400008,2024-10-06
0012400008,280,PT03M07.00S,2,0,,1610612765,,,0,0,0,,0,,,0,h,PISTONS Rebound,Rebound,Unknown,0,0,203,0012400008,2024-10-06
0012400008,282,PT02M54.00S,2,1610612765,DET,1630595,Cunningham,C. Cunningham,25,110,11,Missed,1,,,0,h,MISS Cunningham 11' Driving Floating Jump Shot,Missed Shot,Driving Floating Jump Shot,1,2,204,0012400008,2024-10-06
0012400008,283,PT02M53.00S,2,1610612765,DET,1631105,Duren,J. Duren,0,0,0,,0,,,0,h,Duren REBOUND (Off:1 Def:4),Rebound,Unknown,1,0,205,0012400008,2024-10-06
0012400008,284,PT02M53.00S,2,1610612765,DET,1631105,Duren,J. Duren,0,0,0,Missed,1,,,0,h,MISS Duren Tip Layup Shot,Missed Shot,Tip Layup Shot,1,2,206,0012400008,2024-10-06
0012400008,285,PT02M53.00S,2,1610612765,DET,1631105,Duren,J. Duren,0,0,0,,0,,,0,h,Duren REBOUND (Off:2 Def:4),Rebound,Unknown,1,0,207,0012400008,2024-10-06
0012400008,286,PT02M53.00S,2,1610612765,DET,1631105,Duren,J. Duren,0,0,0,Made,1,53,52,105,h,Duren Tip Layup Shot (8 PTS),Made Shot,Tip Layup Shot,1,2,208,0012400008,2024-10-06
0012400008,287,PT02M53.00S,2,0,,1610612749,,,0,0,0,,0,,,0,v,Bucks Timeout: Regular (Reg.3 Short 0),Timeout,Regular,0,0,209,0012400008,2024-10-06
0012400008,288,PT02M53.00S,2,1610612749,MIL,1629018,Trent Jr.,G. Trent Jr.,0,0,0,,0,,,0,v,SUB: Wright FOR Trent Jr.,Substitution,,0,0,210,0012400008,2024-10-06
0012400008,290,PT02M42.00S,2,1610612749,MIL,1626153,Wright,D. Wright,0,0,0,,0,,,0,v,Wright Out of Bounds Lost Ball Turnover (P1.T8),Turnover,Out of Bounds Lost Ball Turnover,1,0,211,0012400008,2024-10-06
0012400008,291,PT02M26.00S,2,1610612765,DET,1627736,Beasley,M. Beasley,235,30,24,Missed,1,,,0,h,MISS Beasley 24' 3PT Jump Shot,Missed Shot,Jump Shot,1,3,212,0012400008,2024-10-06
0012400008,292,PT02M23.00S,2,1610612749,MIL,201572,Lopez,B. Lopez,0,0,0,,0,,,0,v,Lopez REBOUND (Off:0 Def:4),Rebound,Unknown,1,0,213,0012400008,2024-10-06
0012400008,293,PT02M15.00S,2,1610612749,MIL,1626192,Connaughton,P. Connaughton,-142,210,25,Made,1,53,55,108,v,Connaughton 25' 3PT Jump Shot (5 PTS) (Lillard 4 AST),Made Shot,Jump Shot,1,3,214,0012400008,2024-10-06
0012400008,295,PT01M58.00S,2,1610612765,DET,1631323,Fontecchio,S. Fontecchio,-223,63,0,Made,1,56,55,111,h,Fontecchio 3PT Jump Shot (7 PTS) (Holland II 4 AST),Made Shot,Jump Shot,1,3,215,0012400008,2024-10-06
0012400008,298,PT01M44.00S,2,1610612749,MIL,203081,Lillard,D. Lillard,0,0,0,,0,,,0,v,Lillard OFF.Foul (P2) (T.Brothers),Foul,Offensive,1,0,216,0012400008,2024-10-06
0012400008,300,PT01M44.00S,2,1610612749,MIL,203081,Lillard,D. Lillard,0,0,0,,0,,,0,v,Lillard Offensive Foul Turnover (P2.T9),Turnover,Offensive Foul Turnover,1,0,217,0012400008,2024-10-06
0012400008,301,PT01M37.00S,2,1610612749,MIL,203081,Lillard,D. Lillard,0,0,0,,0,,,0,v,Lillard P.FOUL (P3.T4) (B.Haskill),Foul,Personal,1,0,218,0012400008,2024-10-06
0012400008,303,PT01M30.00S,2,1610612765,DET,1631323,Fontecchio,S. Fontecchio,241,31,24,Missed,1,,,0,h,MISS Fontecchio 24' 3PT Jump Shot,Missed Shot,Jump Shot,1,3,219,0012400008,2024-10-06
0012400008,304,PT01M26.00S,2,1610612749,MIL,203081,Lillard,D. Lillard,0,0,0,,0,,,0,v,Lillard REBOUND (Off:0 Def:2),Rebound,Unknown,1,0,220,0012400008,2024-10-06
0012400008,306,PT01M12.00S,2,1610612765,DET,1631105,Duren,J. Duren,0,0,0,,0,,,0,h,PISTONS T.Foul (Def. 3 Sec Duren ) (T.Brothers),Foul,Defense 3 Second,1,0,221,0012400008,2024-10-06
0012400008,307,PT01M12.00S,2,1610612749,MIL,203081,Lillard,D. Lillard,0,0,0,,0,56,56,112,v,Lillard Free Throw Technical (15 PTS),Free Throw,Free Throw Technical,1,0,222,0012400008,2024-10-06
0012400008,308,PT01M00.00S,2,1610612749,MIL,1626153,Wright,D. Wright,0,0,0,,0,,,0,v,Wright Lost Ball Turnover (P2.T10),Turnover,Lost Ball,1,0,223,0012400008,2024-10-06
0012400008,308,PT01M00.00S,2,1610612765,DET,1641842,Holland II,R. Holland II,0,0,0,,0,,,0,h,Holland II STEAL (1 STL),,,1,0,224,0012400008,2024-10-06
0012400008,310,PT00M58.80S,2,1610612765,DET,1641842,Holland II,R. Holland II,12,37,4,Made,1,58,56,114,h,Holland II 4' Running Layup (4 PTS),Made Shot,Running Layup Shot,1,2,225,0012400008,2024-10-06
0012400008,311,PT00M49.50S,2,1610612749,MIL,1626192,Connaughton,P. Connaughton,-23,8,2,Made,1,58,58,116,v,Connaughton 2' Reverse Layup (7 PTS) (Portis 1 AST),Made Shot,Reverse Layup Shot,1,2,226,0012400008,2024-10-06
0012400008,313,PT00M25.40S,2,1610612765,DET,1630595,Cunningham,C. Cunningham,25,32,4,Made,1,60,58,118,h,Cunningham 4' Driving Layup (9 PTS) (Beasley 1 AST),Made Shot,Driving Layup Shot,1,2,227,0012400008,2024-10-06
0012400008,314,PT00M01.80S,2,1610612749,MIL,1626153,Wright,D. Wright,225,27,0,Missed,1,,,0,v,MISS Wright 3PT Jump Shot,Missed Shot,Jump Shot,1,3,228,0012400008,2024-10-06
0012400008,314,PT00M01.80S,2,1610612765,DET,1630595,Cunningham,C. Cunningham,0,0,0,,0,,,0,h,Cunningham BLOCK (1 BLK),,,1,3,229,0012400008,2024-10-06
0012400008,316,PT00M01.70S,2,1610612749,MIL,1626153,Wright,D. Wright,0,0,0,,0,,,0,v,Wright REBOUND (Off:1 Def:1),Rebound,Unknown,1,0,230,0012400008,2024-10-06
0012400008,337,PT00M01.30S,2,1610612749,MIL,1626153,Wright,D. Wright,233,5,0,Missed,1,,,0,v,MISS Wright 3PT Jump Shot,Missed Shot,Jump Shot,1,3,231,0012400008,2024-10-06
0012400008,337,PT00M01.30S,2,1610612765,DET,1641842,Holland II,R. Holland II,0,0,0,,0,,,0,h,Holland II BLOCK (1 BLK),,,1,3,232,0012400008,2024-10-06
0012400008,339,PT00M01.30S,2,0,,1610612749,,,0,0,0,,0,,,0,v,Bucks Rebound,Rebound,Unknown,1,0,233,0012400008,2024-10-06
0012400008,317,PT00M01.20S,2,0,,1610612749,,,0,0,0,,0,,,0,v,Bucks Turnover: Shot Clock (T#11),Turnover,Shot Clock Turnover,0,0,234,0012400008,2024-10-06
0012400008,318,PT00M00.30S,2,1610612765,DET,1627736,Beasley,M. Beasley,-123,446,46,Missed,1,,,0,h,MISS Beasley 46' 3PT Pullup Jump Shot,Missed Shot,Pullup Jump shot,1,3,235,0012400008,2024-10-06
0012400008,319,PT00M00.10S,2,0,,1610612765,,,0,0,0,,0,,,0,h,PISTONS Rebound,Rebound,Unknown,0,0,236,0012400008,2024-10-06
0012400008,320,PT00M00.00S,2,0,,0,,,0,0,0,,0,60,58,118,,End of 2nd Period (9:09 PM EST),period,end,1,0,237,0012400008,2024-10-06
0012400008,334,PT12M00.00S,3,0,,0,,,0,0,0,,0,60,58,118,,Start of 3rd Period (9:24 PM EST),period,start,0,0,238,0012400008,2024-10-06
0012400008,335,PT11M39.00S,3,1610612765,DET,1627736,Beasley,M. Beasley,0,0,0,,0,,,0,h,Beasley P.FOUL (P1.T1) (T.Brothers),Foul,Personal,1,0,239,0012400008,2024-10-06
0012400008,340,PT11M25.00S,3,1610612749,MIL,1642358,Johnson,A. Johnson,-232,29,0,Missed,1,,,0,v,MISS Johnson 3PT Jump Shot,Missed Shot,Jump Shot,1,3,240,0012400008,2024-10-06
0012400008,341,PT11M25.00S,3,1610612765,DET,1631105,Duren,J. Duren,0,0,0,,0,,,0,h,Duren REBOUND (Off:2 Def:5),Rebound,Unknown,1,0,241,0012400008,2024-10-06
0012400008,342,PT11M20.00S,3,1610612765,DET,1631105,Duren,J. Duren,0,0,0,,0,,,0,h,Duren Offensive Charge Foul (P2) (T.Brothers),Foul,Offensive Charge,1,0,242,0012400008,2024-10-06
0012400008,344,PT11M20.00S,3,1610612765,DET,1631105,Duren,J. Duren,0,0,0,,0,,,0,h,Duren Offensive Foul Turnover (P2.T7),Turnover,Offensive Foul Turnover,1,0,243,0012400008,2024-10-06
0012400008,345,PT11M09.00S,3,1610612749,MIL,1631260,Green,A. Green,-140,205,25,Missed,1,,,0,v,MISS Green 25' 3PT Jump Shot,Missed Shot,Jump Shot,1,3,244,0012400008,2024-10-06
0012400008,346,PT11M05.00S,3,1610612765,DET,1627736,Beasley,M. Beasley,0,0,0,,0,,,0,h,Beasley REBOUND (Off:0 Def:2),Rebound,Unknown,1,0,245,0012400008,2024-10-06
0012400008,347,PT10M53.00S,3,1610612765,DET,1631093,Ivey,J. Ivey,-65,64,9,Made,1,62,58,120,h,Ivey 9' Driving Floating Bank Jump Shot (19 PTS) (Cunningham 4 AST),Made Shot,Driving Floating Bank Jump Shot,1,2,246,0012400008,2024-10-06
0012400008,349,PT10M53.00S,3,1610612749,MIL,1642358,Johnson,A. Johnson,0,0,0,,0,,,0,v,Johnson S.FOUL (P1.T1) (B.Haskill),Foul,Shooting,1,0,247,0012400008,2024-10-06
0012400008,351,PT10M53.00S,3,1610612765,DET,1631093,Ivey,J. Ivey,0,0,0,,0,63,58,121,h,Ivey Free Throw 1 of 1 (20 PTS),Free Throw,Free Throw 1 of 1,1,0,248,0012400008,2024-10-06
0012400008,353,PT10M34.00S,3,1610612765,DET,1631105,Duren,J. Duren,0,0,0,,0,,,0,h,Duren P.FOUL (P3.T2) (A.Nagy),Foul,Personal,1,0,249,0012400008,2024-10-06
0012400008,355,PT10M26.00S,3,1610612749,MIL,1642358,Johnson,A. Johnson,20,22,3,Missed,1,,,0,v,MISS Johnson 3' Driving Layup,Missed Shot,Driving Layup Shot,1,2,250,0012400008,2024-10-06
0012400008,356,PT10M25.00S,3,1610612765,DET,1627736,Beasley,M. Beasley,0,0,0,,0,,,0,h,Beasley REBOUND (Off:0 Def:3),Rebound,Unknown,1,0,251,0012400008,2024-10-06
0012400008,357,PT10M19.00S,3,1610612765,DET,1641842,Holland II,R. Holland II,76,17,8,Missed,1,,,0,h,MISS Holland II 8' Running Layup,Missed Shot,Running Layup Shot,1,2,252,0012400008,2024-10-06
0012400008,358,PT10M16.00S,3,1610612765,DET,1631105,Duren,J. Duren,0,0,0,,0,,,0,h,Duren REBOUND (Off:3 Def:5),Rebound,Unknown,1,0,253,0012400008,2024-10-06
0012400008,359,PT10M16.00S,3,1610612765,DET,1631105,Duren,J. Duren,0,0,0,Missed,1,,,0,h,MISS Duren Tip Layup Shot,Missed Shot,Tip Layup Shot,1,2,254,0012400008,2024-10-06
0012400008,360,PT10M15.00S,3,1610612749,MIL,1627752,Prince,T. Prince,0,0,0,,0,,,0,v,Prince REBOUND (Off:1 Def:4),Rebound,Unknown,1,0,255,0012400008,2024-10-06
0012400008,361,PT10M13.00S,3,1610612749,MIL,1626153,Wright,D. Wright,170,189,25,Made,1,63,61,124,v,Wright 25' 3PT Running Jump Shot (5 PTS) (Johnson 1 AST),Made Shot,Running Jump Shot,1,3,256,0012400008,2024-10-06
0012400008,363,PT09M54.00S,3,1610612765,DET,1627736,Beasley,M. Beasley,15,160,16,Made,1,65,61,126,h,Beasley 16' Pullup Jump Shot (11 PTS) (Holland II 5 AST),Made Shot,Pullup Jump shot,1,2,257,0012400008,2024-10-06
0012400008,364,PT09M36.00S,3,1610612749,MIL,1642358,Johnson,A. Johnson,0,0,0,,0,,,0,v,Johnson Bad Pass Turnover (P1.T12),Turnover,Bad Pass,1,0,258,0012400008,2024-10-06
0012400008,364,PT09M36.00S,3,1610612765,DET,1627736,Beasley,M. Beasley,0,0,0,,0,,,0,h,Beasley STEAL (2 STL),,,1,0,259,0012400008,2024-10-06
0012400008,366,PT09M30.00S,3,1610612765,DET,1631093,Ivey,J. Ivey,-4,27,3,Missed,1,,,0,h,MISS Ivey 3' Running Dunk,Missed Shot,Running Dunk Shot,1,2,260,0012400008,2024-10-06
0012400008,366,PT09M30.00S,3,1610612749,MIL,1627752,Prince,T. Prince,0,0,0,,0,,,0,v,Prince BLOCK (2 BLK),,,1,2,261,0012400008,2024-10-06
0012400008,368,PT09M26.00S,3,1610612765,DET,1641842,Holland II,R. Holland II,0,0,0,,0,,,0,h,Holland II REBOUND (Off:2 Def:4),Rebound,Unknown,1,0,262,0012400008,2024-10-06
0012400008,369,PT09M25.00S,3,1610612765,DET,1641842,Holland II,R. Holland II,1,34,3,Missed,1,,,0,h,MISS Holland II 3' Putback Layup,Missed Shot,Putback Layup Shot,1,2,263,0012400008,2024-10-06
0012400008,370,PT09M25.00S,3,1610612749,MIL,1628394,Pasecniks,A. Pasecniks,0,0,0,,0,,,0,v,Pasecniks REBOUND (Off:0 Def:1),Rebound,Unknown,1,0,264,0012400008,2024-10-06
0012400008,371,PT09M21.00S,3,1610612749,MIL,1631260,Green,A. Green,119,230,26,Missed,1,,,0,v,MISS Green 26' 3PT Running Jump Shot,Missed Shot,Running Jump Shot,1,3,265,0012400008,2024-10-06
0012400008,372,PT09M21.00S,3,1610612765,DET,1631105,Duren,J. Duren,0,0,0,,0,,,0,h,Duren REBOUND (Off:3 Def:6),Rebound,Unknown,1,0,266,0012400008,2024-10-06
0012400008,373,PT09M11.00S,3,1610612749,MIL,1642358,Johnson,A. Johnson,0,0,0,,0,,,0,v,Johnson S.FOUL (P2.T2) (A.Nagy),Foul,Shooting,1,0,267,0012400008,2024-10-06
0012400008,375,PT09M11.00S,3,1610612765,DET,1630595,Cunningham,C. Cunningham,0,0,0,,0,66,61,127,h,Cunningham Free Throw 1 of 2 (10 PTS),Free Throw,Free Throw 1 of 2,1,0,268,0012400008,2024-10-06
0012400008,376,PT09M11.00S,3,1610612765,DET,1630595,Cunningham,C. Cunningham,0,0,0,,0,,,0,h,MISS Cunningham Free Throw 2 of 2,Free Throw,Free Throw 2 of 2,1,0,269,0012400008,2024-10-06
0012400008,377,PT09M05.00S,3,1610612749,MIL,1631260,Green,A. Green,0,0,0,,0,,,0,v,Green REBOUND (Off:0 Def:1),Rebound,Unknown,1,0,270,0012400008,2024-10-06
0012400008,378,PT08M52.00S,3,1610612749,MIL,1626153,Wright,D. Wright,229,6,0,Made,1,66,64,130,v,Wright 3PT Jump Shot (8 PTS) (Johnson 2 AST),Made Shot,Jump Shot,1,3,271,0012400008,2024-10-06
0012400008,380,PT08M43.00S,3,1610612765,DET,1641842,Holland II,R. Holland II,0,0,0,,0,,,0,h,Holland II Traveling Turnover (P2.T8),Turnover,Traveling,1,0,272,0012400008,2024-10-06
0012400008,381,PT08M31.00S,3,1610612749,MIL,1642358,Johnson,A. Johnson,0,0,0,,0,,,0,v,Johnson Bad Pass Turnover (P2.T13),Turnover,Bad Pass,1,0,273,0012400008,2024-10-06
0012400008,381,PT08M31.00S,3,1610612765,DET,1631105,Duren,J. Duren,0,0,0,,0,,,0,h,Duren STEAL (1 STL),,,1,0,274,0012400008,2024-10-06
0012400008,383,PT08M27.00S,3,1610612765,DET,1641842,Holland II,R. Holland II,2,8,1,Made,1,68,64,132,h,Holland II 1' Running Dunk (6 PTS) (Duren 4 AST),Made Shot,Running Dunk Shot,1,2,275,0012400008,2024-10-06
0012400008,385,PT08M00.00S,3,1610612749,MIL,1626153,Wright,D. Wright,-189,163,25,Missed,1,,,0,v,MISS Wright 25' 3PT Jump Shot,Missed Shot,Jump Shot,1,3,276,0012400008,2024-10-06
0012400008,386,PT07M58.00S,3,1610612765,DET,1630595,Cunningham,C. Cunningham,0,0,0,,0,,,0,h,Cunningham REBOUND (Off:2 Def:2),Rebound,Unknown,1,0,277,0012400008,2024-10-06
0012400008,387,PT07M52.00S,3,1610612765,DET,1630595,Cunningham,C. Cunningham,-223,28,0,Made,1,71,64,135,h,Cunningham 3PT Jump Shot (13 PTS) (Beasley 2 AST),Made Shot,Jump Shot,1,3,278,0012400008,2024-10-06
0012400008,389,PT07M51.00S,3,0,,1610612749,,,0,0,0,,0,,,0,v,Bucks Timeout: Regular (Reg.4 Short 0),Timeout,Regular,0,0,279,0012400008,2024-10-06
0012400008,391,PT07M51.00S,3,1610612749,MIL,1627752,Prince,T. Prince,0,0,0,,0,,,0,v,SUB: Jackson Jr. FOR Prince,Substitution,,0,0,280,0012400008,2024-10-06
0012400008,393,PT07M29.00S,3,1610612749,MIL,1642358,Johnson,A. Johnson,-21,-4,2,Missed,1,,,0,v,MISS Johnson 2' Driving Layup,Missed Shot,Driving Layup Shot,1,2,281,0012400008,2024-10-06
0012400008,394,PT07M24.00S,3,1610612749,MIL,1631260,Green,A. Green,0,0,0,,0,,,0,v,Green REBOUND (Off:1 Def:1),Rebound,Unknown,1,0,282,0012400008,2024-10-06
0012400008,395,PT07M21.00S,3,1610612749,MIL,1631260,Green,A. Green,21,250,25,Made,1,71,67,138,v,Green 25' 3PT Jump Shot (3 PTS),Made Shot,Jump Shot,1,3,283,0012400008,2024-10-06
0012400008,396,PT07M05.00S,3,1610612749,MIL,1628394,Pasecniks,A. Pasecniks,0,0,0,,0,,,0,v,Pasecniks S.FOUL (P1.T3) (A.Nagy),Foul,Shooting,1,0,284,0012400008,2024-10-06
0012400008,398,PT07M05.00S,3,1610612765,DET,1631093,Ivey,J. Ivey,0,0,0,,0,72,67,139,h,Ivey Free Throw 1 of 2 (21 PTS),Free Throw,Free Throw 1 of 2,1,0,285,0012400008,2024-10-06
0012400008,399,PT07M05.00S,3,1610612749,MIL,1631260,Green,A. Green,0,0,0,,0,,,0,v,SUB: Beauchamp FOR Green,Substitution,,0,0,286,0012400008,2024-10-06
0012400008,400,PT07M05.00S,3,1610612749,MIL,1626153,Wright,D. Wright,0,0,0,,0,,,0,v,SUB: Umude FOR Wright,Substitution,,0,0,287,0012400008,2024-10-06
0012400008,403,PT07M05.00S,3,1610612765,DET,1631093,Ivey,J. Ivey,0,0,0,,0,73,67,140,h,Ivey Free Throw 2 of 2 (22 PTS),Free Throw,Free Throw 2 of 2,1,0,288,0012400008,2024-10-06
0012400008,404,PT06M41.00S,3,1610612749,MIL,1641748,Jackson Jr.,A. Jackson Jr.,0,0,0,,0,,,0,v,Jackson Jr. Bad Pass Turnover (P1.T14),Turnover,Bad Pass,1,0,289,0012400008,2024-10-06
0012400008,404,PT06M41.00S,3,1610612765,DET,1630595,Cunningham,C. Cunningham,0,0,0,,0,,,0,h,Cunningham STEAL (1 STL),,,1,0,290,0012400008,2024-10-06
0012400008,406,PT06M37.00S,3,1610612749,MIL,1630699,Beauchamp,M. Beauchamp,0,0,0,,0,,,0,v,Beauchamp S.FOUL (P2.T4) (B.Haskill),Foul,Shooting,1,0,291,0012400008,2024-10-06
0012400008,408,PT06M37.00S,3,1610612765,DET,1641842,Holland II,R. Holland II,0,0,0,,0,74,67,141,h,Holland II Free Throw 1 of 2 (7 PTS),Free Throw,Free Throw 1 of 2,1,0,292,0012400008,2024-10-06
0012400008,409,PT06M37.00S,3,1610612765,DET,1627736,Beasley,M. Beasley,0,0,0,,0,,,0,h,SUB: Sasser FOR Beasley,Substitution,,0,0,293,0012400008,2024-10-06
0012400008,411,PT06M37.00S,3,1610612765,DET,1641842,Holland II,R. Holland II,0,0,0,,0,75,67,142,h,Holland II Free Throw 2 of 2 (8 PTS),Free Throw,Free Throw 2 of 2,1,0,294,0012400008,2024-10-06
0012400008,412,PT06M20.00S,3,1610612749,MIL,1628394,Pasecniks,A. Pasecniks,10,82,8,Made,1,75,69,144,v,Pasecniks 8' Floating Jump Shot (2 PTS) (Beauchamp 2 AST),Made Shot,Floating Jump shot,1,2,295,0012400008,2024-10-06
0012400008,414,PT06M02.00S,3,1610612765,DET,1630595,Cunningham,C. Cunningham,-136,214,25,Missed,1,,,0,h,MISS Cunningham 25' 3PT Jump Shot,Missed Shot,Jump Shot,1,3,296,0012400008,2024-10-06
0012400008,415,PT05M58.00S,3,0,,1610612765,,,0,0,0,,0,,,0,h,PISTONS Rebound,Rebound,Unknown,1,0,297,0012400008,2024-10-06
0012400008,417,PT05M58.00S,3,1610612765,DET,1631105,Duren,J. Duren,0,0,0,,0,,,0,h,SUB: Stewart FOR Duren,Substitution,,0,0,298,0012400008,2024-10-06
0012400008,418,PT05M58.00S,3,1610612765,DET,1630595,Cunningham,C. Cunningham,0,0,0,,0,,,0,h,SUB: Fontecchio FOR Cunningham,Substitution,,0,0,299,0012400008,2024-10-06
0012400008,421,PT05M48.00S,3,1610612765,DET,1641842,Holland II,R. Holland II,96,241,26,Missed,1,,,0,h,MISS Holland II 26' 3PT Jump Shot,Missed Shot,Jump Shot,1,3,300,0012400008,2024-10-06
0012400008,422,PT05M44.00S,3,1610612749,MIL,1641748,Jackson Jr.,A. Jackson Jr.,0,0,0,,0,,,0,v,Jackson Jr. REBOUND (Off:1 Def:3),Rebound,Unknown,1,0,301,0012400008,2024-10-06
0012400008,423,PT05M41.00S,3,1610612749,MIL,1641748,Jackson Jr.,A. Jackson Jr.,0,0,0,,0,,,0,v,Jackson Jr. Bad Pass Turnover (P2.T15),Turnover,Bad Pass,1,0,302,0012400008,2024-10-06
0012400008,423,PT05M41.00S,3,1610612765,DET,1631204,Sasser,M. Sasser,0,0,0,,0,,,0,h,Sasser STEAL (1 STL),,,1,0,303,0012400008,2024-10-06
0012400008,425,PT05M34.00S,3,1610612765,DET,1641842,Holland II,R. Holland II,23,6,2,Made,1,77,69,146,h,Holland II 2' Running Layup (10 PTS) (Sasser 1 AST),Made Shot,Running Layup Shot,1,2,304,0012400008,2024-10-06
0012400008,428,PT05M34.00S,3,1610612749,MIL,1628394,Pasecniks,A. Pasecniks,0,0,0,,0,,,0,v,Pasecniks Violation:Defensive Goaltending (A.Nagy),Violation,Defensive Goaltending,1,0,305,0012400008,2024-10-06
0012400008,430,PT05M13.00S,3,1610612749,MIL,1642358,Johnson,A. Johnson,11,59,6,Missed,1,,,0,v,MISS Johnson 6' Driving Layup,Missed Shot,Driving Layup Shot,1,2,306,0012400008,2024-10-06
0012400008,431,PT05M11.00S,3,1610612765,DET,1631323,Fontecchio,S. Fontecchio,0,0,0,,0,,,0,h,Fontecchio REBOUND (Off:0 Def:2),Rebound,Unknown,1,0,307,0012400008,2024-10-06
0012400008,432,PT05M08.00S,3,1610612765,DET,1631204,Sasser,M. Sasser,224,15,0,Missed,1,,,0,h,MISS Sasser 3PT Running Jump Shot,Missed Shot,Running Jump Shot,1,3,308,0012400008,2024-10-06
0012400008,433,PT05M05.00S,3,1610612765,DET,1631323,Fontecchio,S. Fontecchio,0,0,0,,0,,,0,h,Fontecchio REBOUND (Off:1 Def:2),Rebound,Unknown,1,0,309,0012400008,2024-10-06
0012400008,434,PT05M01.00S,3,1610612765,DET,1631323,Fontecchio,S. Fontecchio,140,218,26,Missed,1,,,0,h,MISS Fontecchio 26' 3PT Pullup Jump Shot,Missed Shot,Pullup Jump shot,1,3,310,0012400008,2024-10-06
0012400008,435,PT04M59.00S,3,1610612749,MIL,1641748,Jackson Jr.,A. Jackson Jr.,0,0,0,,0,,,0,v,Jackson Jr. REBOUND (Off:1 Def:4),Rebound,Unknown,1,0,311,0012400008,2024-10-06
0012400008,436,PT04M56.00S,3,1610612749,MIL,1630699,Beauchamp,M. Beauchamp,0,0,0,,0,,,0,v,Beauchamp Step Out of Bounds Turnover (P1.T16),Turnover,Step Out of Bounds Turnover,1,0,312,0012400008,2024-10-06
0012400008,437,PT04M56.00S,3,1610612765,DET,1631093,Ivey,J. Ivey,0,0,0,,0,,,0,h,SUB: Moore Jr. FOR Ivey,Substitution,,0,0,313,0012400008,2024-10-06
0012400008,439,PT04M37.00S,3,1610612765,DET,1630191,Stewart,I. Stewart,25,31,4,Made,1,79,69,148,h,Stewart 4' Hook Bank Shot (4 PTS) (Sasser 2 AST),Made Shot,Hook Bank Shot,1,2,314,0012400008,2024-10-06
0012400008,441,PT04M18.00S,3,1610612749,MIL,1642358,Johnson,A. Johnson,-109,155,19,Missed,1,,,0,v,MISS Johnson 19' Driving Floating Jump Shot,Missed Shot,Driving Floating Jump Shot,1,2,315,0012400008,2024-10-06
0012400008,442,PT04M16.00S,3,1610612765,DET,1631111,Moore Jr.,W. Moore Jr.,0,0,0,,0,,,0,h,Moore Jr. REBOUND (Off:0 Def:1),Rebound,Unknown,1,0,316,0012400008,2024-10-06
0012400008,443,PT04M11.00S,3,1610612765,DET,1631323,Fontecchio,S. Fontecchio,0,0,0,,0,,,0,h,Fontecchio Bad Pass Turnover (P1.T9),Turnover,Bad Pass,1,0,317,0012400008,2024-10-06
0012400008,443,PT04M11.00S,3,1610612749,MIL,1630699,Beauchamp,M. Beauchamp,0,0,0,,0,,,0,v,Beauchamp STEAL (1 STL),,,1,0,318,0012400008,2024-10-06
0012400008,445,PT04M09.00S,3,1610612765,DET,1631323,Fontecchio,S. Fontecchio,0,0,0,,0,,,0,h,Fontecchio S.FOUL (P1.T3) (B.Haskill),Foul,Shooting,1,0,319,0012400008,2024-10-06
0012400008,447,PT04M09.00S,3,1610612749,MIL,1630699,Beauchamp,M. Beauchamp,0,0,0,,0,,,0,v,MISS Beauchamp Free Throw 1 of 2,Free Throw,Free Throw 1 of 2,1,0,320,0012400008,2024-10-06
0012400008,451,PT04M09.00S,3,0,,1610612749,,,0,0,0,,0,,,0,v,Bucks Rebound,Rebound,Normal Rebound,1,0,321,0012400008,2024-10-06
0012400008,449,PT04M09.00S,3,1610612749,MIL,1628394,Pasecniks,A. Pasecniks,0,0,0,,0,,,0,v,SUB: Livingston FOR Pasecniks,Substitution,,0,0,322,0012400008,2024-10-06
0012400008,452,PT04M09.00S,3,1610612749,MIL,1630699,Beauchamp,M. Beauchamp,0,0,0,,0,79,70,149,v,Beauchamp Free Throw 2 of 2 (1 PTS),Free Throw,Free Throw 2 of 2,1,0,323,0012400008,2024-10-06
0012400008,453,PT03M58.00S,3,1610612765,DET,1631204,Sasser,M. Sasser,-4,16,2,Made,1,81,70,151,h,Sasser 2' Cutting Layup Shot (2 PTS) (Stewart 1 AST),Made Shot,Cutting Layup Shot,1,2,324,0012400008,2024-10-06
0012400008,455,PT03M58.00S,3,1610612749,MIL,1641753,Livingston,C. Livingston,0,0,0,,0,,,0,v,Livingston S.FOUL (P1.PN) (B.Haskill),Foul,Shooting,1,0,325,0012400008,2024-10-06
0012400008,457,PT03M58.00S,3,1610612765,DET,1631204,Sasser,M. Sasser,0,0,0,,0,82,70,152,h,Sasser Free Throw 1 of 1 (3 PTS),Free Throw,Free Throw 1 of 1,1,0,326,0012400008,2024-10-06
0012400008,458,PT03M43.00S,3,1610612749,MIL,1642358,Johnson,A. Johnson,-42,47,6,Missed,1,,,0,v,MISS Johnson 6' Driving Layup,Missed Shot,Driving Layup Shot,1,2,327,0012400008,2024-10-06
0012400008,458,PT03M43.00S,3,1610612765,DET,1630191,Stewart,I. Stewart,0,0,0,,0,,,0,h,Stewart BLOCK (1 BLK),,,1,2,328,0012400008,2024-10-06
0012400008,460,PT03M39.00S,3,1610612749,MIL,1642358,Johnson,A. Johnson,0,0,0,,0,,,0,v,Johnson REBOUND (Off:1 Def:0),Rebound,Unknown,1,0,329,0012400008,2024-10-06
0012400008,461,PT03M38.00S,3,1610612749,MIL,1642358,Johnson,A. Johnson,-10,3,1,Made,1,82,72,154,v,Johnson 1' Putback Layup (2 PTS),Made Shot,Putback Layup Shot,1,2,330,0012400008,2024-10-06
0012400008,462,PT03M22.00S,3,1610612765,DET,1641842,Holland II,R. Holland II,-21,33,4,Missed,1,,,0,h,MISS Holland II 4' Driving Layup,Missed Shot,Driving Layup Shot,1,2,331,0012400008,2024-10-06
0012400008,462,PT03M22.00S,3,1610612749,MIL,1630699,Beauchamp,M. Beauchamp,0,0,0,,0,,,0,v,Beauchamp BLOCK (1 BLK),,,1,2,332,0012400008,2024-10-06
0012400008,464,PT03M19.00S,3,1610612749,MIL,1630699,Beauchamp,M. Beauchamp,0,0,0,,0,,,0,v,Beauchamp REBOUND (Off:0 Def:3),Rebound,Unknown,1,0,333,0012400008,2024-10-06
0012400008,465,PT03M16.00S,3,1610612749,MIL,1641753,Livingston,C. Livingston,10,27,3,Missed,1,,,0,v,MISS Livingston 3' Running Layup,Missed Shot,Running Layup Shot,1,2,334,0012400008,2024-10-06
0012400008,466,PT03M12.00S,3,1610612749,MIL,1630699,Beauchamp,M. Beauchamp,0,0,0,,0,,,0,v,Beauchamp REBOUND (Off:1 Def:3),Rebound,Unknown,1,0,335,0012400008,2024-10-06
0012400008,469,PT03M08.00S,3,1610612749,MIL,1630699,Beauchamp,M. Beauchamp,10,61,6,Missed,1,,,0,v,MISS Beauchamp 6' Driving Floating Jump Shot,Missed Shot,Driving Floating Jump Shot,1,2,336,0012400008,2024-10-06
0012400008,470,PT03M06.00S,3,1610612765,DET,1630191,Stewart,I. Stewart,0,0,0,,0,,,0,h,Stewart REBOUND (Off:0 Def:2),Rebound,Unknown,1,0,337,0012400008,2024-10-06
0012400008,478,PT02M58.00S,3,1610612765,DET,1631323,Fontecchio,S. Fontecchio,-23,63,7,Missed,1,,,0,h,MISS Fontecchio 7' Driving Layup,Missed Shot,Driving Layup Shot,1,2,338,0012400008,2024-10-06
0012400008,478,PT02M58.00S,3,1610612749,MIL,1630699,Beauchamp,M. Beauchamp,0,0,0,,0,,,0,v,Beauchamp BLOCK (2 BLK),,,1,2,339,0012400008,2024-10-06
0012400008,480,PT02M58.00S,3,1610612765,DET,1631323,Fontecchio,S. Fontecchio,0,0,0,,0,,,0,h,Fontecchio REBOUND (Off:2 Def:2),Rebound,Unknown,1,0,340,0012400008,2024-10-06
0012400008,471,PT02M55.00S,3,1610612765,DET,1631323,Fontecchio,S. Fontecchio,33,54,6,Missed,1,,,0,h,MISS Fontecchio 6' Layup,Missed Shot,Layup Shot,1,2,341,0012400008,2024-10-06
0012400008,471,PT02M55.00S,3,1610612749,MIL,1641753,Livingston,C. Livingston,0,0,0,,0,,,0,v,Livingston BLOCK (1 BLK),,,1,2,342,0012400008,2024-10-06
0012400008,473,PT02M51.00S,3,1610612749,MIL,1641753,Livingston,C. Livingston,0,0,0,,0,,,0,v,Livingston REBOUND (Off:0 Def:1),Rebound,Unknown,1,0,343,0012400008,2024-10-06
0012400008,474,PT02M50.00S,3,1610612749,MIL,1641748,Jackson Jr.,A. Jackson Jr.,0,0,0,,0,,,0,v,Jackson Jr. OFF.Foul (P1) (A.Nagy),Foul,Offensive,1,0,344,0012400008,2024-10-06
0012400008,476,PT02M50.00S,3,1610612749,MIL,1641748,Jackson Jr.,A. Jackson Jr.,0,0,0,,0,,,0,v,Jackson Jr. Offensive Foul Turnover (P3.T17),Turnover,Offensive Foul Turnover,1,0,345,0012400008,2024-10-06
0012400008,477,PT02M50.00S,3,0,,1610612765,,,0,0,0,,0,,,0,h,PISTONS Timeout: Regular (Full 2 Short 0),Timeout,Regular,0,0,346,0012400008,2024-10-06
0012400008,481,PT02M50.00S,3,1610612765,DET,1641842,Holland II,R. Holland II,0,0,0,,0,,,0,h,SUB: Reed FOR Holland II,Substitution,,0,0,347,0012400008,2024-10-06
0012400008,482,PT02M50.00S,3,1610612749,MIL,1642358,Johnson,A. Johnson,0,0,0,,0,,,0,v,SUB: Rollins FOR Johnson,Substitution,,0,0,348,0012400008,2024-10-06
0012400008,485,PT02M33.00S,3,1610612765,DET,1631111,Moore Jr.,W. Moore Jr.,-32,27,4,Missed,1,,,0,h,MISS Moore Jr. 4' Driving Layup,Missed Shot,Driving Layup Shot,1,2,349,0012400008,2024-10-06
0012400008,486,PT02M30.00S,3,1610612765,DET,1631111,Moore Jr.,W. Moore Jr.,0,0,0,,0,,,0,h,Moore Jr. REBOUND (Off:1 Def:1),Rebound,Unknown,1,0,350,0012400008,2024-10-06
0012400008,487,PT02M30.00S,3,1610612765,DET,1631111,Moore Jr.,W. Moore Jr.,-12,17,2,Made,1,84,72,156,h,Moore Jr. 2' Tip Layup Shot (2 PTS),Made Shot,Tip Layup Shot,1,2,351,0012400008,2024-10-06
0012400008,488,PT02M18.00S,3,1610612749,MIL,1630649,Umude,S. Umude,-207,122,24,Missed,1,,,0,v,MISS Umude 24' 3PT Jump Shot,Missed Shot,Jump Shot,1,3,352,0012400008,2024-10-06
0012400008,489,PT02M16.00S,3,1610612765,DET,1631111,Moore Jr.,W. Moore Jr.,0,0,0,,0,,,0,h,Moore Jr. REBOUND (Off:1 Def:2),Rebound,Unknown,1,0,353,0012400008,2024-10-06
0012400008,490,PT02M12.00S,3,1610612765,DET,1631111,Moore Jr.,W. Moore Jr.,0,0,0,,0,,,0,h,Moore Jr. Bad Pass Turnover (P1.T10),Turnover,Bad Pass,1,0,354,0012400008,2024-10-06
0012400008,490,PT02M12.00S,3,1610612749,MIL,1641748,Jackson Jr.,A. Jackson Jr.,0,0,0,,0,,,0,v,Jackson Jr. STEAL (1 STL),,,1,0,355,0012400008,2024-10-06
0012400008,492,PT02M09.00S,3,1610612749,MIL,1641748,Jackson Jr.,A. Jackson Jr.,51,43,7,Missed,1,,,0,v,MISS Jackson Jr. 7' Layup,Missed Shot,Layup Shot,1,2,356,0012400008,2024-10-06
0012400008,492,PT02M09.00S,3,1610612765,DET,1631111,Moore Jr.,W. Moore Jr.,0,0,0,,0,,,0,h,Moore Jr. BLOCK (1 BLK),,,1,2,357,0012400008,2024-10-06
0012400008,494,PT02M08.00S,3,0,,1610612749,,,0,0,0,,0,,,0,v,Bucks Rebound,Rebound,Unknown,1,0,358,0012400008,2024-10-06
0012400008,496,PT02M03.00S,3,1610612765,DET,1631323,Fontecchio,S. Fontecchio,0,0,0,,0,,,0,h,Fontecchio S.FOUL (P2.T4) (A.Nagy),Foul,Shooting,1,0,359,0012400008,2024-10-06
0012400008,498,PT02M03.00S,3,1610612749,MIL,1630649,Umude,S. Umude,0,0,0,,0,84,73,157,v,Umude Free Throw 1 of 2 (1 PTS),Free Throw,Free Throw 1 of 2,1,0,360,0012400008,2024-10-06
0012400008,499,PT02M03.00S,3,1610612749,MIL,1630649,Umude,S. Umude,0,0,0,,0,84,74,158,v,Umude Free Throw 2 of 2 (2 PTS),Free Throw,Free Throw 2 of 2,0,0,361,0012400008,2024-10-06
0012400008,500,PT01M44.00S,3,1610612765,DET,1631323,Fontecchio,S. Fontecchio,42,33,5,Made,1,86,74,160,h,Fontecchio 5' Driving Layup (9 PTS) (Sasser 3 AST),Made Shot,Driving Layup Shot,1,2,362,0012400008,2024-10-06
0012400008,501,PT01M21.00S,3,1610612749,MIL,1641748,Jackson Jr.,A. Jackson Jr.,-55,90,11,Missed,1,,,0,v,MISS Jackson Jr. 11' Floating Jump Shot,Missed Shot,Floating Jump shot,1,2,363,0012400008,2024-10-06
0012400008,502,PT01M19.00S,3,1610612749,MIL,1641748,Jackson Jr.,A. Jackson Jr.,0,0,0,,0,,,0,v,Jackson Jr. REBOUND (Off:2 Def:4),Rebound,Unknown,1,0,364,0012400008,2024-10-06
0012400008,503,PT01M18.00S,3,1610612749,MIL,1631157,Rollins,R. Rollins,-132,208,25,Made,1,86,77,163,v,Rollins 25' 3PT Jump Bank Shot (3 PTS) (Jackson Jr. 1 AST),Made Shot,Jump Bank Shot,1,3,365,0012400008,2024-10-06
0012400008,505,PT00M58.20S,3,1610612765,DET,1631111,Moore Jr.,W. Moore Jr.,0,0,0,,0,,,0,h,Moore Jr. Lost Ball Turnover (P2.T11),Turnover,Lost Ball,1,0,366,0012400008,2024-10-06
0012400008,505,PT00M58.20S,3,1610612749,MIL,1631157,Rollins,R. Rollins,0,0,0,,0,,,0,v,Rollins STEAL (1 STL),,,1,0,367,0012400008,2024-10-06
0012400008,507,PT00M56.50S,3,1610612749,MIL,1641748,Jackson Jr.,A. Jackson Jr.,-5,0,1,Made,1,86,79,165,v,Jackson Jr. 1' Running Layup (2 PTS),Made Shot,Running Layup Shot,1,2,368,0012400008,2024-10-06
0012400008,509,PT00M51.80S,3,1610612765,DET,1631111,Moore Jr.,W. Moore Jr.,196,152,25,Made,1,89,79,168,h,Moore Jr. 25' 3PT Pullup Jump Shot (5 PTS) (Sasser 4 AST),Made Shot,Pullup Jump shot,1,3,369,0012400008,2024-10-06
0012400008,511,PT00M38.70S,3,1610612749,MIL,1630699,Beauchamp,M. Beauchamp,-109,103,15,Missed,1,,,0,v,MISS Beauchamp 15' Pullup Jump Shot,Missed Shot,Pullup Jump shot,1,2,370,0012400008,2024-10-06
0012400008,512,PT00M35.90S,3,1610612765,DET,1631323,Fontecchio,S. Fontecchio,0,0,0,,0,,,0,h,Fontecchio REBOUND (Off:2 Def:3),Rebound,Unknown,1,0,371,0012400008,2024-10-06
0012400008,513,PT00M29.30S,3,1610612765,DET,1631204,Sasser,M. Sasser,27,26,4,Missed,1,,,0,h,MISS Sasser 4' Driving Layup,Missed Shot,Driving Layup Shot,1,2,372,0012400008,2024-10-06
0012400008,514,PT00M27.00S,3,1610612749,MIL,1631157,Rollins,R. Rollins,0,0,0,,0,,,0,v,Rollins REBOUND (Off:0 Def:1),Rebound,Unknown,1,0,373,0012400008,2024-10-06
0012400008,515,PT00M22.70S,3,1610612749,MIL,1630649,Umude,S. Umude,120,230,26,Missed,1,,,0,v,MISS Umude 26' 3PT Running Jump Shot,Missed Shot,Running Jump Shot,1,3,374,0012400008,2024-10-06
0012400008,515,PT00M22.70S,3,1610612765,DET,1630194,Reed,P. Reed,0,0,0,,0,,,0,h,Reed BLOCK (1 BLK),,,1,3,375,0012400008,2024-10-06
0012400008,517,PT00M22.70S,3,0,,1610612749,,,0,0,0,,0,,,0,v,Bucks Rebound,Rebound,Unknown,1,0,376,0012400008,2024-10-06
0012400008,519,PT00M22.70S,3,1610612749,MIL,1630699,Beauchamp,M. Beauchamp,0,0,0,,0,,,0,v,SUB: Smith FOR Beauchamp,Substitution,,0,0,377,0012400008,2024-10-06
0012400008,520,PT00M22.70S,3,1610612749,MIL,1641748,Jackson Jr.,A. Jackson Jr.,0,0,0,,0,,,0,v,SUB: Green FOR Jackson Jr.,Substitution,,0,0,378,0012400008,2024-10-06
0012400008,523,PT00M14.20S,3,1610612749,MIL,1641890,Smith,T. Smith,-227,93,25,Missed,1,,,0,v,MISS Smith 25' 3PT Jump Shot,Missed Shot,Jump Shot,1,3,379,0012400008,2024-10-06
0012400008,524,PT00M07.80S,3,1610612765,DET,1631111,Moore Jr.,W. Moore Jr.,0,0,0,,0,,,0,h,Moore Jr. REBOUND (Off:1 Def:3),Rebound,Unknown,1,0,380,0012400008,2024-10-06
0012400008,525,PT00M02.10S,3,1610612749,MIL,1631157,Rollins,R. Rollins,0,0,0,,0,,,0,v,Rollins P.FOUL (P1.PN) (A.Nagy),Foul,Personal,1,0,381,0012400008,2024-10-06
0012400008,527,PT00M02.10S,3,1610612765,DET,1631204,Sasser,M. Sasser,0,0,0,,0,90,79,169,h,Sasser Free Throw 1 of 2 (4 PTS),Free Throw,Free Throw 1 of 2,1,0,382,0012400008,2024-10-06
0012400008,528,PT00M02.10S,3,1610612765,DET,1631204,Sasser,M. Sasser,0,0,0,,0,91,79,170,h,Sasser Free Throw 2 of 2 (5 PTS),Free Throw,Free Throw 2 of 2,1,0,383,0012400008,2024-10-06
0012400008,529,PT00M00.00S,3,0,,0,,,0,0,0,,0,91,79,170,,End of 3rd Period (9:53 PM EST),period,end,1,0,384,0012400008,2024-10-06
0012400008,531,PT12M00.00S,4,0,,0,,,0,0,0,,0,91,79,170,,Start of 4th Period (9:56 PM EST),period,start,0,0,385,0012400008,2024-10-06
0012400008,532,PT11M41.00S,4,1610612765,DET,1631204,Sasser,M. Sasser,27,0,3,Made,1,93,79,172,h,Sasser 3' Cutting Layup Shot (7 PTS) (Reed 1 AST),Made Shot,Cutting Layup Shot,1,2,386,0012400008,2024-10-06
0012400008,534,PT11M25.00S,4,1610612749,MIL,1631157,Rollins,R. Rollins,0,0,0,,0,,,0,v,Rollins Bad Pass Turnover (P1.T18),Turnover,Bad Pass,1,0,387,0012400008,2024-10-06
0012400008,534,PT11M25.00S,4,1610612765,DET,1630194,Reed,P. Reed,0,0,0,,0,,,0,h,Reed STEAL (1 STL),,,1,0,388,0012400008,2024-10-06
0012400008,536,PT11M14.00S,4,1610612765,DET,1630194,Reed,P. Reed,5,85,9,Made,1,95,79,174,h,Reed 9' Turnaround Fadeaway (2 PTS),Made Shot,Turnaround Fadeaway shot,1,2,389,0012400008,2024-10-06
0012400008,537,PT10M55.00S,4,1610612749,MIL,1641890,Smith,T. Smith,-205,147,25,Missed,1,,,0,v,MISS Smith 25' 3PT Jump Shot,Missed Shot,Jump Shot,1,3,390,0012400008,2024-10-06
0012400008,538,PT10M53.00S,4,1610612765,DET,1630194,Reed,P. Reed,0,0,0,,0,,,0,h,Reed REBOUND (Off:0 Def:1),Rebound,Unknown,1,0,391,0012400008,2024-10-06
0012400008,539,PT10M44.00S,4,1610612765,DET,1630191,Stewart,I. Stewart,-27,46,5,Made,1,97,79,176,h,Stewart 5' Cutting Layup Shot (6 PTS) (Sasser 5 AST),Made Shot,Cutting Layup Shot,1,2,392,0012400008,2024-10-06
0012400008,541,PT10M29.00S,4,1610612749,MIL,1630649,Umude,S. Umude,-233,55,24,Made,1,97,82,179,v,Umude 24' 3PT Jump Shot (5 PTS) (Rollins 1 AST),Made Shot,Jump Shot,1,3,393,0012400008,2024-10-06
0012400008,543,PT10M06.00S,4,1610612765,DET,1631204,Sasser,M. Sasser,148,221,27,Missed,1,,,0,h,MISS Sasser 27' 3PT Jump Shot,Missed Shot,Jump Shot,1,3,394,0012400008,2024-10-06
0012400008,544,PT10M04.00S,4,1610612749,MIL,1630649,Umude,S. Umude,0,0,0,,0,,,0,v,Umude REBOUND (Off:0 Def:1),Rebound,Unknown,1,0,395,0012400008,2024-10-06
0012400008,545,PT10M01.00S,4,1610612749,MIL,1641890,Smith,T. Smith,-9,17,2,Made,1,97,84,181,v,Smith 2' Running Layup (2 PTS) (Umude 1 AST),Made Shot,Running Layup Shot,1,2,396,0012400008,2024-10-06
0012400008,547,PT09M55.00S,4,1610612765,DET,1630191,Stewart,I. Stewart,0,0,0,,0,,,0,h,Jump Ball Stewart vs. Rollins: Tip to Reed,Jump Ball,,1,0,397,0012400008,2024-10-06
0012400008,550,PT09M49.00S,4,1610612765,DET,1630194,Reed,P. Reed,121,95,15,Missed,1,,,0,h,MISS Reed 15' Turnaround Fadeaway Shot,Missed Shot,Turnaround Fadeaway shot,1,2,398,0012400008,2024-10-06
0012400008,551,PT09M46.00S,4,1610612749,MIL,1631260,Green,A. Green,0,0,0,,0,,,0,v,Green REBOUND (Off:1 Def:2),Rebound,Unknown,1,0,399,0012400008,2024-10-06
0012400008,552,PT09M40.00S,4,1610612749,MIL,1630649,Umude,S. Umude,150,205,25,Missed,1,,,0,v,MISS Umude 25' 3PT Running Jump Shot,Missed Shot,Running Jump Shot,1,3,400,0012400008,2024-10-06
0012400008,553,PT09M38.00S,4,1610612765,DET,1631204,Sasser,M. Sasser,0,0,0,,0,,,0,h,Sasser REBOUND (Off:0 Def:1),Rebound,Unknown,1,0,401,0012400008,2024-10-06
0012400008,554,PT09M17.00S,4,1610612765,DET,1631111,Moore Jr.,W. Moore Jr.,228,28,0,Made,1,100,84,184,h,Moore Jr. 3PT Jump Shot (8 PTS) (Sasser 6 AST),Made Shot,Jump Shot,1,3,402,0012400008,2024-10-06
0012400008,556,PT08M52.00S,4,1610612749,MIL,1631260,Green,A. Green,51,247,25,Missed,1,,,0,v,MISS Green 25' 3PT Jump Shot,Missed Shot,Jump Shot,1,3,403,0012400008,2024-10-06
0012400008,557,PT08M49.00S,4,1610612765,DET,1631111,Moore Jr.,W. Moore Jr.,0,0,0,,0,,,0,h,Moore Jr. REBOUND (Off:1 Def:4),Rebound,Unknown,1,0,404,0012400008,2024-10-06
0012400008,558,PT08M42.00S,4,1610612765,DET,1631323,Fontecchio,S. Fontecchio,-223,31,0,Missed,1,,,0,h,MISS Fontecchio 3PT Jump Shot,Missed Shot,Jump Shot,1,3,405,0012400008,2024-10-06
0012400008,558,PT08M42.00S,4,1610612749,MIL,1630649,Umude,S. Umude,0,0,0,,0,,,0,v,Umude BLOCK (1 BLK),,,1,3,406,0012400008,2024-10-06
0012400008,560,PT08M42.00S,4,0,,1610612765,,,0,0,0,,0,,,0,h,PISTONS Rebound,Rebound,Unknown,0,0,407,0012400008,2024-10-06
0012400008,562,PT08M42.00S,4,1610612765,DET,1631323,Fontecchio,S. Fontecchio,0,0,0,,0,,,0,h,SUB: Jenkins FOR Fontecchio,Substitution,,0,0,408,0012400008,2024-10-06
0012400008,563,PT08M42.00S,4,1610612749,MIL,1641753,Livingston,C. Livingston,0,0,0,,0,,,0,v,SUB: Robbins FOR Livingston,Substitution,,0,0,409,0012400008,2024-10-06
0012400008,566,PT08M34.00S,4,1610612765,DET,1631204,Sasser,M. Sasser,17,20,3,Made,1,102,84,186,h,Sasser 3' Driving Layup (9 PTS) (Moore Jr. 1 AST),Made Shot,Driving Layup Shot,1,2,410,0012400008,2024-10-06
0012400008,567,PT08M34.00S,4,1610612749,MIL,1641857,Robbins,L. Robbins,0,0,0,,0,,,0,v,Robbins Violation:Defensive Goaltending (A.Nagy),Violation,Defensive Goaltending,1,0,411,0012400008,2024-10-06
0012400008,568,PT08M34.00S,4,1610612749,MIL,1641890,Smith,T. Smith,0,0,0,,0,,,0,v,Smith S.FOUL (P1.T1) (A.Nagy),Foul,Shooting,1,0,412,0012400008,2024-10-06
0012400008,570,PT08M34.00S,4,1610612749,MIL,1631260,Green,A. Green,0,0,0,,0,,,0,v,SUB: Johnson FOR Green,Substitution,,0,0,413,0012400008,2024-10-06
0012400008,572,PT08M34.00S,4,1610612765,DET,1631204,Sasser,M. Sasser,0,0,0,,0,103,84,187,h,Sasser Free Throw 1 of 1 (10 PTS),Free Throw,Free Throw 1 of 1,1,0,414,0012400008,2024-10-06
0012400008,573,PT08M22.00S,4,1610612749,MIL,1641857,Robbins,L. Robbins,5,220,22,Missed,1,,,0,v,MISS Robbins 22' Jump Shot,Missed Shot,Jump Shot,1,2,415,0012400008,2024-10-06
0012400008,574,PT08M20.00S,4,1610612765,DET,1630194,Reed,P. Reed,0,0,0,,0,,,0,h,Reed REBOUND (Off:0 Def:2),Rebound,Unknown,1,0,416,0012400008,2024-10-06
0012400008,575,PT08M12.00S,4,1610612765,DET,1630191,Stewart,I. Stewart,233,11,0,Made,1,106,84,190,h,Stewart 3PT Jump Shot (9 PTS) (Sasser 7 AST),Made Shot,Jump Shot,1,3,417,0012400008,2024-10-06
0012400008,578,PT07M58.00S,4,1610612765,DET,1631111,Moore Jr.,W. Moore Jr.,0,0,0,,0,,,0,h,Moore Jr. P.FOUL (P1.T1) (A.Nagy),Foul,Personal,1,0,418,0012400008,2024-10-06
0012400008,580,PT07M58.00S,4,1610612749,MIL,1630649,Umude,S. Umude,0,0,0,,0,,,0,v,SUB: Jackson Jr. FOR Umude,Substitution,,0,0,419,0012400008,2024-10-06
0012400008,582,PT07M49.00S,4,1610612749,MIL,1641890,Smith,T. Smith,240,21,24,Missed,1,,,0,v,MISS Smith 24' 3PT Jump Shot,Missed Shot,Jump Shot,1,3,420,0012400008,2024-10-06
0012400008,583,PT07M46.00S,4,1610612765,DET,1631204,Sasser,M. Sasser,0,0,0,,0,,,0,h,Sasser REBOUND (Off:0 Def:2),Rebound,Unknown,1,0,421,0012400008,2024-10-06
0012400008,584,PT07M39.00S,4,1610612765,DET,1630194,Reed,P. Reed,-47,26,5,Made,1,108,84,192,h,Reed 5' Driving Layup (4 PTS) (Jenkins 1 AST),Made Shot,Driving Layup Shot,1,2,422,0012400008,2024-10-06
0012400008,586,PT07M30.00S,4,0,,1610612749,,,0,0,0,,0,,,0,v,Bucks Timeout: Regular (Reg.5 Short 0),Timeout,Regular,0,0,423,0012400008,2024-10-06
0012400008,588,PT07M30.00S,4,1610612765,DET,1630191,Stewart,I. Stewart,0,0,0,,0,,,0,h,SUB: Evbuomwan FOR Stewart,Substitution,,0,0,424,0012400008,2024-10-06
0012400008,590,PT07M15.00S,4,1610612749,MIL,1631157,Rollins,R. Rollins,156,208,26,Missed,1,,,0,v,MISS Rollins 26' 3PT Jump Shot,Missed Shot,Jump Shot,1,3,425,0012400008,2024-10-06
0012400008,591,PT07M10.00S,4,1610612765,DET,1641787,Evbuomwan,T. Evbuomwan,0,0,0,,0,,,0,h,Evbuomwan REBOUND (Off:0 Def:1),Rebound,Unknown,1,0,426,0012400008,2024-10-06
0012400008,592,PT06M57.00S,4,1610612765,DET,1630194,Reed,P. Reed,-6,257,26,Missed,1,,,0,h,MISS Reed 26' 3PT Jump Shot,Missed Shot,Jump Shot,1,3,427,0012400008,2024-10-06
0012400008,593,PT06M54.00S,4,1610612749,MIL,1631157,Rollins,R. Rollins,0,0,0,,0,,,0,v,Rollins REBOUND (Off:0 Def:2),Rebound,Unknown,1,0,428,0012400008,2024-10-06
0012400008,594,PT06M40.00S,4,1610612749,MIL,1641857,Robbins,L. Robbins,0,0,0,,0,,,0,v,Robbins Bad Pass Turnover (P1.T19),Turnover,Bad Pass,1,0,429,0012400008,2024-10-06
0012400008,594,PT06M40.00S,4,1610612765,DET,1630194,Reed,P. Reed,0,0,0,,0,,,0,h,Reed STEAL (2 STL),,,1,0,430,0012400008,2024-10-06
0012400008,596,PT06M35.00S,4,1610612765,DET,1641787,Evbuomwan,T. Evbuomwan,5,17,2,Missed,1,,,0,h,MISS Evbuomwan 2' Running Layup,Missed Shot,Running Layup Shot,1,2,431,0012400008,2024-10-06
0012400008,596,PT06M35.00S,4,1610612749,MIL,1641857,Robbins,L. Robbins,0,0,0,,0,,,0,v,Robbins BLOCK (1 BLK),,,1,2,432,0012400008,2024-10-06
0012400008,598,PT06M32.00S,4,1610612749,MIL,1631157,Rollins,R. Rollins,0,0,0,,0,,,0,v,Rollins REBOUND (Off:0 Def:3),Rebound,Unknown,1,0,433,0012400008,2024-10-06
0012400008,599,PT06M28.00S,4,1610612749,MIL,1641890,Smith,T. Smith,-11,0,1,Missed,1,,,0,v,MISS Smith 1' Running Dunk,Missed Shot,Running Dunk Shot,1,2,434,0012400008,2024-10-06
0012400008,599,PT06M28.00S,4,1610612765,DET,1631111,Moore Jr.,W. Moore Jr.,0,0,0,,0,,,0,h,Moore Jr. BLOCK (2 BLK),,,1,2,435,0012400008,2024-10-06
0012400008,601,PT06M27.00S,4,1610612749,MIL,1631157,Rollins,R. Rollins,0,0,0,,0,,,0,v,Rollins REBOUND (Off:1 Def:3),Rebound,Unknown,1,0,436,0012400008,2024-10-06
0012400008,602,PT06M27.00S,4,1610612749,MIL,1631157,Rollins,R. Rollins,-23,-17,3,Missed,1,,,0,v,MISS Rollins 3' Putback Layup,Missed Shot,Putback Layup Shot,1,2,437,0012400008,2024-10-06
0012400008,602,PT06M27.00S,4,1610612765,DET,1630194,Reed,P. Reed,0,0,0,,0,,,0,h,Reed BLOCK (2 BLK),,,1,2,438,0012400008,2024-10-06
0012400008,604,PT06M27.00S,4,0,,1610612749,,,0,0,0,,0,,,0,v,Bucks Rebound,Rebound,Unknown,1,0,439,0012400008,2024-10-06
0012400008,606,PT06M24.00S,4,1610612749,MIL,1642358,Johnson,A. Johnson,0,0,0,,0,,,0,v,Johnson Bad Pass Turnover (P3.T20),Turnover,Bad Pass,1,0,440,0012400008,2024-10-06
0012400008,606,PT06M24.00S,4,1610612765,DET,1641787,Evbuomwan,T. Evbuomwan,0,0,0,,0,,,0,h,Evbuomwan STEAL (1 STL),,,1,0,441,0012400008,2024-10-06
0012400008,608,PT06M18.00S,4,1610612765,DET,1631204,Sasser,M. Sasser,11,5,1,Made,1,110,84,194,h,Sasser 1' Running Dunk (12 PTS) (Evbuomwan 1 AST),Made Shot,Running Dunk Shot,1,2,442,0012400008,2024-10-06
0012400008,610,PT05M57.00S,4,1610612749,MIL,1641890,Smith,T. Smith,134,126,18,Missed,1,,,0,v,MISS Smith 18' Pullup Jump Shot,Missed Shot,Pullup Jump shot,1,2,443,0012400008,2024-10-06
0012400008,611,PT05M54.00S,4,1610612765,DET,1641787,Evbuomwan,T. Evbuomwan,0,0,0,,0,,,0,h,Evbuomwan REBOUND (Off:0 Def:2),Rebound,Unknown,1,0,444,0012400008,2024-10-06
0012400008,612,PT05M43.00S,4,1610612765,DET,1642450,Jenkins,D. Jenkins,32,0,3,Missed,1,,,0,h,MISS Jenkins 3' Driving Layup,Missed Shot,Driving Layup Shot,1,2,445,0012400008,2024-10-06
0012400008,612,PT05M43.00S,4,1610612749,MIL,1641857,Robbins,L. Robbins,0,0,0,,0,,,0,v,Robbins BLOCK (2 BLK),,,1,2,446,0012400008,2024-10-06
0012400008,614,PT05M39.00S,4,1610612749,MIL,1641857,Robbins,L. Robbins,0,0,0,,0,,,0,v,Robbins REBOUND (Off:0 Def:1),Rebound,Unknown,1,0,447,0012400008,2024-10-06
0012400008,615,PT05M34.00S,4,1610612749,MIL,1641748,Jackson Jr.,A. Jackson Jr.,237,75,25,Missed,1,,,0,v,MISS Jackson Jr. 25' 3PT Running Jump Shot,Missed Shot,Running Jump Shot,1,3,448,0012400008,2024-10-06
0012400008,616,PT05M33.00S,4,1610612765,DET,1630194,Reed,P. Reed,0,0,0,,0,,,0,h,Reed REBOUND (Off:0 Def:3),Rebound,Unknown,1,0,449,0012400008,2024-10-06
0012400008,617,PT05M15.00S,4,1610612765,DET,1630194,Reed,P. Reed,-67,158,17,Missed,1,,,0,h,MISS Reed 17' Jump Shot,Missed Shot,Jump Shot,1,2,450,0012400008,2024-10-06
0012400008,618,PT05M12.00S,4,1610612749,MIL,1641748,Jackson Jr.,A. Jackson Jr.,0,0,0,,0,,,0,v,Jackson Jr. REBOUND (Off:2 Def:5),Rebound,Unknown,1,0,451,0012400008,2024-10-06
0012400008,619,PT05M04.00S,4,1610612749,MIL,1631157,Rollins,R. Rollins,184,183,26,Missed,1,,,0,v,MISS Rollins 26' 3PT Jump Shot,Missed Shot,Jump Shot,1,3,452,0012400008,2024-10-06
0012400008,620,PT05M00.00S,4,1610612765,DET,1631111,Moore Jr.,W. Moore Jr.,0,0,0,,0,,,0,h,Moore Jr. REBOUND (Off:1 Def:5),Rebound,Unknown,1,0,453,0012400008,2024-10-06
0012400008,621,PT04M57.00S,4,1610612749,MIL,1642358,Johnson,A. Johnson,0,0,0,,0,,,0,v,Johnson S.FOUL (P3.T2) (A.Nagy),Foul,Shooting,1,0,454,0012400008,2024-10-06
0012400008,623,PT04M57.00S,4,0,,1610612765,,,0,0,0,,0,,,0,h,PISTONS Timeout: Regular (Full 3 Short 0),Timeout,Regular,0,0,455,0012400008,2024-10-06
0012400008,624,PT04M57.00S,4,1610612749,MIL,1631157,Rollins,R. Rollins,0,0,0,,0,,,0,v,SUB: Akinjo FOR Rollins,Substitution,,0,0,456,0012400008,2024-10-06
0012400008,625,PT04M57.00S,4,1610612749,MIL,1641748,Jackson Jr.,A. Jackson Jr.,0,0,0,,0,,,0,v,SUB: Livingston FOR Jackson Jr.,Substitution,,0,0,457,0012400008,2024-10-06
0012400008,628,PT04M57.00S,4,1610612765,DET,1631111,Moore Jr.,W. Moore Jr.,0,0,0,,0,111,84,195,h,Moore Jr. Free Throw 1 of 2 (9 PTS),Free Throw,Free Throw 1 of 2,1,0,458,0012400008,2024-10-06
0012400008,629,PT04M57.00S,4,1610612765,DET,1631111,Moore Jr.,W. Moore Jr.,0,0,0,,0,112,84,196,h,Moore Jr. Free Throw 2 of 2 (10 PTS),Free Throw,Free Throw 2 of 2,1,0,459,0012400008,2024-10-06
0012400008,630,PT04M40.00S,4,1610612749,MIL,1641753,Livingston,C. Livingston,0,0,0,,0,,,0,v,Livingston Bad Pass Turnover (P1.T21),Turnover,Bad Pass,1,0,460,0012400008,2024-10-06
0012400008,630,PT04M40.00S,4,1610612765,DET,1630194,Reed,P. Reed,0,0,0,,0,,,0,h,Reed STEAL (3 STL),,,1,0,461,0012400008,2024-10-06
0012400008,632,PT04M33.00S,4,1610612765,DET,1631204,Sasser,M. Sasser,87,252,27,Missed,1,,,0,h,MISS Sasser 27' 3PT Jump Shot,Missed Shot,Jump Shot,1,3,462,0012400008,2024-10-06
0012400008,633,PT04M30.00S,4,1610612749,MIL,1631231,Akinjo,J. Akinjo,0,0,0,,0,,,0,v,Akinjo REBOUND (Off:0 Def:1),Rebound,Unknown,1,0,463,0012400008,2024-10-06
0012400008,634,PT04M21.00S,4,1610612749,MIL,1641857,Robbins,L. Robbins,0,117,12,Missed,1,,,0,v,MISS Robbins 12' Jump Shot,Missed Shot,Jump Shot,1,2,464,0012400008,2024-10-06
0012400008,635,PT04M17.00S,4,1610612749,MIL,1641753,Livingston,C. Livingston,0,0,0,,0,,,0,v,Livingston REBOUND (Off:1 Def:1),Rebound,Unknown,1,0,465,0012400008,2024-10-06
0012400008,636,PT04M17.00S,4,1610612749,MIL,1641753,Livingston,C. Livingston,0,0,0,Missed,1,,,0,v,MISS Livingston Tip Layup Shot,Missed Shot,Tip Layup Shot,1,2,466,0012400008,2024-10-06
0012400008,637,PT04M16.00S,4,1610612765,DET,1631111,Moore Jr.,W. Moore Jr.,0,0,0,,0,,,0,h,Moore Jr. REBOUND (Off:1 Def:6),Rebound,Unknown,1,0,467,0012400008,2024-10-06
0012400008,638,PT04M12.00S,4,1610612765,DET,1642450,Jenkins,D. Jenkins,-26,74,8,Made,1,114,84,198,h,Jenkins 8' Running Pull-Up Jump Shot (2 PTS),Made Shot,Running Pull-Up Jump Shot,1,2,468,0012400008,2024-10-06
0012400008,639,PT03M49.00S,4,1610612749,MIL,1641890,Smith,T. Smith,-225,78,24,Made,1,114,87,201,v,Smith 24' 3PT Jump Shot (5 PTS) (Akinjo 1 AST),Made Shot,Jump Shot,1,3,469,0012400008,2024-10-06
0012400008,641,PT03M38.00S,4,1610612765,DET,1642450,Jenkins,D. Jenkins,0,0,0,,0,,,0,h,Jenkins Step Out of Bounds Turnover (P1.T12),Turnover,Step Out of Bounds Turnover,1,0,470,0012400008,2024-10-06
0012400008,642,PT03M19.00S,4,1610612749,MIL,1631231,Akinjo,J. Akinjo,0,0,0,,0,,,0,v,Akinjo Lost Ball Turnover (P1.T22),Turnover,Lost Ball,1,0,471,0012400008,2024-10-06
0012400008,642,PT03M19.00S,4,1610612765,DET,1630194,Reed,P. Reed,0,0,0,,0,,,0,h,Reed STEAL (4 STL),,,1,0,472,0012400008,2024-10-06
0012400008,644,PT03M16.00S,4,1610612765,DET,1641787,Evbuomwan,T. Evbuomwan,11,21,2,Made,1,116,87,203,h,Evbuomwan 2' Running Layup (2 PTS) (Sasser 8 AST),Made Shot,Running Layup Shot,1,2,473,0012400008,2024-10-06
0012400008,646,PT03M01.00S,4,1610612749,MIL,1641753,Livingston,C. Livingston,230,47,0,Missed,1,,,0,v,MISS Livingston 3PT Jump Shot,Missed Shot,Jump Shot,1,3,474,0012400008,2024-10-06
0012400008,647,PT02M59.00S,4,1610612765,DET,1631111,Moore Jr.,W. Moore Jr.,0,0,0,,0,,,0,h,Moore Jr. REBOUND (Off:1 Def:7),Rebound,Unknown,1,0,475,0012400008,2024-10-06
0012400008,648,PT02M54.00S,4,1610612765,DET,1642450,Jenkins,D. Jenkins,131,227,26,Missed,1,,,0,h,MISS Jenkins 26' 3PT Running Pull-Up Jump Shot,Missed Shot,Running Pull-Up Jump Shot,1,3,476,0012400008,2024-10-06
0012400008,649,PT02M50.00S,4,1610612749,MIL,1641753,Livingston,C. Livingston,0,0,0,,0,,,0,v,Livingston REBOUND (Off:1 Def:2),Rebound,Unknown,1,0,477,0012400008,2024-10-06
0012400008,650,PT02M49.00S,4,1610612749,MIL,1641753,Livingston,C. Livingston,0,0,0,,0,,,0,v,Livingston Bad Pass Turnover (P2.T23),Turnover,Bad Pass,1,0,478,0012400008,2024-10-06
0012400008,650,PT02M49.00S,4,1610612765,DET,1631111,Moore Jr.,W. Moore Jr.,0,0,0,,0,,,0,h,Moore Jr. STEAL (1 STL),,,1,0,479,0012400008,2024-10-06
0012400008,652,PT02M45.00S,4,1610612765,DET,1631111,Moore Jr.,W. Moore Jr.,2,5,1,Made,1,118,87,205,h,Moore Jr. 1' Dunk (12 PTS),Made Shot,Dunk Shot,1,2,480,0012400008,2024-10-06
0012400008,653,PT02M32.00S,4,1610612749,MIL,1631231,Akinjo,J. Akinjo,0,0,0,,0,,,0,v,Akinjo Bad Pass Turnover (P2.T24),Turnover,Bad Pass,1,0,481,0012400008,2024-10-06
0012400008,653,PT02M32.00S,4,1610612765,DET,1631204,Sasser,M. Sasser,0,0,0,,0,,,0,h,Sasser STEAL (2 STL),,,1,0,482,0012400008,2024-10-06
0012400008,655,PT02M27.00S,4,1610612765,DET,1631111,Moore Jr.,W. Moore Jr.,20,5,2,Made,1,120,87,207,h,Moore Jr. 2' Running Layup (14 PTS) (Sasser 9 AST),Made Shot,Running Layup Shot,1,2,483,0012400008,2024-10-06
0012400008,657,PT02M12.00S,4,1610612749,MIL,1642358,Johnson,A. Johnson,0,36,4,Missed,1,,,0,v,MISS Johnson 4' Driving Finger Roll Layup,Missed Shot,Driving Finger Roll Layup Shot,1,2,484,0012400008,2024-10-06
0012400008,658,PT02M11.00S,4,1610612749,MIL,1642358,Johnson,A. Johnson,0,0,0,,0,,,0,v,Johnson REBOUND (Off:2 Def:0),Rebound,Unknown,1,0,485,0012400008,2024-10-06
0012400008,659,PT02M11.00S,4,1610612765,DET,1631111,Moore Jr.,W. Moore Jr.,0,0,0,,0,,,0,h,Moore Jr. P.FOUL (P2.T2) (B.Haskill),Foul,Personal,1,0,486,0012400008,2024-10-06
0012400008,661,PT02M05.00S,4,1610612765,DET,1631204,Sasser,M. Sasser,0,0,0,,0,,,0,h,Sasser P.FOUL (P1.T3) (B.Haskill),Foul,Personal,1,0,487,0012400008,2024-10-06
0012400008,663,PT01M57.00S,4,1610612749,MIL,1631231,Akinjo,J. Akinjo,-99,131,16,Missed,1,,,0,v,MISS Akinjo 16' Pullup Jump Shot,Missed Shot,Pullup Jump shot,0,2,488,0012400008,2024-10-06
0012400008,664,PT01M53.00S,4,1610612765,DET,1630194,Reed,P. Reed,0,0,0,,0,,,0,h,Reed REBOUND (Off:0 Def:4),Rebound,Unknown,0,0,489,0012400008,2024-10-06
0012400008,665,PT01M34.00S,4,1610612765,DET,1630194,Reed,P. Reed,58,256,26,Missed,1,,,0,h,MISS Reed 26' 3PT Jump Shot,Missed Shot,Jump Shot,1,3,490,0012400008,2024-10-06
0012400008,666,PT01M30.00S,4,1610612749,MIL,1641753,Livingston,C. Livingston,0,0,0,,0,,,0,v,Livingston REBOUND (Off:1 Def:3),Rebound,Unknown,1,0,491,0012400008,2024-10-06
0012400008,667,PT01M08.00S,4,1610612749,MIL,1631231,Akinjo,J. Akinjo,-99,87,13,Missed,1,,,0,v,MISS Akinjo 13' Turnaround Jump Shot,Missed Shot,Turnaround Jump Shot,1,2,492,0012400008,2024-10-06
0012400008,668,PT01M05.00S,4,1610612765,DET,1630194,Reed,P. Reed,0,0,0,,0,,,0,h,Reed REBOUND (Off:0 Def:5),Rebound,Unknown,1,0,493,0012400008,2024-10-06
0012400008,669,PT00M47.70S,4,1610612765,DET,1630194,Reed,P. Reed,-39,28,5,Missed,1,,,0,h,MISS Reed 5' Driving Layup,Missed Shot,Driving Layup Shot,1,2,494,0012400008,2024-10-06
0012400008,669,PT00M47.70S,4,1610612749,MIL,1641857,Robbins,L. Robbins,0,0,0,,0,,,0,v,Robbins BLOCK (3 BLK),,,1,2,495,0012400008,2024-10-06
0012400008,671,PT00M44.60S,4,1610612749,MIL,1641857,Robbins,L. Robbins,0,0,0,,0,,,0,v,Robbins REBOUND (Off:0 Def:2),Rebound,Unknown,1,0,496,0012400008,2024-10-06
0012400008,672,PT00M37.80S,4,1610612749,MIL,1641753,Livingston,C. Livingston,0,0,0,,0,,,0,v,Livingston Out of Bounds - Bad Pass Turnover Turnover (P3.T25),Turnover,Out of Bounds - Bad Pass Turnover,1,0,497,0012400008,2024-10-06
0012400008,673,PT00M13.80S,4,0,,1610612765,,,0,0,0,,0,,,0,h,PISTONS Turnover: Shot Clock (T#13),Turnover,Shot Clock Turnover,0,0,498,0012400008,2024-10-06
0012400008,674,PT00M00.00S,4,0,,0,,,0,0,0,,0,120,87,207,,End of 4th Period (10:20 PM EST),period,end,1,0,499,0012400008,2024-10-06
0012400009,2,PT12M00.00S,1,0,,0,,,0,0,0,,0,0,0,0,,Start of 1st Period (9:43 PM EST),period,start,1,0,1,0012400009,2024-10-06
0012400009,4,PT12M00.00S,1,1610612747,LAL,203076,Davis,A. Davis,0,0,0,,0,,,0,h,Jump Ball Davis vs. Plumlee: Tip to Russell,Jump Ball,,1,0,2,0012400009,2024-10-06
0012400009,7,PT11M44.00S,1,1610612747,LAL,203076,Davis,A. Davis,-11,10,1,Made,1,2,0,2,h,Davis 1' Alley Oop Dunk (2 PTS) (Reaves 1 AST),Made Shot,Alley Oop Dunk Shot,1,2,3,0012400009,2024-10-06
0012400009,9,PT11M25.00S,1,1610612756,PHX,201142,Durant,K. Durant,151,152,21,Missed,1,,,0,v,MISS Durant 21' Jump Shot,Missed Shot,Jump Shot,1,2,4,0012400009,2024-10-06
0012400009,10,PT11M23.00S,1,1610612747,LAL,1626156,Russell,D. Russell,0,0,0,,0,,,0,h,Russell REBOUND (Off:0 Def:1),Rebound,Unknown,1,0,5,0012400009,2024-10-06
0012400009,11,PT11M17.00S,1,1610612747,LAL,1630559,Reaves,A. Reaves,16,116,12,Made,1,4,0,4,h,Reaves 12' Driving Floating Jump Shot (2 PTS) (L. James 1 AST),Made Shot,Driving Floating Jump Shot,1,2,6,0012400009,2024-10-06
0012400009,13,PT10M56.00S,1,1610612756,PHX,1626164,Booker,D. Booker,-163,208,26,Made,1,4,3,7,v,Booker 26' 3PT Jump Shot (3 PTS) (Beal 1 AST),Made Shot,Jump Shot,1,3,7,0012400009,2024-10-06
0012400009,15,PT10M31.00S,1,1610612747,LAL,203076,Davis,A. Davis,91,249,27,Made,1,7,3,10,h,Davis 27' 3PT Jump Shot (5 PTS) (L. James 2 AST),Made Shot,Jump Shot,1,3,8,0012400009,2024-10-06
0012400009,17,PT10M17.00S,1,1610612756,PHX,201142,Durant,K. Durant,-108,121,16,Missed,1,,,0,v,MISS Durant 16' Pullup Jump Shot,Missed Shot,Pullup Jump shot,1,2,9,0012400009,2024-10-06
0012400009,18,PT10M14.00S,1,1610612747,LAL,1630559,Reaves,A. Reaves,0,0,0,,0,,,0,h,Reaves REBOUND (Off:0 Def:1),Rebound,Unknown,1,0,10,0012400009,2024-10-06
0012400009,19,PT10M09.00S,1,1610612756,PHX,201142,Durant,K. Durant,0,0,0,,0,,,0,v,Durant P.FOUL (P1.T1) (D.Richardson),Foul,Personal,1,0,11,0012400009,2024-10-06
0012400009,21,PT10M03.00S,1,1610612747,LAL,1630559,Reaves,A. Reaves,-239,32,24,Missed,1,,,0,h,MISS Reaves 24' 3PT Jump Shot,Missed Shot,Jump Shot,1,3,12,0012400009,2024-10-06
0012400009,22,PT09M59.00S,1,1610612747,LAL,203076,Davis,A. Davis,0,0,0,,0,,,0,h,Davis REBOUND (Off:1 Def:0),Rebound,Unknown,1,0,13,0012400009,2024-10-06
0012400009,23,PT09M54.00S,1,1610612747,LAL,2544,James,L. James,0,0,0,,0,,,0,h,L. James Step Out of Bounds Turnover (P1.T1),Turnover,Step Out of Bounds Turnover,1,0,14,0012400009,2024-10-06
0012400009,24,PT09M41.00S,1,1610612756,PHX,1626164,Booker,D. Booker,153,230,28,Missed,1,,,0,v,MISS Booker 28' 3PT Pullup Jump Shot,Missed Shot,Pullup Jump shot,1,3,15,0012400009,2024-10-06
0012400009,25,PT09M39.00S,1,1610612747,LAL,203076,Davis,A. Davis,0,0,0,,0,,,0,h,Davis REBOUND (Off:1 Def:1),Rebound,Unknown,1,0,16,0012400009,2024-10-06
0012400009,26,PT09M35.00S,1,1610612756,PHX,203486,Plumlee,M. Plumlee,0,0,0,,0,,,0,v,Plumlee P.FOUL (P1.T2) (K.Cutler),Foul,Personal,1,0,17,0012400009,2024-10-06
0012400009,28,PT09M29.00S,1,1610612747,LAL,1630559,Reaves,A. Reaves,112,251,27,Missed,1,,,0,h,MISS Reaves 27' 3PT Step Back Jump Shot,Missed Shot,Step Back Jump shot,1,3,18,0012400009,2024-10-06
0012400009,29,PT09M26.00S,1,1610612756,PHX,203486,Plumlee,M. Plumlee,0,0,0,,0,,,0,v,Plumlee REBOUND (Off:0 Def:1),Rebound,Unknown,1,0,19,0012400009,2024-10-06
0012400009,30,PT09M23.00S,1,1610612747,LAL,1626156,Russell,D. Russell,0,0,0,,0,,,0,h,Russell P.FOUL (P1.T1) (K.Cutler),Foul,Personal,1,0,20,0012400009,2024-10-06
0012400009,32,PT09M20.00S,1,1610612756,PHX,1626164,Booker,D. Booker,17,19,3,Missed,1,,,0,v,MISS Booker 3' Cutting Layup Shot,Missed Shot,Cutting Layup Shot,1,2,21,0012400009,2024-10-06
0012400009,33,PT09M16.00S,1,1610612756,PHX,203486,Plumlee,M. Plumlee,0,0,0,,0,,,0,v,Plumlee REBOUND (Off:1 Def:1),Rebound,Unknown,1,0,22,0012400009,2024-10-06
0012400009,34,PT09M16.00S,1,1610612756,PHX,203486,Plumlee,M. Plumlee,0,0,0,Made,1,7,5,12,v,Plumlee Tip Layup Shot (2 PTS),Made Shot,Tip Layup Shot,1,2,23,0012400009,2024-10-06
0012400009,35,PT09M10.00S,1,1610612747,LAL,1629060,Hachimura,R. Hachimura,-135,-1,14,Missed,1,,,0,h,MISS Hachimura 14' Pullup Jump Shot,Missed Shot,Pullup Jump shot,1,2,24,0012400009,2024-10-06
0012400009,36,PT09M07.00S,1,1610612756,PHX,1626145,Jones,T. Jones,0,0,0,,0,,,0,v,Jones REBOUND (Off:0 Def:1),Rebound,Unknown,1,0,25,0012400009,2024-10-06
0012400009,37,PT08M46.00S,1,1610612756,PHX,203486,Plumlee,M. Plumlee,16,64,7,Missed,1,,,0,v,MISS Plumlee 7' Jump Shot,Missed Shot,Jump Shot,1,2,26,0012400009,2024-10-06
0012400009,37,PT08M46.00S,1,1610612747,LAL,2544,James,L. James,0,0,0,,0,,,0,h,L. James BLOCK (1 BLK),,,1,2,27,0012400009,2024-10-06
0012400009,39,PT08M41.00S,1,1610612747,LAL,203076,Davis,A. Davis,0,0,0,,0,,,0,h,Davis REBOUND (Off:1 Def:2),Rebound,Unknown,1,0,28,0012400009,2024-10-06
0012400009,40,PT08M39.00S,1,1610612747,LAL,1626156,Russell,D. Russell,229,73,24,Missed,1,,,0,h,MISS Russell 24' 3PT Pullup Jump Shot,Missed Shot,Pullup Jump shot,1,3,29,0012400009,2024-10-06
0012400009,41,PT08M34.00S,1,1610612747,LAL,1629060,Hachimura,R. Hachimura,0,0,0,,0,,,0,h,Hachimura REBOUND (Off:1 Def:0),Rebound,Unknown,1,0,30,0012400009,2024-10-06
0012400009,42,PT08M33.00S,1,1610612747,LAL,203076,Davis,A. Davis,71,263,27,Missed,1,,,0,h,MISS Davis 27' 3PT Jump Shot,Missed Shot,Jump Shot,1,3,31,0012400009,2024-10-06
0012400009,43,PT08M33.00S,1,1610612756,PHX,201142,Durant,K. Durant,0,0,0,,0,,,0,v,Durant REBOUND (Off:0 Def:1),Rebound,Unknown,1,0,32,0012400009,2024-10-06
0012400009,44,PT08M22.00S,1,1610612756,PHX,201142,Durant,K. Durant,135,247,28,Missed,1,,,0,v,MISS Durant 28' 3PT Jump Shot,Missed Shot,Jump Shot,1,3,33,0012400009,2024-10-06
0012400009,45,PT08M18.00S,1,1610612747,LAL,1629060,Hachimura,R. Hachimura,0,0,0,,0,,,0,h,Hachimura REBOUND (Off:1 Def:1),Rebound,Unknown,1,0,34,0012400009,2024-10-06
0012400009,46,PT08M07.00S,1,1610612747,LAL,1629060,Hachimura,R. Hachimura,-65,112,13,Made,1,9,5,14,h,Hachimura 13' Jump Shot (2 PTS) (Reaves 2 AST),Made Shot,Jump Shot,1,2,35,0012400009,2024-10-06
0012400009,48,PT08M03.00S,1,1610612756,PHX,1626164,Booker,D. Booker,29,21,4,Missed,1,,,0,v,MISS Booker 4' Driving Finger Roll Layup,Missed Shot,Driving Finger Roll Layup Shot,1,2,36,0012400009,2024-10-06
0012400009,48,PT08M03.00S,1,1610612747,LAL,2544,James,L. James,0,0,0,,0,,,0,h,L. James BLOCK (2 BLK),,,1,2,37,0012400009,2024-10-06
0012400009,50,PT08M03.00S,1,0,,1610612756,,,0,0,0,,0,,,0,v,Suns Rebound,Rebound,Unknown,1,0,38,0012400009,2024-10-06
0012400009,52,PT07M59.00S,1,1610612756,PHX,203078,Beal,B. Beal,96,25,10,Missed,1,,,0,v,MISS Beal 10' Floating Jump Shot,Missed Shot,Floating Jump shot,0,2,39,0012400009,2024-10-06
0012400009,53,PT07M54.00S,1,1610612756,PHX,201142,Durant,K. Durant,0,0,0,,0,,,0,v,Durant REBOUND (Off:1 Def:1),Rebound,Unknown,1,0,40,0012400009,2024-10-06
0012400009,54,PT07M54.00S,1,1610612756,PHX,201142,Durant,K. Durant,0,0,0,Made,1,9,7,16,v,Durant Tip Layup Shot (2 PTS),Made Shot,Tip Layup Shot,1,2,41,0012400009,2024-10-06
0012400009,55,PT07M49.00S,1,1610612756,PHX,1626145,Jones,T. Jones,0,0,0,,0,,,0,v,Jones P.FOUL (P1.T3) (K.Lane),Foul,Personal,1,0,42,0012400009,2024-10-06
0012400009,57,PT07M40.00S,1,1610612747,LAL,1626156,Russell,D. Russell,2,29,3,Made,1,11,7,18,h,Russell 3' Cutting Layup Shot (2 PTS) (Davis 1 AST),Made Shot,Cutting Layup Shot,1,2,43,0012400009,2024-10-06
0012400009,59,PT07M23.00S,1,1610612756,PHX,201142,Durant,K. Durant,91,53,11,Missed,1,,,0,v,MISS Durant 11' Fadeaway Jumper,Missed Shot,Fadeaway Jump Shot,1,2,44,0012400009,2024-10-06
0012400009,60,PT07M21.00S,1,1610612747,LAL,203076,Davis,A. Davis,0,0,0,,0,,,0,h,Davis REBOUND (Off:1 Def:3),Rebound,Unknown,1,0,45,0012400009,2024-10-06
0012400009,61,PT07M18.00S,1,1610612747,LAL,2544,James,L. James,-213,149,26,Missed,1,,,0,h,MISS L. James 26' 3PT Running Pull-Up Jump Shot,Missed Shot,Running Pull-Up Jump Shot,1,3,46,0012400009,2024-10-06
0012400009,62,PT07M15.00S,1,1610612756,PHX,1626164,Booker,D. Booker,0,0,0,,0,,,0,v,Booker REBOUND (Off:0 Def:1),Rebound,Unknown,1,0,47,0012400009,2024-10-06
0012400009,63,PT07M10.00S,1,1610612756,PHX,1626145,Jones,T. Jones,-66,35,7,Missed,1,,,0,v,MISS Jones 7' Driving Floating Jump Shot,Missed Shot,Driving Floating Jump Shot,1,2,48,0012400009,2024-10-06
0012400009,64,PT07M07.00S,1,1610612747,LAL,2544,James,L. James,0,0,0,,0,,,0,h,L. James REBOUND (Off:0 Def:1),Rebound,Unknown,1,0,49,0012400009,2024-10-06
0012400009,66,PT07M05.00S,1,1610612747,LAL,2544,James,L. James,0,0,0,,0,,,0,h,L. James Out of Bounds - Bad Pass Turnover Turnover (P2.T2),Turnover,Out of Bounds - Bad Pass Turnover,1,0,50,0012400009,2024-10-06
0012400009,67,PT07M05.00S,1,1610612747,LAL,2544,James,L. James,0,0,0,,0,,,0,h,SUB: Christie FOR L. James,Substitution,,0,0,51,0012400009,2024-10-06
0012400009,69,PT07M05.00S,1,0,,1610612756,,,0,0,0,,0,,,0,v,Suns Timeout: Regular (Reg.1 Short 0),Timeout,Regular,0,0,52,0012400009,2024-10-06
0012400009,70,PT07M05.00S,1,1610612756,PHX,1626145,Jones,T. Jones,0,0,0,,0,,,0,v,SUB: Ighodaro FOR Jones,Substitution,,0,0,53,0012400009,2024-10-06
0012400009,71,PT07M05.00S,1,1610612756,PHX,203486,Plumlee,M. Plumlee,0,0,0,,0,,,0,v,SUB: Allen FOR Plumlee,Substitution,,0,0,54,0012400009,2024-10-06
0012400009,74,PT06M52.00S,1,1610612747,LAL,1630559,Reaves,A. Reaves,0,0,0,,0,,,0,h,Reaves S.FOUL (P1.T2) (K.Lane),Foul,Shooting,1,0,55,0012400009,2024-10-06
0012400009,76,PT06M52.00S,1,1610612756,PHX,203078,Beal,B. Beal,0,0,0,,0,11,8,19,v,Beal Free Throw 1 of 2 (1 PTS),Free Throw,Free Throw 1 of 2,1,0,56,0012400009,2024-10-06
0012400009,77,PT06M52.00S,1,1610612756,PHX,203078,Beal,B. Beal,0,0,0,,0,11,9,20,v,Beal Free Throw 2 of 2 (2 PTS),Free Throw,Free Throw 2 of 2,1,0,57,0012400009,2024-10-06
0012400009,78,PT06M35.00S,1,1610612747,LAL,203076,Davis,A. Davis,-66,89,11,Missed,1,,,0,h,MISS Davis 11' Turnaround Jump Shot,Missed Shot,Turnaround Jump Shot,1,2,58,0012400009,2024-10-06
0012400009,79,PT06M33.00S,1,1610612756,PHX,201142,Durant,K. Durant,0,0,0,,0,,,0,v,Durant REBOUND (Off:1 Def:2),Rebound,Unknown,1,0,59,0012400009,2024-10-06
0012400009,80,PT06M30.00S,1,1610612756,PHX,1626164,Booker,D. Booker,114,245,27,Made,1,11,12,23,v,Booker 27' 3PT Running Pull-Up Jump Shot (6 PTS) (Durant 1 AST),Made Shot,Running Pull-Up Jump Shot,1,3,60,0012400009,2024-10-06
0012400009,82,PT06M30.00S,1,1610612747,LAL,1626156,Russell,D. Russell,0,0,0,,0,,,0,h,Russell S.FOUL (P2.T3) (K.Cutler),Foul,Shooting,1,0,61,0012400009,2024-10-06
0012400009,84,PT06M30.00S,1,1610612756,PHX,1626164,Booker,D. Booker,0,0,0,,0,11,13,24,v,Booker Free Throw 1 of 1 (7 PTS),Free Throw,Free Throw 1 of 1,1,0,62,0012400009,2024-10-06
0012400009,85,PT06M17.00S,1,1610612747,LAL,1626156,Russell,D. Russell,-5,47,5,Made,1,13,13,26,h,Russell 5' Driving Layup (4 PTS),Made Shot,Driving Layup Shot,1,2,63,0012400009,2024-10-06
0012400009,86,PT06M00.00S,1,1610612756,PHX,1626164,Booker,D. Booker,104,93,14,Made,1,13,15,28,v,Booker 14' Jump Shot (9 PTS),Made Shot,Jump Shot,1,2,64,0012400009,2024-10-06
0012400009,87,PT05M43.00S,1,1610612747,LAL,1629060,Hachimura,R. Hachimura,-16,32,4,Made,1,15,15,30,h,Hachimura 4' Layup (4 PTS) (Davis 2 AST),Made Shot,Layup Shot,1,2,65,0012400009,2024-10-06
0012400009,89,PT05M26.00S,1,1610612756,PHX,1628960,Allen,G. Allen,0,0,0,,0,,,0,v,Allen Bad Pass Turnover (P1.T1),Turnover,Bad Pass,1,0,66,0012400009,2024-10-06
0012400009,89,PT05M26.00S,1,1610612747,LAL,203076,Davis,A. Davis,0,0,0,,0,,,0,h,Davis STEAL (1 STL),,,1,0,67,0012400009,2024-10-06
0012400009,91,PT05M21.00S,1,1610612747,LAL,203076,Davis,A. Davis,0,0,0,,0,,,0,h,Davis Bad Pass Turnover (P1.T3),Turnover,Bad Pass,1,0,68,0012400009,2024-10-06
0012400009,91,PT05M21.00S,1,1610612756,PHX,1628960,Allen,G. Allen,0,0,0,,0,,,0,v,Allen STEAL (1 STL),,,1,0,69,0012400009,2024-10-06
0012400009,93,PT05M17.00S,1,1610612756,PHX,1626164,Booker,D. Booker,-224,95,24,Missed,1,,,0,v,MISS Booker 24' 3PT Running Pull-Up Jump Shot,Missed Shot,Running Pull-Up Jump Shot,1,3,70,0012400009,2024-10-06
0012400009,94,PT05M14.00S,1,1610612747,LAL,203076,Davis,A. Davis,0,0,0,,0,,,0,h,Davis REBOUND (Off:1 Def:4),Rebound,Unknown,1,0,71,0012400009,2024-10-06
0012400009,95,PT05M11.00S,1,1610612747,LAL,1631108,Christie,M. Christie,-168,207,27,Missed,1,,,0,h,MISS Christie 27' 3PT Running Pull-Up Jump Shot,Missed Shot,Running Pull-Up Jump Shot,1,3,72,0012400009,2024-10-06
0012400009,96,PT05M06.00S,1,1610612756,PHX,1642345,Ighodaro,O. Ighodaro,0,0,0,,0,,,0,v,Ighodaro REBOUND (Off:0 Def:1),Rebound,Unknown,1,0,73,0012400009,2024-10-06
0012400009,97,PT05M03.00S,1,1610612756,PHX,201142,Durant,K. Durant,-168,199,26,Missed,1,,,0,v,MISS Durant 26' 3PT Running Pull-Up Jump Shot,Missed Shot,Running Pull-Up Jump Shot,1,3,74,0012400009,2024-10-06
0012400009,98,PT04M59.00S,1,1610612756,PHX,1626164,Booker,D. Booker,0,0,0,,0,,,0,v,Booker REBOUND (Off:1 Def:1),Rebound,Unknown,1,0,75,0012400009,2024-10-06
0012400009,99,PT04M57.00S,1,1610612756,PHX,1626164,Booker,D. Booker,-6,27,3,Missed,1,,,0,v,MISS Booker 3' Driving Layup,Missed Shot,Driving Layup Shot,1,2,76,0012400009,2024-10-06
0012400009,100,PT04M55.00S,1,1610612747,LAL,1629060,Hachimura,R. Hachimura,0,0,0,,0,,,0,h,Hachimura REBOUND (Off:1 Def:2),Rebound,Unknown,1,0,77,0012400009,2024-10-06
0012400009,101,PT04M47.00S,1,1610612747,LAL,1626156,Russell,D. Russell,-50,275,28,Made,1,18,15,33,h,Russell 28' 3PT Running Pull-Up Jump Shot (7 PTS) (Hachimura 1 AST),Made Shot,Running Pull-Up Jump Shot,1,3,78,0012400009,2024-10-06
0012400009,103,PT04M31.00S,1,1610612756,PHX,1626164,Booker,D. Booker,-232,3,0,Made,1,18,18,36,v,Booker 3PT Jump Shot (12 PTS) (Allen 1 AST),Made Shot,Jump Shot,1,3,79,0012400009,2024-10-06
0012400009,105,PT04M19.00S,1,1610612747,LAL,1626156,Russell,D. Russell,-45,137,14,Made,1,20,18,38,h,Russell 14' Pullup Jump Shot (9 PTS),Made Shot,Pullup Jump shot,1,2,80,0012400009,2024-10-06
0012400009,106,PT04M03.00S,1,1610612756,PHX,1626164,Booker,D. Booker,0,0,0,,0,,,0,v,Booker Lost Ball Turnover (P1.T2),Turnover,Lost Ball,1,0,81,0012400009,2024-10-06
0012400009,106,PT04M03.00S,1,1610612747,LAL,1630559,Reaves,A. Reaves,0,0,0,,0,,,0,h,Reaves STEAL (1 STL),,,1,0,82,0012400009,2024-10-06
0012400009,108,PT03M59.00S,1,1610612747,LAL,1631108,Christie,M. Christie,-5,16,2,Made,1,22,18,40,h,Christie 2' Running Dunk (2 PTS) (Reaves 3 AST),Made Shot,Running Dunk Shot,1,2,83,0012400009,2024-10-06
0012400009,110,PT03M35.00S,1,1610612756,PHX,203078,Beal,B. Beal,-154,34,16,Made,1,22,20,42,v,Beal 16' Step Back Jump Shot (4 PTS),Made Shot,Step Back Jump shot,1,2,84,0012400009,2024-10-06
0012400009,111,PT03M21.00S,1,1610612747,LAL,1630559,Reaves,A. Reaves,-2,27,3,Made,1,24,20,44,h,Reaves 3' Driving Reverse Layup (4 PTS) (Russell 1 AST),Made Shot,Driving Reverse Layup Shot,1,2,85,0012400009,2024-10-06
0012400009,113,PT03M21.00S,1,1610612756,PHX,1628960,Allen,G. Allen,0,0,0,,0,,,0,v,Allen S.FOUL (P1.T4) (K.Cutler),Foul,Shooting,1,0,86,0012400009,2024-10-06
0012400009,115,PT03M21.00S,1,1610612747,LAL,1629060,Hachimura,R. Hachimura,0,0,0,,0,,,0,h,SUB: Hayes FOR Hachimura,Substitution,,0,0,87,0012400009,2024-10-06
0012400009,116,PT03M21.00S,1,1610612756,PHX,1626164,Booker,D. Booker,0,0,0,,0,,,0,v,SUB: Dunn FOR Booker,Substitution,,0,0,88,0012400009,2024-10-06
0012400009,117,PT03M21.00S,1,1610612756,PHX,203078,Beal,B. Beal,0,0,0,,0,,,0,v,SUB: O'Neale FOR Beal,Substitution,,0,0,89,0012400009,2024-10-06
0012400009,118,PT03M21.00S,1,1610612756,PHX,201142,Durant,K. Durant,0,0,0,,0,,,0,v,SUB: Morris FOR Durant,Substitution,,0,0,90,0012400009,2024-10-06
0012400009,123,PT03M21.00S,1,1610612747,LAL,1630559,Reaves,A. Reaves,0,0,0,,0,25,20,45,h,Reaves Free Throw 1 of 1 (5 PTS),Free Throw,Free Throw 1 of 1,1,0,91,0012400009,2024-10-06
0012400009,124,PT03M09.00S,1,1610612747,LAL,1630559,Reaves,A. Reaves,0,0,0,,0,,,0,h,Reaves P.FOUL (P2.T4) (K.Lane),Foul,Personal,1,0,92,0012400009,2024-10-06
0012400009,126,PT03M09.00S,1,1610612747,LAL,1630559,Reaves,A. Reaves,0,0,0,,0,,,0,h,SUB: Vincent FOR Reaves,Substitution,,0,0,93,0012400009,2024-10-06
0012400009,128,PT03M03.00S,1,1610612756,PHX,1626220,O'Neale,R. O'Neale,-104,230,25,Missed,1,,,0,v,MISS O'Neale 25' 3PT Jump Shot,Missed Shot,Jump Shot,1,3,94,0012400009,2024-10-06
0012400009,129,PT03M00.00S,1,1610612747,LAL,1626156,Russell,D. Russell,0,0,0,,0,,,0,h,Russell REBOUND (Off:0 Def:2),Rebound,Unknown,1,0,95,0012400009,2024-10-06
0012400009,130,PT02M57.00S,1,1610612747,LAL,203076,Davis,A. Davis,-9,32,3,Made,1,27,20,47,h,Davis 3' Running Layup (7 PTS) (Russell 2 AST),Made Shot,Running Layup Shot,1,2,96,0012400009,2024-10-06
0012400009,132,PT02M45.00S,1,1610612747,LAL,203076,Davis,A. Davis,0,0,0,,0,,,0,h,Davis S.FOUL (P1.PN) (D.Richardson),Foul,Shooting,1,0,97,0012400009,2024-10-06
0012400009,134,PT02M45.00S,1,0,,1610612747,,,0,0,0,,0,,,0,h,LAKERS Timeout: Regular (Full 1 Short 0),Timeout,Regular,0,0,98,0012400009,2024-10-06
0012400009,135,PT02M45.00S,1,1610612747,LAL,1626156,Russell,D. Russell,0,0,0,,0,,,0,h,SUB: L. James FOR Russell,Substitution,,0,0,99,0012400009,2024-10-06
0012400009,137,PT02M45.00S,1,1610612756,PHX,1642346,Dunn,R. Dunn,0,0,0,,0,,,0,v,MISS Dunn Free Throw 1 of 2,Free Throw,Free Throw 1 of 2,1,0,100,0012400009,2024-10-06
0012400009,138,PT02M45.00S,1,0,,1610612756,,,0,0,0,,0,,,0,v,Suns Rebound,Rebound,Normal Rebound,1,0,101,0012400009,2024-10-06
0012400009,139,PT02M45.00S,1,1610612756,PHX,1642346,Dunn,R. Dunn,0,0,0,,0,27,21,48,v,Dunn Free Throw 2 of 2 (1 PTS),Free Throw,Free Throw 2 of 2,1,0,102,0012400009,2024-10-06
0012400009,140,PT02M33.00S,1,1610612747,LAL,2544,James,L. James,0,37,4,Made,1,29,21,50,h,L. James 4' Cutting Layup Shot (2 PTS) (Davis 3 AST),Made Shot,Cutting Layup Shot,1,2,103,0012400009,2024-10-06
0012400009,142,PT02M18.00S,1,1610612756,PHX,1628960,Allen,G. Allen,88,66,11,Missed,1,,,0,v,MISS Allen 11' Driving Floating Jump Shot,Missed Shot,Driving Floating Jump Shot,1,2,104,0012400009,2024-10-06
0012400009,143,PT02M15.00S,1,1610612747,LAL,1629216,Vincent,G. Vincent,0,0,0,,0,,,0,h,Vincent REBOUND (Off:0 Def:1),Rebound,Unknown,1,0,105,0012400009,2024-10-06
0012400009,144,PT02M06.00S,1,1610612747,LAL,1631108,Christie,M. Christie,-5,31,3,Missed,1,,,0,h,MISS Christie 3' Layup,Missed Shot,Layup Shot,1,2,106,0012400009,2024-10-06
0012400009,145,PT02M04.00S,1,1610612756,PHX,1628960,Allen,G. Allen,0,0,0,,0,,,0,v,Allen REBOUND (Off:0 Def:1),Rebound,Unknown,1,0,107,0012400009,2024-10-06
0012400009,146,PT01M59.00S,1,1610612756,PHX,1628420,Morris,M. Morris,-161,46,17,Missed,1,,,0,v,MISS Morris 17' Running Pull-Up Jump Shot,Missed Shot,Running Pull-Up Jump Shot,1,2,108,0012400009,2024-10-06
0012400009,147,PT01M56.00S,1,1610612747,LAL,203076,Davis,A. Davis,0,0,0,,0,,,0,h,Davis REBOUND (Off:1 Def:5),Rebound,Unknown,1,0,109,0012400009,2024-10-06
0012400009,148,PT01M44.00S,1,1610612747,LAL,1631108,Christie,M. Christie,0,0,0,,0,,,0,h,Christie Out of Bounds - Bad Pass Turnover Turnover (P1.T4),Turnover,Out of Bounds - Bad Pass Turnover,1,0,110,0012400009,2024-10-06
0012400009,149,PT01M44.00S,1,1610612747,LAL,203076,Davis,A. Davis,0,0,0,,0,,,0,h,SUB: Reaves FOR Davis,Substitution,,0,0,111,0012400009,2024-10-06
0012400009,150,PT01M44.00S,1,1610612756,PHX,1642345,Ighodaro,O. Ighodaro,0,0,0,,0,,,0,v,SUB: Plumlee FOR Ighodaro,Substitution,,0,0,112,0012400009,2024-10-06
0012400009,153,PT01M34.00S,1,1610612756,PHX,1628960,Allen,G. Allen,-143,224,27,Missed,1,,,0,v,MISS Allen 27' 3PT Pullup Jump Shot,Missed Shot,Pullup Jump shot,1,3,113,0012400009,2024-10-06
0012400009,154,PT01M27.00S,1,1610612747,LAL,1629637,Hayes,J. Hayes,0,0,0,,0,,,0,h,Hayes REBOUND (Off:0 Def:1),Rebound,Unknown,1,0,114,0012400009,2024-10-06
0012400009,155,PT01M23.00S,1,1610612747,LAL,2544,James,L. James,5,28,3,Made,1,31,21,52,h,L. James 3' Running Dunk (4 PTS),Made Shot,Running Dunk Shot,1,2,115,0012400009,2024-10-06
0012400009,156,PT01M04.00S,1,1610612747,LAL,1630559,Reaves,A. Reaves,0,0,0,,0,,,0,h,Reaves P.FOUL (P3.PN) (K.Lane),Foul,Personal,1,0,116,0012400009,2024-10-06
0012400009,158,PT01M04.00S,1,1610612756,PHX,1628960,Allen,G. Allen,0,0,0,,0,31,22,53,v,Allen Free Throw 1 of 2 (1 PTS),Free Throw,Free Throw 1 of 2,1,0,117,0012400009,2024-10-06
0012400009,159,PT01M04.00S,1,1610612756,PHX,1628960,Allen,G. Allen,0,0,0,,0,31,23,54,v,Allen Free Throw 2 of 2 (2 PTS),Free Throw,Free Throw 2 of 2,1,0,118,0012400009,2024-10-06
0012400009,160,PT00M46.00S,1,1610612747,LAL,2544,James,L. James,-172,27,17,Missed,1,,,0,h,MISS L. James 17' Turnaround Fadeaway Shot,Missed Shot,Turnaround Fadeaway shot,1,2,119,0012400009,2024-10-06
0012400009,161,PT00M42.00S,1,1610612747,LAL,1629637,Hayes,J. Hayes,0,0,0,,0,,,0,h,Hayes REBOUND (Off:1 Def:1),Rebound,Unknown,1,0,120,0012400009,2024-10-06
0012400009,162,PT00M42.00S,1,1610612747,LAL,1629637,Hayes,J. Hayes,0,0,0,Made,1,33,23,56,h,Hayes Putback Layup (2 PTS),Made Shot,Putback Layup Shot,1,2,121,0012400009,2024-10-06
0012400009,163,PT00M35.90S,1,1610612747,LAL,1629637,Hayes,J. Hayes,0,0,0,,0,,,0,h,Hayes S.FOUL (P1.PN) (K.Cutler),Foul,Shooting,1,0,122,0012400009,2024-10-06
0012400009,165,PT00M35.90S,1,1610612756,PHX,203486,Plumlee,M. Plumlee,0,0,0,,0,33,24,57,v,Plumlee Free Throw 1 of 2 (3 PTS),Free Throw,Free Throw 1 of 2,1,0,123,0012400009,2024-10-06
0012400009,166,PT00M35.90S,1,1610612756,PHX,203486,Plumlee,M. Plumlee,0,0,0,,0,33,25,58,v,Plumlee Free Throw 2 of 2 (4 PTS),Free Throw,Free Throw 2 of 2,1,0,124,0012400009,2024-10-06
0012400009,167,PT00M28.30S,1,1610612756,PHX,203486,Plumlee,M. Plumlee,0,0,0,,0,,,0,v,Plumlee P.FOUL (P2.PN) (D.Richardson),Foul,Personal,1,0,125,0012400009,2024-10-06
0012400009,169,PT00M28.30S,1,1610612747,LAL,1629637,Hayes,J. Hayes,0,0,0,,0,34,25,59,h,Hayes Free Throw 1 of 2 (3 PTS),Free Throw,Free Throw 1 of 2,1,0,126,0012400009,2024-10-06
0012400009,170,PT00M28.30S,1,1610612747,LAL,1629637,Hayes,J. Hayes,0,0,0,,0,,,0,h,MISS Hayes Free Throw 2 of 2,Free Throw,Free Throw 2 of 2,1,0,127,0012400009,2024-10-06
0012400009,171,PT00M25.20S,1,1610612756,PHX,1626220,O'Neale,R. O'Neale,0,0,0,,0,,,0,v,O'Neale REBOUND (Off:0 Def:1),Rebound,Unknown,1,0,128,0012400009,2024-10-06
0012400009,172,PT00M07.10S,1,1610612756,PHX,1628420,Morris,M. Morris,138,26,14,Missed,1,,,0,v,MISS Morris 14' Pullup Jump Shot,Missed Shot,Pullup Jump shot,1,2,129,0012400009,2024-10-06
0012400009,172,PT00M07.10S,1,1610612747,LAL,1629637,Hayes,J. Hayes,0,0,0,,0,,,0,h,Hayes BLOCK (1 BLK),,,1,2,130,0012400009,2024-10-06
0012400009,174,PT00M03.70S,1,1610612747,LAL,1629637,Hayes,J. Hayes,0,0,0,,0,,,0,h,Hayes REBOUND (Off:1 Def:2),Rebound,Unknown,1,0,131,0012400009,2024-10-06
0012400009,175,PT00M01.50S,1,1610612747,LAL,1629216,Vincent,G. Vincent,232,73,24,Missed,1,,,0,h,MISS Vincent 24' 3PT Running Jump Shot,Missed Shot,Running Jump Shot,1,3,132,0012400009,2024-10-06
0012400009,176,PT00M00.50S,1,0,,1610612747,,,0,0,0,,0,,,0,h,LAKERS Rebound,Rebound,Unknown,1,0,133,0012400009,2024-10-06
0012400009,177,PT00M00.00S,1,0,,0,,,0,0,0,,0,34,25,59,,End of 1st Period (10:09 PM EST),period,end,1,0,134,0012400009,2024-10-06
0012400009,184,PT12M00.00S,2,0,,0,,,0,0,0,,0,34,25,59,,Start of 2nd Period (10:12 PM EST),period,start,0,0,135,0012400009,2024-10-06
0012400009,185,PT11M42.00S,2,1610612756,PHX,203078,Beal,B. Beal,0,0,0,,0,,,0,v,Beal Out of Bounds Lost Ball Turnover (P1.T3),Turnover,Out of Bounds Lost Ball Turnover,1,0,136,0012400009,2024-10-06
0012400009,186,PT11M28.00S,2,1610612747,LAL,1642261,Knecht,D. Knecht,-138,230,27,Missed,1,,,0,h,MISS Knecht 27' 3PT Jump Shot,Missed Shot,Jump Shot,1,3,137,0012400009,2024-10-06
0012400009,187,PT11M24.00S,2,1610612756,PHX,1628420,Morris,M. Morris,0,0,0,,0,,,0,v,Morris REBOUND (Off:0 Def:1),Rebound,Unknown,1,0,138,0012400009,2024-10-06
0012400009,188,PT11M10.00S,2,1610612756,PHX,203078,Beal,B. Beal,-32,31,4,Missed,1,,,0,v,MISS Beal 4' Driving Layup,Missed Shot,Driving Layup Shot,1,2,139,0012400009,2024-10-06
0012400009,188,PT11M10.00S,2,1610612747,LAL,1642261,Knecht,D. Knecht,0,0,0,,0,,,0,h,Knecht BLOCK (1 BLK),,,1,2,140,0012400009,2024-10-06
0012400009,190,PT11M06.00S,2,1610612747,LAL,1642355,James,B. James,0,0,0,,0,,,0,h,B. James REBOUND (Off:0 Def:1),Rebound,Unknown,1,0,141,0012400009,2024-10-06
0012400009,191,PT11M06.00S,2,1610612747,LAL,1642355,James,B. James,0,0,0,,0,,,0,h,B. James Lost Ball Turnover (P1.T5),Turnover,Lost Ball,1,0,142,0012400009,2024-10-06
0012400009,191,PT11M06.00S,2,1610612756,PHX,1642346,Dunn,R. Dunn,0,0,0,,0,,,0,v,Dunn STEAL (1 STL),,,1,0,143,0012400009,2024-10-06
0012400009,193,PT11M05.00S,2,1610612756,PHX,203486,Plumlee,M. Plumlee,0,0,0,,0,,,0,v,Plumlee Out of Bounds - Bad Pass Turnover Turnover (P1.T4),Turnover,Out of Bounds - Bad Pass Turnover,1,0,144,0012400009,2024-10-06
0012400009,194,PT10M54.00S,2,1610612747,LAL,1642355,James,B. James,0,0,0,,0,,,0,h,B. James Traveling Turnover (P2.T6),Turnover,Traveling,1,0,145,0012400009,2024-10-06
0012400009,197,PT10M40.00S,2,1610612747,LAL,1629637,Hayes,J. Hayes,0,0,0,,0,,,0,h,Hayes S.FOUL (P2.T1) (K.Cutler),Foul,Shooting,1,0,146,0012400009,2024-10-06
0012400009,199,PT10M40.00S,2,1610612756,PHX,203078,Beal,B. Beal,0,0,0,,0,34,26,60,v,Beal Free Throw 1 of 2 (5 PTS),Free Throw,Free Throw 1 of 2,1,0,147,0012400009,2024-10-06
0012400009,200,PT10M40.00S,2,1610612756,PHX,203078,Beal,B. Beal,0,0,0,,0,34,27,61,v,Beal Free Throw 2 of 2 (6 PTS),Free Throw,Free Throw 2 of 2,1,0,148,0012400009,2024-10-06
0012400009,201,PT10M22.00S,2,1610612747,LAL,2544,James,L. James,0,0,0,,0,,,0,h,L. James Bad Pass Turnover (P3.T7),Turnover,Bad Pass,1,0,149,0012400009,2024-10-06
0012400009,201,PT10M22.00S,2,1610612756,PHX,1628420,Morris,M. Morris,0,0,0,,0,,,0,v,Morris STEAL (1 STL),,,1,0,150,0012400009,2024-10-06
0012400009,203,PT10M20.00S,2,1610612747,LAL,1642261,Knecht,D. Knecht,0,0,0,,0,,,0,h,Knecht S.FOUL (P1.T2) (K.Lane),Foul,Shooting,1,0,151,0012400009,2024-10-06
0012400009,205,PT10M20.00S,2,1610612756,PHX,203078,Beal,B. Beal,0,0,0,,0,34,28,62,v,Beal Free Throw 1 of 2 (7 PTS),Free Throw,Free Throw 1 of 2,1,0,152,0012400009,2024-10-06
0012400009,206,PT10M20.00S,2,1610612756,PHX,1628420,Morris,M. Morris,0,0,0,,0,,,0,v,SUB: Jones FOR Morris,Substitution,,0,0,153,0012400009,2024-10-06
0012400009,208,PT10M20.00S,2,1610612756,PHX,203078,Beal,B. Beal,0,0,0,,0,34,29,63,v,Beal Free Throw 2 of 2 (8 PTS),Free Throw,Free Throw 2 of 2,1,0,154,0012400009,2024-10-06
0012400009,209,PT10M07.00S,2,1610612747,LAL,2544,James,L. James,-135,231,27,Made,1,37,29,66,h,L. James 27' 3PT Step Back Jump Shot (7 PTS),Made Shot,Step Back Jump shot,1,3,155,0012400009,2024-10-06
0012400009,210,PT09M54.00S,2,1610612756,PHX,203078,Beal,B. Beal,-27,16,3,Missed,1,,,0,v,MISS Beal 3' Driving Layup,Missed Shot,Driving Layup Shot,1,2,156,0012400009,2024-10-06
0012400009,211,PT09M47.00S,2,1610612756,PHX,203486,Plumlee,M. Plumlee,0,0,0,,0,,,0,v,Plumlee REBOUND (Off:2 Def:1),Rebound,Unknown,1,0,157,0012400009,2024-10-06
0012400009,212,PT09M47.00S,2,1610612756,PHX,203486,Plumlee,M. Plumlee,0,0,0,Missed,1,,,0,v,MISS Plumlee Tip Layup Shot,Missed Shot,Tip Layup Shot,1,2,158,0012400009,2024-10-06
0012400009,213,PT09M47.00S,2,1610612747,LAL,2544,James,L. James,0,0,0,,0,,,0,h,L. James REBOUND (Off:0 Def:2),Rebound,Unknown,1,0,159,0012400009,2024-10-06
0012400009,214,PT09M43.00S,2,1610612747,LAL,1630559,Reaves,A. Reaves,-180,230,29,Missed,1,,,0,h,MISS Reaves 29' 3PT Running Pull-Up Jump Shot,Missed Shot,Running Pull-Up Jump Shot,1,3,160,0012400009,2024-10-06
0012400009,215,PT09M40.00S,2,1610612756,PHX,1626220,O'Neale,R. O'Neale,0,0,0,,0,,,0,v,O'Neale REBOUND (Off:0 Def:2),Rebound,Unknown,1,0,161,0012400009,2024-10-06
0012400009,216,PT09M38.00S,2,1610612756,PHX,203078,Beal,B. Beal,-199,169,26,Missed,1,,,0,v,MISS Beal 26' 3PT Running Jump Shot,Missed Shot,Running Jump Shot,1,3,162,0012400009,2024-10-06
0012400009,217,PT09M35.00S,2,1610612747,LAL,1630559,Reaves,A. Reaves,0,0,0,,0,,,0,h,Reaves REBOUND (Off:0 Def:2),Rebound,Unknown,1,0,163,0012400009,2024-10-06
0012400009,218,PT09M32.00S,2,1610612747,LAL,1642261,Knecht,D. Knecht,-183,273,33,Missed,1,,,0,h,MISS Knecht 33' 3PT Running Jump Shot,Missed Shot,Running Jump Shot,1,3,164,0012400009,2024-10-06
0012400009,218,PT09M32.00S,2,1610612756,PHX,1626220,O'Neale,R. O'Neale,0,0,0,,0,,,0,v,O'Neale BLOCK (1 BLK),,,1,3,165,0012400009,2024-10-06
0012400009,220,PT09M28.00S,2,1610612756,PHX,1626145,Jones,T. Jones,0,0,0,,0,,,0,v,Jones REBOUND (Off:0 Def:2),Rebound,Unknown,1,0,166,0012400009,2024-10-06
0012400009,221,PT09M21.00S,2,1610612756,PHX,1642346,Dunn,R. Dunn,234,37,24,Made,1,37,32,69,v,Dunn 24' 3PT Jump Shot (4 PTS) (Jones 1 AST),Made Shot,Jump Shot,1,3,167,0012400009,2024-10-06
0012400009,223,PT09M00.00S,2,1610612747,LAL,2544,James,L. James,22,28,4,Missed,1,,,0,h,MISS L. James 4' Driving Layup,Missed Shot,Driving Layup Shot,1,2,168,0012400009,2024-10-06
0012400009,223,PT09M00.00S,2,1610612756,PHX,1626220,O'Neale,R. O'Neale,0,0,0,,0,,,0,v,O'Neale BLOCK (2 BLK),,,1,2,169,0012400009,2024-10-06
0012400009,225,PT08M56.00S,2,1610612756,PHX,1626220,O'Neale,R. O'Neale,0,0,0,,0,,,0,v,O'Neale REBOUND (Off:0 Def:3),Rebound,Unknown,1,0,170,0012400009,2024-10-06
0012400009,226,PT08M53.00S,2,1610612756,PHX,1626145,Jones,T. Jones,237,34,24,Made,1,37,35,72,v,Jones 24' 3PT Running Jump Shot (3 PTS) (Beal 2 AST),Made Shot,Running Jump Shot,1,3,171,0012400009,2024-10-06
0012400009,228,PT08M44.00S,2,0,,1610612747,,,0,0,0,,0,,,0,h,LAKERS Timeout: Regular (Full 2 Short 0),Timeout,Regular,0,0,172,0012400009,2024-10-06
0012400009,229,PT08M44.00S,2,1610612747,LAL,1629637,Hayes,J. Hayes,0,0,0,,0,,,0,h,SUB: Hachimura FOR Hayes,Substitution,,0,0,173,0012400009,2024-10-06
0012400009,230,PT08M44.00S,2,1610612756,PHX,1626220,O'Neale,R. O'Neale,0,0,0,,0,,,0,v,SUB: Booker FOR O'Neale,Substitution,,0,0,174,0012400009,2024-10-06
0012400009,231,PT08M44.00S,2,1610612756,PHX,203486,Plumlee,M. Plumlee,0,0,0,,0,,,0,v,SUB: Durant FOR Plumlee,Substitution,,0,0,175,0012400009,2024-10-06
0012400009,235,PT08M38.00S,2,1610612747,LAL,1642355,James,B. James,0,0,0,,0,,,0,h,B. James OFF.Foul (P1) (K.Lane),Foul,Offensive,1,0,176,0012400009,2024-10-06
0012400009,237,PT08M38.00S,2,1610612747,LAL,1642355,James,B. James,0,0,0,,0,,,0,h,B. James Offensive Foul Turnover (P3.T8),Turnover,Offensive Foul Turnover,1,0,177,0012400009,2024-10-06
0012400009,238,PT08M22.00S,2,1610612756,PHX,201142,Durant,K. Durant,-124,26,13,Missed,1,,,0,v,MISS Durant 13' Fadeaway Jumper,Missed Shot,Fadeaway Jump Shot,1,2,178,0012400009,2024-10-06
0012400009,239,PT08M20.00S,2,1610612747,LAL,2544,James,L. James,0,0,0,,0,,,0,h,L. James REBOUND (Off:0 Def:3),Rebound,Unknown,1,0,179,0012400009,2024-10-06
0012400009,240,PT08M14.00S,2,1610612747,LAL,1642355,James,B. James,199,158,25,Missed,1,,,0,h,MISS B. James 25' 3PT Jump Shot,Missed Shot,Jump Shot,1,3,180,0012400009,2024-10-06
0012400009,241,PT08M11.00S,2,1610612756,PHX,203078,Beal,B. Beal,0,0,0,,0,,,0,v,Beal REBOUND (Off:0 Def:1),Rebound,Unknown,1,0,181,0012400009,2024-10-06
0012400009,242,PT08M06.00S,2,1610612756,PHX,1626164,Booker,D. Booker,232,98,25,Missed,1,,,0,v,MISS Booker 25' 3PT Running Pull-Up Jump Shot,Missed Shot,Running Pull-Up Jump Shot,1,3,182,0012400009,2024-10-06
0012400009,243,PT08M03.00S,2,1610612747,LAL,1630559,Reaves,A. Reaves,0,0,0,,0,,,0,h,Reaves REBOUND (Off:0 Def:3),Rebound,Unknown,1,0,183,0012400009,2024-10-06
0012400009,244,PT07M51.00S,2,1610612747,LAL,2544,James,L. James,2,36,4,Made,1,39,35,74,h,L. James 4' Cutting Layup Shot (9 PTS) (Reaves 4 AST),Made Shot,Cutting Layup Shot,1,2,184,0012400009,2024-10-06
0012400009,246,PT07M51.00S,2,1610612756,PHX,201142,Durant,K. Durant,0,0,0,,0,,,0,v,Durant S.FOUL (P2.T1) (K.Lane),Foul,Shooting,1,0,185,0012400009,2024-10-06
0012400009,248,PT07M51.00S,2,1610612747,LAL,1642355,James,B. James,0,0,0,,0,,,0,h,SUB: Vincent FOR B. James,Substitution,,0,0,186,0012400009,2024-10-06
0012400009,250,PT07M51.00S,2,1610612747,LAL,2544,James,L. James,0,0,0,,0,40,35,75,h,L. James Free Throw 1 of 1 (10 PTS),Free Throw,Free Throw 1 of 1,1,0,187,0012400009,2024-10-06
0012400009,251,PT07M37.00S,2,1610612756,PHX,203078,Beal,B. Beal,232,6,0,Made,1,40,38,78,v,Beal 3PT Jump Shot (11 PTS) (Booker 1 AST),Made Shot,Jump Shot,1,3,188,0012400009,2024-10-06
0012400009,253,PT07M26.00S,2,1610612747,LAL,1629216,Vincent,G. Vincent,-4,33,3,Made,1,42,38,80,h,Vincent 3' Cutting Finger Roll Layup Shot (2 PTS) (L. James 3 AST),Made Shot,Cutting Finger Roll Layup Shot,1,2,189,0012400009,2024-10-06
0012400009,255,PT07M26.00S,2,1610612756,PHX,203078,Beal,B. Beal,0,0,0,,0,,,0,v,Beal S.FOUL (P1.T2) (D.Richardson),Foul,Shooting,1,0,190,0012400009,2024-10-06
0012400009,257,PT07M26.00S,2,1610612747,LAL,2544,James,L. James,0,0,0,,0,,,0,h,SUB: Davis FOR L. James,Substitution,,0,0,191,0012400009,2024-10-06
0012400009,259,PT07M26.00S,2,1610612747,LAL,1629216,Vincent,G. Vincent,0,0,0,,0,43,38,81,h,Vincent Free Throw 1 of 1 (3 PTS),Free Throw,Free Throw 1 of 1,1,0,192,0012400009,2024-10-06
0012400009,260,PT07M16.00S,2,1610612756,PHX,203078,Beal,B. Beal,234,35,24,Missed,1,,,0,v,MISS Beal 24' 3PT Jump Shot,Missed Shot,Jump Shot,1,3,193,0012400009,2024-10-06
0012400009,261,PT07M12.00S,2,1610612747,LAL,1642261,Knecht,D. Knecht,0,0,0,,0,,,0,h,Knecht REBOUND (Off:0 Def:1),Rebound,Unknown,1,0,194,0012400009,2024-10-06
0012400009,262,PT07M03.00S,2,1610612747,LAL,203076,Davis,A. Davis,141,132,19,Made,1,45,38,83,h,Davis 19' Jump Shot (9 PTS) (Knecht 1 AST),Made Shot,Jump Shot,1,2,195,0012400009,2024-10-06
0012400009,264,PT06M47.00S,2,1610612756,PHX,201142,Durant,K. Durant,-65,255,26,Missed,1,,,0,v,MISS Durant 26' 3PT Jump Shot,Missed Shot,Jump Shot,1,3,196,0012400009,2024-10-06
0012400009,265,PT06M44.00S,2,1610612747,LAL,1629060,Hachimura,R. Hachimura,0,0,0,,0,,,0,h,Hachimura REBOUND (Off:1 Def:3),Rebound,Unknown,1,0,197,0012400009,2024-10-06
0012400009,266,PT06M37.00S,2,1610612747,LAL,1629060,Hachimura,R. Hachimura,18,29,3,Made,1,47,38,85,h,Hachimura 3' Driving Layup (6 PTS),Made Shot,Driving Layup Shot,1,2,198,0012400009,2024-10-06
0012400009,267,PT06M22.00S,2,1610612756,PHX,201142,Durant,K. Durant,1,29,3,Made,1,47,40,87,v,Durant 3' Cutting Layup Shot (4 PTS) (Jones 2 AST),Made Shot,Cutting Layup Shot,1,2,199,0012400009,2024-10-06
0012400009,269,PT06M22.00S,2,1610612747,LAL,1642261,Knecht,D. Knecht,0,0,0,,0,,,0,h,Knecht S.FOUL (P2.T3) (D.Richardson),Foul,Shooting,1,0,200,0012400009,2024-10-06
0012400009,271,PT06M22.00S,2,1610612747,LAL,1630559,Reaves,A. Reaves,0,0,0,,0,,,0,h,SUB: Russell FOR Reaves,Substitution,,0,0,201,0012400009,2024-10-06
0012400009,272,PT06M22.00S,2,1610612756,PHX,1642346,Dunn,R. Dunn,0,0,0,,0,,,0,v,SUB: Ighodaro FOR Dunn,Substitution,,0,0,202,0012400009,2024-10-06
0012400009,273,PT06M22.00S,2,1610612756,PHX,203078,Beal,B. Beal,0,0,0,,0,,,0,v,SUB: Allen FOR Beal,Substitution,,0,0,203,0012400009,2024-10-06
0012400009,277,PT06M22.00S,2,1610612756,PHX,201142,Durant,K. Durant,0,0,0,,0,,,0,v,MISS Durant Free Throw 1 of 1,Free Throw,Free Throw 1 of 1,1,0,204,0012400009,2024-10-06
0012400009,278,PT06M22.00S,2,1610612747,LAL,1629060,Hachimura,R. Hachimura,0,0,0,,0,,,0,h,Hachimura REBOUND (Off:1 Def:4),Rebound,Unknown,1,0,205,0012400009,2024-10-06
0012400009,279,PT06M07.00S,2,1610612756,PHX,1642345,Ighodaro,O. Ighodaro,0,0,0,,0,,,0,v,Ighodaro S.FOUL (P1.T3) (D.Richardson),Foul,Shooting,1,0,206,0012400009,2024-10-06
0012400009,281,PT06M07.00S,2,1610612747,LAL,203076,Davis,A. Davis,0,0,0,,0,,,0,h,MISS Davis Free Throw 1 of 2,Free Throw,Free Throw 1 of 2,1,0,207,0012400009,2024-10-06
0012400009,282,PT06M07.00S,2,0,,1610612747,,,0,0,0,,0,,,0,h,LAKERS Rebound,Rebound,Normal Rebound,1,0,208,0012400009,2024-10-06
0012400009,283,PT06M07.00S,2,1610612747,LAL,203076,Davis,A. Davis,0,0,0,,0,48,40,88,h,Davis Free Throw 2 of 2 (10 PTS),Free Throw,Free Throw 2 of 2,1,0,209,0012400009,2024-10-06
0012400009,284,PT05M56.00S,2,1610612756,PHX,1626164,Booker,D. Booker,-104,152,18,Missed,1,,,0,v,MISS Booker 18' Fadeaway Jumper,Missed Shot,Fadeaway Jump Shot,1,2,210,0012400009,2024-10-06
0012400009,285,PT05M52.00S,2,1610612747,LAL,203076,Davis,A. Davis,0,0,0,,0,,,0,h,Davis REBOUND (Off:1 Def:6),Rebound,Unknown,1,0,211,0012400009,2024-10-06
0012400009,286,PT05M50.00S,2,1610612747,LAL,1626156,Russell,D. Russell,158,218,27,Missed,1,,,0,h,MISS Russell 27' 3PT Running Jump Shot,Missed Shot,Running Jump Shot,1,3,212,0012400009,2024-10-06
0012400009,287,PT05M43.00S,2,1610612756,PHX,201142,Durant,K. Durant,0,0,0,,0,,,0,v,Durant REBOUND (Off:1 Def:3),Rebound,Unknown,1,0,213,0012400009,2024-10-06
0012400009,288,PT05M42.00S,2,1610612756,PHX,201142,Durant,K. Durant,0,0,0,,0,,,0,v,Durant Bad Pass Turnover (P1.T5),Turnover,Bad Pass,1,0,214,0012400009,2024-10-06
0012400009,288,PT05M42.00S,2,1610612747,LAL,1629060,Hachimura,R. Hachimura,0,0,0,,0,,,0,h,Hachimura STEAL (1 STL),,,1,0,215,0012400009,2024-10-06
0012400009,290,PT05M39.00S,2,1610612747,LAL,203076,Davis,A. Davis,6,0,1,Made,1,50,40,90,h,Davis 1' Layup (12 PTS),Made Shot,Layup Shot,1,2,216,0012400009,2024-10-06
0012400009,291,PT05M35.00S,2,1610612756,PHX,1628960,Allen,G. Allen,-181,178,25,Made,1,50,43,93,v,Allen 25' 3PT Jump Shot (5 PTS) (Booker 2 AST),Made Shot,Jump Shot,1,3,217,0012400009,2024-10-06
0012400009,293,PT05M23.00S,2,1610612747,LAL,1642261,Knecht,D. Knecht,56,116,13,Made,1,52,43,95,h,Knecht 13' Pullup Jump Shot (2 PTS),Made Shot,Pullup Jump shot,1,2,218,0012400009,2024-10-06
0012400009,294,PT05M16.00S,2,1610612756,PHX,1626164,Booker,D. Booker,0,0,0,,0,,,0,v,Booker Out of Bounds - Bad Pass Turnover Turnover (P2.T6),Turnover,Out of Bounds - Bad Pass Turnover,1,0,219,0012400009,2024-10-06
0012400009,295,PT05M06.00S,2,1610612747,LAL,203076,Davis,A. Davis,9,258,26,Missed,1,,,0,h,MISS Davis 26' 3PT Jump Shot,Missed Shot,Jump Shot,1,3,220,0012400009,2024-10-06
0012400009,296,PT05M05.00S,2,0,,1610612756,,,0,0,0,,0,,,0,v,Suns Rebound,Rebound,Unknown,1,0,221,0012400009,2024-10-06
0012400009,298,PT04M48.00S,2,1610612756,PHX,1642345,Ighodaro,O. Ighodaro,25,14,3,Made,1,52,45,97,v,Ighodaro 3' Cutting Dunk Shot (2 PTS) (Durant 2 AST),Made Shot,Cutting Dunk Shot,1,2,222,0012400009,2024-10-06
0012400009,300,PT04M27.00S,2,1610612747,LAL,1626156,Russell,D. Russell,-7,39,4,Missed,1,,,0,h,MISS Russell 4' Driving Finger Roll Layup,Missed Shot,Driving Finger Roll Layup Shot,1,2,223,0012400009,2024-10-06
0012400009,301,PT04M26.00S,2,1610612756,PHX,1628960,Allen,G. Allen,0,0,0,,0,,,0,v,Allen REBOUND (Off:0 Def:2),Rebound,Unknown,1,0,224,0012400009,2024-10-06
0012400009,302,PT04M21.00S,2,1610612756,PHX,201142,Durant,K. Durant,20,15,3,Made,1,52,47,99,v,Durant 3' Running Dunk (6 PTS) (Booker 3 AST),Made Shot,Running Dunk Shot,1,2,225,0012400009,2024-10-06
0012400009,304,PT04M06.00S,2,1610612756,PHX,1642345,Ighodaro,O. Ighodaro,0,0,0,,0,,,0,v,Ighodaro S.FOUL (P2.T4) (K.Lane),Foul,Shooting,1,0,226,0012400009,2024-10-06
0012400009,306,PT04M06.00S,2,1610612747,LAL,203076,Davis,A. Davis,0,0,0,,0,53,47,100,h,Davis Free Throw 1 of 2 (13 PTS),Free Throw,Free Throw 1 of 2,1,0,227,0012400009,2024-10-06
0012400009,307,PT04M06.00S,2,1610612747,LAL,1642261,Knecht,D. Knecht,0,0,0,,0,,,0,h,SUB: Christie FOR Knecht,Substitution,,0,0,228,0012400009,2024-10-06
0012400009,308,PT04M06.00S,2,1610612747,LAL,1629060,Hachimura,R. Hachimura,0,0,0,,0,,,0,h,SUB: L. James FOR Hachimura,Substitution,,0,0,229,0012400009,2024-10-06
0012400009,311,PT04M06.00S,2,1610612747,LAL,203076,Davis,A. Davis,0,0,0,,0,,,0,h,MISS Davis Free Throw 2 of 2,Free Throw,Free Throw 2 of 2,1,0,230,0012400009,2024-10-06
0012400009,312,PT04M04.00S,2,1610612756,PHX,201142,Durant,K. Durant,0,0,0,,0,,,0,v,Durant REBOUND (Off:1 Def:4),Rebound,Unknown,1,0,231,0012400009,2024-10-06
0012400009,314,PT03M45.00S,2,1610612756,PHX,1628960,Allen,G. Allen,-165,214,27,Missed,1,,,0,v,MISS Allen 27' 3PT Jump Shot,Missed Shot,Jump Shot,1,3,232,0012400009,2024-10-06
0012400009,315,PT03M43.00S,2,1610612747,LAL,2544,James,L. James,0,0,0,,0,,,0,h,L. James REBOUND (Off:0 Def:4),Rebound,Unknown,1,0,233,0012400009,2024-10-06
0012400009,316,PT03M39.00S,2,1610612747,LAL,2544,James,L. James,0,0,0,,0,,,0,h,L. James Bad Pass Turnover (P4.T9),Turnover,Bad Pass,1,0,234,0012400009,2024-10-06
0012400009,316,PT03M39.00S,2,1610612756,PHX,1626145,Jones,T. Jones,0,0,0,,0,,,0,v,Jones STEAL (1 STL),,,1,0,235,0012400009,2024-10-06
0012400009,318,PT03M34.00S,2,1610612756,PHX,1626145,Jones,T. Jones,-235,17,24,Made,1,53,50,103,v,Jones 24' 3PT Running Jump Shot (6 PTS) (Ighodaro 1 AST),Made Shot,Running Jump Shot,1,3,236,0012400009,2024-10-06
0012400009,320,PT03M14.00S,2,1610612747,LAL,2544,James,L. James,71,269,28,Made,1,56,50,106,h,L. James 28' 3PT Jump Shot (13 PTS) (Vincent 1 AST),Made Shot,Jump Shot,1,3,237,0012400009,2024-10-06
0012400009,322,PT03M05.00S,2,1610612756,PHX,1626164,Booker,D. Booker,126,19,13,Missed,1,,,0,v,MISS Booker 13' Jump Shot,Missed Shot,Jump Shot,1,2,238,0012400009,2024-10-06
0012400009,332,PT03M05.00S,2,0,,1610612747,,,0,0,0,,0,,,0,h,LAKERS Rebound,Rebound,Unknown,1,0,239,0012400009,2024-10-06
0012400009,323,PT03M05.00S,2,1610612747,LAL,1629216,Vincent,G. Vincent,0,0,0,,0,,,0,h,SUB: Reaves FOR Vincent,Substitution,,0,0,240,0012400009,2024-10-06
0012400009,324,PT03M05.00S,2,1610612756,PHX,1626164,Booker,D. Booker,0,0,0,,0,,,0,v,SUB: Bol FOR Booker,Substitution,,0,0,241,0012400009,2024-10-06
0012400009,325,PT03M05.00S,2,1610612756,PHX,201142,Durant,K. Durant,0,0,0,,0,,,0,v,SUB: Okogie FOR Durant,Substitution,,0,0,242,0012400009,2024-10-06
0012400009,329,PT03M03.00S,2,1610612747,LAL,203076,Davis,A. Davis,0,0,0,,0,,,0,h,Jump Ball Davis vs. Ighodaro: Tip to L. James,Jump Ball,,1,0,243,0012400009,2024-10-06
0012400009,333,PT03M01.00S,2,1610612747,LAL,203076,Davis,A. Davis,5,26,3,Made,1,58,50,108,h,Davis 3' Alley Oop Dunk (15 PTS) (L. James 4 AST),Made Shot,Alley Oop Dunk Shot,1,2,244,0012400009,2024-10-06
0012400009,335,PT02M39.00S,2,1610612756,PHX,1642345,Ighodaro,O. Ighodaro,-6,83,8,Made,1,58,52,110,v,Ighodaro 8' Floating Jump Shot (4 PTS) (Okogie 1 AST),Made Shot,Floating Jump shot,1,2,245,0012400009,2024-10-06
0012400009,337,PT02M29.00S,2,1610612747,LAL,2544,James,L. James,168,34,17,Made,1,60,52,112,h,L. James 17' Pullup Jump Shot (15 PTS),Made Shot,Pullup Jump shot,1,2,246,0012400009,2024-10-06
0012400009,338,PT02M18.00S,2,1610612756,PHX,1629006,Okogie,J. Okogie,162,205,26,Made,1,60,55,115,v,Okogie 26' 3PT Jump Shot (3 PTS) (Jones 3 AST),Made Shot,Jump Shot,1,3,247,0012400009,2024-10-06
0012400009,340,PT02M06.00S,2,1610612747,LAL,2544,James,L. James,7,28,3,Made,1,62,55,117,h,L. James 3' Driving Layup (17 PTS),Made Shot,Driving Layup Shot,1,2,248,0012400009,2024-10-06
0012400009,341,PT01M57.00S,2,0,,1610612756,,,0,0,0,,0,,,0,v,Suns Timeout: Regular (Reg.2 Short 0),Timeout,Regular,0,0,249,0012400009,2024-10-06
0012400009,342,PT01M57.00S,2,1610612756,PHX,1626145,Jones,T. Jones,0,0,0,,0,,,0,v,SUB: Gillespie FOR Jones,Substitution,,0,0,250,0012400009,2024-10-06
0012400009,345,PT01M43.00S,2,1610612756,PHX,1642345,Ighodaro,O. Ighodaro,0,0,0,,0,,,0,v,Ighodaro Bad Pass Turnover (P1.T7),Turnover,Bad Pass,1,0,251,0012400009,2024-10-06
0012400009,345,PT01M43.00S,2,1610612747,LAL,1631108,Christie,M. Christie,0,0,0,,0,,,0,h,Christie STEAL (1 STL),,,1,0,252,0012400009,2024-10-06
0012400009,347,PT01M40.00S,2,1610612747,LAL,1631108,Christie,M. Christie,-2,16,2,Missed,1,,,0,h,MISS Christie 2' Running Layup,Missed Shot,Running Layup Shot,1,2,253,0012400009,2024-10-06
0012400009,347,PT01M40.00S,2,1610612756,PHX,1642345,Ighodaro,O. Ighodaro,0,0,0,,0,,,0,v,Ighodaro BLOCK (1 BLK),,,1,2,254,0012400009,2024-10-06
0012400009,349,PT01M40.00S,2,0,,1610612747,,,0,0,0,,0,,,0,h,LAKERS Rebound,Rebound,Unknown,1,0,255,0012400009,2024-10-06
0012400009,351,PT01M34.00S,2,1610612747,LAL,2544,James,L. James,-105,190,22,Missed,1,,,0,h,MISS L. James 22' Jump Shot,Missed Shot,Jump Shot,1,2,256,0012400009,2024-10-06
0012400009,352,PT01M29.00S,2,1610612756,PHX,1629626,Bol,B. Bol,0,0,0,,0,,,0,v,Bol REBOUND (Off:0 Def:1),Rebound,Unknown,1,0,257,0012400009,2024-10-06
0012400009,353,PT01M12.00S,2,1610612756,PHX,1629006,Okogie,J. Okogie,-134,221,26,Missed,1,,,0,v,MISS Okogie 26' 3PT Pullup Jump Shot,Missed Shot,Pullup Jump shot,1,3,258,0012400009,2024-10-06
0012400009,354,PT01M10.00S,2,1610612747,LAL,203076,Davis,A. Davis,0,0,0,,0,,,0,h,Davis REBOUND (Off:1 Def:7),Rebound,Unknown,1,0,259,0012400009,2024-10-06
0012400009,355,PT01M00.00S,2,1610612747,LAL,1626156,Russell,D. Russell,-124,148,19,Missed,1,,,0,h,MISS Russell 19' Turnaround Fadeaway Shot,Missed Shot,Turnaround Fadeaway shot,1,2,260,0012400009,2024-10-06
0012400009,356,PT00M58.90S,2,1610612756,PHX,1629006,Okogie,J. Okogie,0,0,0,,0,,,0,v,Okogie REBOUND (Off:0 Def:1),Rebound,Unknown,1,0,261,0012400009,2024-10-06
0012400009,357,PT00M54.30S,2,1610612756,PHX,1628960,Allen,G. Allen,0,0,0,,0,,,0,v,Allen Bad Pass Turnover (P2.T8),Turnover,Bad Pass,1,0,262,0012400009,2024-10-06
0012400009,357,PT00M54.30S,2,1610612747,LAL,1630559,Reaves,A. Reaves,0,0,0,,0,,,0,h,Reaves STEAL (2 STL),,,1,0,263,0012400009,2024-10-06
0012400009,359,PT00M49.80S,2,1610612747,LAL,1630559,Reaves,A. Reaves,6,37,4,Missed,1,,,0,h,MISS Reaves 4' Running Reverse Layup,Missed Shot,Running Reverse Layup Shot,1,2,264,0012400009,2024-10-06
0012400009,360,PT00M48.40S,2,1610612747,LAL,2544,James,L. James,0,0,0,,0,,,0,h,L. James REBOUND (Off:1 Def:4),Rebound,Unknown,1,0,265,0012400009,2024-10-06
0012400009,361,PT00M47.50S,2,1610612747,LAL,2544,James,L. James,4,26,3,Made,1,64,55,119,h,L. James 3' Putback Layup (19 PTS),Made Shot,Putback Layup Shot,1,2,266,0012400009,2024-10-06
0012400009,362,PT00M37.20S,2,1610612756,PHX,1631221,Gillespie,C. Gillespie,0,0,0,,0,,,0,v,Gillespie Out of Bounds Lost Ball Turnover (P1.T9),Turnover,Out of Bounds Lost Ball Turnover,1,0,267,0012400009,2024-10-06
0012400009,363,PT00M30.60S,2,1610612747,LAL,1626156,Russell,D. Russell,48,298,30,Made,1,67,55,122,h,Russell 30' 3PT Step Back Jump Shot (12 PTS),Made Shot,Step Back Jump shot,1,3,268,0012400009,2024-10-06
0012400009,364,PT00M14.80S,2,1610612756,PHX,1631221,Gillespie,C. Gillespie,17,30,3,Made,1,67,57,124,v,Gillespie 3' Pullup Jump Shot (2 PTS),Made Shot,Pullup Jump shot,1,2,269,0012400009,2024-10-06
0012400009,366,PT00M03.30S,2,1610612747,LAL,203076,Davis,A. Davis,5,27,3,Made,1,69,57,126,h,Davis 3' Driving Dunk (17 PTS),Made Shot,Driving Dunk Shot,1,2,270,0012400009,2024-10-06
0012400009,368,PT00M00.00S,2,0,,0,,,0,0,0,,0,69,57,126,,End of 2nd Period (10:39 PM EST),period,end,1,0,271,0012400009,2024-10-06
0012400009,381,PT12M00.00S,3,0,,0,,,0,0,0,,0,69,57,126,,Start of 3rd Period (10:55 PM EST),period,start,0,0,272,0012400009,2024-10-06
0012400009,382,PT11M46.00S,3,1610612756,PHX,1626220,O'Neale,R. O'Neale,-130,217,25,Missed,1,,,0,v,MISS O'Neale 25' 3PT Jump Shot,Missed Shot,Jump Shot,1,3,273,0012400009,2024-10-06
0012400009,383,PT11M43.00S,3,1610612747,LAL,1630559,Reaves,A. Reaves,0,0,0,,0,,,0,h,Reaves REBOUND (Off:0 Def:4),Rebound,Unknown,1,0,274,0012400009,2024-10-06
0012400009,384,PT11M40.00S,3,1610612756,PHX,1626220,O'Neale,R. O'Neale,0,0,0,,0,,,0,v,O'Neale S.FOUL (P1.T1) (K.Lane),Foul,Shooting,1,0,275,0012400009,2024-10-06
0012400009,386,PT11M40.00S,3,1610612747,LAL,1630559,Reaves,A. Reaves,0,0,0,,0,70,57,127,h,Reaves Free Throw 1 of 2 (6 PTS),Free Throw,Free Throw 1 of 2,1,0,276,0012400009,2024-10-06
0012400009,387,PT11M40.00S,3,1610612747,LAL,1630559,Reaves,A. Reaves,0,0,0,,0,71,57,128,h,Reaves Free Throw 2 of 2 (7 PTS),Free Throw,Free Throw 2 of 2,1,0,277,0012400009,2024-10-06
0012400009,388,PT11M35.00S,3,1610612747,LAL,1629060,Hachimura,R. Hachimura,0,0,0,,0,,,0,h,Hachimura Violation:Kicked Ball (D.Richardson),Violation,Kicked Ball,0,0,278,0012400009,2024-10-06
0012400009,389,PT11M25.00S,3,1610612756,PHX,1642346,Dunn,R. Dunn,0,0,0,,0,,,0,v,Dunn Backcourt Turnover (P1.T10),Turnover,Backcourt Turnover,1,0,279,0012400009,2024-10-06
0012400009,390,PT11M16.00S,3,1610612756,PHX,1628960,Allen,G. Allen,0,0,0,,0,,,0,v,Allen P.FOUL (P2.T2) (K.Cutler),Foul,Personal,1,0,280,0012400009,2024-10-06
0012400009,392,PT11M08.00S,3,1610612747,LAL,1626156,Russell,D. Russell,136,227,26,Missed,1,,,0,h,MISS Russell 26' 3PT Step Back Jump Shot,Missed Shot,Step Back Jump shot,1,3,281,0012400009,2024-10-06
0012400009,393,PT11M06.00S,3,1610612756,PHX,203486,Plumlee,M. Plumlee,0,0,0,,0,,,0,v,Plumlee REBOUND (Off:2 Def:2),Rebound,Unknown,1,0,282,0012400009,2024-10-06
0012400009,394,PT10M48.00S,3,1610612756,PHX,1628960,Allen,G. Allen,-23,68,7,Made,1,71,59,130,v,Allen 7' Driving Layup (7 PTS) (Jones 4 AST),Made Shot,Driving Layup Shot,1,2,283,0012400009,2024-10-06
0012400009,396,PT10M41.00S,3,1610612747,LAL,1630559,Reaves,A. Reaves,-227,130,26,Missed,1,,,0,h,MISS Reaves 26' 3PT Jump Shot,Missed Shot,Jump Shot,1,3,284,0012400009,2024-10-06
0012400009,397,PT10M39.00S,3,1610612756,PHX,1626220,O'Neale,R. O'Neale,0,0,0,,0,,,0,v,O'Neale REBOUND (Off:0 Def:4),Rebound,Unknown,1,0,285,0012400009,2024-10-06
0012400009,398,PT10M33.00S,3,1610612756,PHX,1642346,Dunn,R. Dunn,222,142,26,Missed,1,,,0,v,MISS Dunn 26' 3PT Jump Shot,Missed Shot,Jump Shot,1,3,286,0012400009,2024-10-06
0012400009,399,PT10M30.00S,3,1610612747,LAL,1629637,Hayes,J. Hayes,0,0,0,,0,,,0,h,Hayes REBOUND (Off:1 Def:3),Rebound,Unknown,1,0,287,0012400009,2024-10-06
0012400009,400,PT10M18.00S,3,1610612747,LAL,1629637,Hayes,J. Hayes,13,9,2,Missed,1,,,0,h,MISS Hayes 2' Cutting Finger Roll Layup Shot,Missed Shot,Cutting Finger Roll Layup Shot,1,2,288,0012400009,2024-10-06
0012400009,401,PT10M18.00S,3,0,,1610612756,,,0,0,0,,0,,,0,v,Suns Rebound,Rebound,Unknown,1,0,289,0012400009,2024-10-06
0012400009,402,PT10M18.00S,3,1610612747,LAL,1629637,Hayes,J. Hayes,0,0,0,,0,,,0,h,Hayes L.B.FOUL (P3.T1) (K.Lane),Foul,Loose Ball,1,0,290,0012400009,2024-10-06
0012400009,404,PT10M06.00S,3,1610612756,PHX,1626220,O'Neale,R. O'Neale,-29,62,7,Made,1,71,61,132,v,O'Neale 7' Floating Jump Shot (2 PTS) (Jones 5 AST),Made Shot,Floating Jump shot,1,2,291,0012400009,2024-10-06
0012400009,406,PT09M54.00S,3,1610612756,PHX,1626220,O'Neale,R. O'Neale,0,0,0,,0,,,0,v,O'Neale S.FOUL (P2.T3) (D.Richardson),Foul,Shooting,1,0,292,0012400009,2024-10-06
0012400009,408,PT09M54.00S,3,1610612747,LAL,1629637,Hayes,J. Hayes,0,0,0,,0,,,0,h,MISS Hayes Free Throw 1 of 2,Free Throw,Free Throw 1 of 2,1,0,293,0012400009,2024-10-06
0012400009,409,PT09M54.00S,3,0,,1610612747,,,0,0,0,,0,,,0,h,LAKERS Rebound,Rebound,Normal Rebound,0,0,294,0012400009,2024-10-06
0012400009,410,PT09M54.00S,3,1610612747,LAL,1629637,Hayes,J. Hayes,0,0,0,,0,,,0,h,MISS Hayes Free Throw 2 of 2,Free Throw,Free Throw 2 of 2,1,0,295,0012400009,2024-10-06
0012400009,411,PT09M50.00S,3,1610612756,PHX,1626220,O'Neale,R. O'Neale,0,0,0,,0,,,0,v,O'Neale REBOUND (Off:0 Def:5),Rebound,Unknown,0,0,296,0012400009,2024-10-06
0012400009,412,PT09M40.00S,3,1610612756,PHX,1642346,Dunn,R. Dunn,227,127,26,Missed,1,,,0,v,MISS Dunn 26' 3PT Jump Shot,Missed Shot,Jump Shot,1,3,297,0012400009,2024-10-06
0012400009,413,PT09M37.00S,3,1610612747,LAL,1631108,Christie,M. Christie,0,0,0,,0,,,0,h,Christie REBOUND (Off:0 Def:1),Rebound,Unknown,1,0,298,0012400009,2024-10-06
0012400009,414,PT09M26.00S,3,1610612747,LAL,1626156,Russell,D. Russell,176,194,26,Missed,1,,,0,h,MISS Russell 26' 3PT Step Back Jump Shot,Missed Shot,Step Back Jump shot,1,3,299,0012400009,2024-10-06
0012400009,415,PT09M24.00S,3,1610612747,LAL,1630559,Reaves,A. Reaves,0,0,0,,0,,,0,h,Reaves REBOUND (Off:1 Def:4),Rebound,Unknown,1,0,300,0012400009,2024-10-06
0012400009,416,PT09M18.00S,3,1610612747,LAL,1629060,Hachimura,R. Hachimura,-61,122,14,Made,1,73,61,134,h,Hachimura 14' Jump Shot (8 PTS) (Reaves 5 AST),Made Shot,Jump Shot,1,2,301,0012400009,2024-10-06
0012400009,418,PT09M03.00S,3,1610612756,PHX,1626145,Jones,T. Jones,81,278,29,Made,1,73,64,137,v,Jones 29' 3PT Jump Shot (9 PTS) (Dunn 1 AST),Made Shot,Jump Shot,1,3,302,0012400009,2024-10-06
0012400009,420,PT08M49.00S,3,1610612747,LAL,1626156,Russell,D. Russell,67,130,15,Made,1,75,64,139,h,Russell 15' Jump Shot (14 PTS) (Hayes 1 AST),Made Shot,Jump Shot,1,2,303,0012400009,2024-10-06
0012400009,422,PT08M39.00S,3,1610612756,PHX,1626145,Jones,T. Jones,0,0,0,,0,,,0,v,Jones Bad Pass Turnover (P1.T11),Turnover,Bad Pass,1,0,304,0012400009,2024-10-06
0012400009,422,PT08M39.00S,3,1610612747,LAL,1626156,Russell,D. Russell,0,0,0,,0,,,0,h,Russell STEAL (1 STL),,,1,0,305,0012400009,2024-10-06
0012400009,424,PT08M27.00S,3,1610612747,LAL,1630559,Reaves,A. Reaves,188,205,28,Missed,1,,,0,h,MISS Reaves 28' 3PT Jump Shot,Missed Shot,Jump Shot,1,3,306,0012400009,2024-10-06
0012400009,425,PT08M23.00S,3,1610612756,PHX,1642346,Dunn,R. Dunn,0,0,0,,0,,,0,v,Dunn REBOUND (Off:0 Def:1),Rebound,Unknown,1,0,307,0012400009,2024-10-06
0012400009,426,PT08M12.00S,3,1610612756,PHX,1626220,O'Neale,R. O'Neale,152,223,27,Missed,1,,,0,v,MISS O'Neale 27' 3PT Jump Shot,Missed Shot,Jump Shot,1,3,308,0012400009,2024-10-06
0012400009,427,PT08M10.00S,3,1610612756,PHX,1642346,Dunn,R. Dunn,0,0,0,,0,,,0,v,Dunn REBOUND (Off:1 Def:1),Rebound,Unknown,1,0,309,0012400009,2024-10-06
0012400009,428,PT08M06.00S,3,1610612756,PHX,1642346,Dunn,R. Dunn,-6,254,25,Missed,1,,,0,v,MISS Dunn 25' 3PT Jump Shot,Missed Shot,Jump Shot,1,3,310,0012400009,2024-10-06
0012400009,429,PT08M04.00S,3,1610612747,LAL,1629060,Hachimura,R. Hachimura,0,0,0,,0,,,0,h,Hachimura REBOUND (Off:1 Def:5),Rebound,Unknown,1,0,311,0012400009,2024-10-06
0012400009,430,PT08M01.00S,3,1610612756,PHX,1642346,Dunn,R. Dunn,0,0,0,,0,,,0,v,Dunn S.FOUL (P1.T4) (K.Cutler),Foul,Shooting,1,0,312,0012400009,2024-10-06
0012400009,432,PT08M01.00S,3,1610612747,LAL,1630559,Reaves,A. Reaves,0,0,0,,0,76,64,140,h,Reaves Free Throw 1 of 2 (8 PTS),Free Throw,Free Throw 1 of 2,1,0,313,0012400009,2024-10-06
0012400009,433,PT08M01.00S,3,1610612756,PHX,203486,Plumlee,M. Plumlee,0,0,0,,0,,,0,v,SUB: Ighodaro FOR Plumlee,Substitution,,0,0,314,0012400009,2024-10-06
0012400009,435,PT08M01.00S,3,1610612747,LAL,1630559,Reaves,A. Reaves,0,0,0,,0,77,64,141,h,Reaves Free Throw 2 of 2 (9 PTS),Free Throw,Free Throw 2 of 2,1,0,315,0012400009,2024-10-06
0012400009,436,PT07M47.00S,3,1610612756,PHX,1626220,O'Neale,R. O'Neale,12,58,6,Missed,1,,,0,v,MISS O'Neale 6' Layup,Missed Shot,Layup Shot,1,2,316,0012400009,2024-10-06
0012400009,437,PT07M44.00S,3,1610612747,LAL,1629637,Hayes,J. Hayes,0,0,0,,0,,,0,h,Hayes REBOUND (Off:1 Def:4),Rebound,Unknown,1,0,317,0012400009,2024-10-06
0012400009,438,PT07M35.00S,3,1610612747,LAL,1629637,Hayes,J. Hayes,5,1,1,Made,1,79,64,143,h,Hayes 1' Cutting Dunk Shot (5 PTS) (Russell 3 AST),Made Shot,Cutting Dunk Shot,1,2,318,0012400009,2024-10-06
0012400009,440,PT07M25.00S,3,1610612756,PHX,1628960,Allen,G. Allen,134,252,29,Missed,1,,,0,v,MISS Allen 29' 3PT Jump Shot,Missed Shot,Jump Shot,1,3,319,0012400009,2024-10-06
0012400009,441,PT07M23.00S,3,1610612747,LAL,1630559,Reaves,A. Reaves,0,0,0,,0,,,0,h,Reaves REBOUND (Off:1 Def:5),Rebound,Unknown,1,0,320,0012400009,2024-10-06
0012400009,442,PT07M15.00S,3,1610612747,LAL,1630559,Reaves,A. Reaves,-7,269,27,Missed,1,,,0,h,MISS Reaves 27' 3PT Step Back Jump Shot,Missed Shot,Step Back Jump shot,1,3,321,0012400009,2024-10-06
0012400009,443,PT07M12.00S,3,1610612756,PHX,1642345,Ighodaro,O. Ighodaro,0,0,0,,0,,,0,v,Ighodaro REBOUND (Off:0 Def:2),Rebound,Unknown,1,0,322,0012400009,2024-10-06
0012400009,444,PT07M02.00S,3,1610612756,PHX,1642345,Ighodaro,O. Ighodaro,-10,31,3,Made,1,79,66,145,v,Ighodaro 3' Alley Oop Dunk (6 PTS) (Jones 6 AST),Made Shot,Alley Oop Dunk Shot,1,2,323,0012400009,2024-10-06
0012400009,446,PT06M38.00S,3,1610612747,LAL,1629637,Hayes,J. Hayes,91,176,20,Missed,1,,,0,h,MISS Hayes 20' Jump Shot,Missed Shot,Jump Shot,1,2,324,0012400009,2024-10-06
0012400009,447,PT06M36.00S,3,1610612756,PHX,1642345,Ighodaro,O. Ighodaro,0,0,0,,0,,,0,v,Ighodaro REBOUND (Off:0 Def:3),Rebound,Unknown,1,0,325,0012400009,2024-10-06
0012400009,448,PT06M26.00S,3,1610612756,PHX,1642346,Dunn,R. Dunn,223,122,25,Made,1,79,69,148,v,Dunn 25' 3PT Jump Shot (7 PTS) (Ighodaro 2 AST),Made Shot,Jump Shot,1,3,326,0012400009,2024-10-06
0012400009,451,PT06M17.00S,3,0,,1610612747,,,0,0,0,,0,,,0,h,LAKERS Timeout: Regular (Full 3 Short 0),Timeout,Regular,0,0,327,0012400009,2024-10-06
0012400009,452,PT06M17.00S,3,1610612747,LAL,1631108,Christie,M. Christie,0,0,0,,0,,,0,h,SUB: Reddish FOR Christie,Substitution,,0,0,328,0012400009,2024-10-06
0012400009,453,PT06M17.00S,3,1610612756,PHX,1642346,Dunn,R. Dunn,0,0,0,,0,,,0,v,SUB: Morris FOR Dunn,Substitution,,0,0,329,0012400009,2024-10-06
0012400009,454,PT06M17.00S,3,1610612756,PHX,1626145,Jones,T. Jones,0,0,0,,0,,,0,v,SUB: Okogie FOR Jones,Substitution,,0,0,330,0012400009,2024-10-06
0012400009,458,PT06M04.00S,3,1610612747,LAL,1630559,Reaves,A. Reaves,153,221,27,Missed,1,,,0,h,MISS Reaves 27' 3PT Jump Shot,Missed Shot,Jump Shot,1,3,331,0012400009,2024-10-06
0012400009,459,PT06M00.00S,3,1610612756,PHX,1628420,Morris,M. Morris,0,0,0,,0,,,0,v,Morris REBOUND (Off:0 Def:2),Rebound,Unknown,1,0,332,0012400009,2024-10-06
0012400009,460,PT05M38.00S,3,1610612756,PHX,1628960,Allen,G. Allen,-18,44,5,Missed,1,,,0,v,MISS Allen 5' Floating Jump Shot,Missed Shot,Floating Jump shot,1,2,333,0012400009,2024-10-06
0012400009,461,PT05M36.00S,3,1610612747,LAL,1629060,Hachimura,R. Hachimura,0,0,0,,0,,,0,h,Hachimura REBOUND (Off:1 Def:6),Rebound,Unknown,1,0,334,0012400009,2024-10-06
0012400009,462,PT05M29.00S,3,1610612747,LAL,1629060,Hachimura,R. Hachimura,-206,157,26,Made,1,82,69,151,h,Hachimura 26' 3PT Jump Shot (11 PTS) (Reaves 6 AST),Made Shot,Jump Shot,1,3,335,0012400009,2024-10-06
0012400009,464,PT05M08.00S,3,1610612756,PHX,1628960,Allen,G. Allen,0,0,0,,0,,,0,v,Allen Bad Pass Turnover (P3.T12),Turnover,Bad Pass,1,0,336,0012400009,2024-10-06
0012400009,464,PT05M08.00S,3,1610612747,LAL,1629637,Hayes,J. Hayes,0,0,0,,0,,,0,h,Hayes STEAL (1 STL),,,1,0,337,0012400009,2024-10-06
0012400009,466,PT05M02.00S,3,1610612747,LAL,1629629,Reddish,C. Reddish,186,183,26,Made,1,85,69,154,h,Reddish 26' 3PT Running Jump Shot (3 PTS) (Russell 4 AST),Made Shot,Running Jump Shot,1,3,338,0012400009,2024-10-06
0012400009,468,PT04M38.00S,3,1610612756,PHX,1642345,Ighodaro,O. Ighodaro,22,25,3,Missed,1,,,0,v,MISS Ighodaro 3' Layup,Missed Shot,Layup Shot,1,2,339,0012400009,2024-10-06
0012400009,469,PT04M33.00S,3,1610612756,PHX,1642345,Ighodaro,O. Ighodaro,0,0,0,,0,,,0,v,Ighodaro REBOUND (Off:1 Def:3),Rebound,Unknown,1,0,340,0012400009,2024-10-06
0012400009,470,PT04M33.00S,3,1610612756,PHX,1642345,Ighodaro,O. Ighodaro,0,0,0,Made,1,85,71,156,v,Ighodaro Tip Layup Shot (8 PTS),Made Shot,Tip Layup Shot,1,2,341,0012400009,2024-10-06
0012400009,471,PT04M24.00S,3,1610612747,LAL,1629060,Hachimura,R. Hachimura,21,57,6,Missed,1,,,0,h,MISS Hachimura 6' Turnaround Jump Shot,Missed Shot,Turnaround Jump Shot,1,2,342,0012400009,2024-10-06
0012400009,471,PT04M24.00S,3,1610612756,PHX,1626220,O'Neale,R. O'Neale,0,0,0,,0,,,0,v,O'Neale BLOCK (3 BLK),,,1,2,343,0012400009,2024-10-06
0012400009,473,PT04M21.00S,3,1610612756,PHX,1629006,Okogie,J. Okogie,0,0,0,,0,,,0,v,Okogie REBOUND (Off:0 Def:2),Rebound,Unknown,1,0,344,0012400009,2024-10-06
0012400009,474,PT04M12.00S,3,1610612756,PHX,1629006,Okogie,J. Okogie,12,22,3,Missed,1,,,0,v,MISS Okogie 3' Driving Layup,Missed Shot,Driving Layup Shot,1,2,345,0012400009,2024-10-06
0012400009,474,PT04M12.00S,3,1610612747,LAL,1629637,Hayes,J. Hayes,0,0,0,,0,,,0,h,Hayes BLOCK (2 BLK),,,1,2,346,0012400009,2024-10-06
0012400009,475,PT04M12.00S,3,0,,1610612756,,,0,0,0,,0,,,0,v,Suns Rebound,Rebound,Unknown,0,0,347,0012400009,2024-10-06
0012400009,477,PT04M12.00S,3,1610612747,LAL,1626156,Russell,D. Russell,0,0,0,,0,,,0,h,SUB: Castleton FOR Russell,Substitution,,0,0,348,0012400009,2024-10-06
0012400009,478,PT04M12.00S,3,1610612747,LAL,1629637,Hayes,J. Hayes,0,0,0,,0,,,0,h,SUB: Hood-Schifino FOR Hayes,Substitution,,0,0,349,0012400009,2024-10-06
0012400009,479,PT04M12.00S,3,1610612756,PHX,1626220,O'Neale,R. O'Neale,0,0,0,,0,,,0,v,SUB: Bol FOR O'Neale,Substitution,,0,0,350,0012400009,2024-10-06
0012400009,480,PT04M12.00S,3,1610612756,PHX,1628960,Allen,G. Allen,0,0,0,,0,,,0,v,SUB: Lee FOR Allen,Substitution,,0,0,351,0012400009,2024-10-06
0012400009,485,PT04M09.00S,3,1610612756,PHX,1627814,Lee,D. Lee,-232,99,25,Missed,1,,,0,v,MISS Lee 25' 3PT Jump Shot,Missed Shot,Jump Shot,0,3,352,0012400009,2024-10-06
0012400009,486,PT04M06.00S,3,1610612747,LAL,1629060,Hachimura,R. Hachimura,0,0,0,,0,,,0,h,Hachimura REBOUND (Off:1 Def:7),Rebound,Unknown,0,0,353,0012400009,2024-10-06
0012400009,487,PT03M52.00S,3,1610612747,LAL,1641720,Hood-Schifino,J. Hood-Schifino,152,152,21,Made,1,87,71,158,h,Hood-Schifino 21' Pullup Jump Shot (2 PTS) (Reaves 7 AST),Made Shot,Pullup Jump shot,1,2,354,0012400009,2024-10-06
0012400009,489,PT03M32.00S,3,1610612756,PHX,1627814,Lee,D. Lee,53,110,12,Made,1,87,73,160,v,Lee 12' Floating Jump Shot (2 PTS) (Okogie 2 AST),Made Shot,Floating Jump shot,1,2,355,0012400009,2024-10-06
0012400009,491,PT03M19.00S,3,1610612747,LAL,1641720,Hood-Schifino,J. Hood-Schifino,-2,138,14,Missed,1,,,0,h,MISS Hood-Schifino 14' Pullup Jump Shot,Missed Shot,Pullup Jump shot,1,2,356,0012400009,2024-10-06
0012400009,492,PT03M16.00S,3,1610612756,PHX,1628420,Morris,M. Morris,0,0,0,,0,,,0,v,Morris REBOUND (Off:0 Def:3),Rebound,Unknown,1,0,357,0012400009,2024-10-06
0012400009,493,PT03M13.00S,3,1610612756,PHX,1627814,Lee,D. Lee,-214,180,28,Made,1,87,76,163,v,Lee 28' 3PT Running Jump Shot (5 PTS) (Morris 1 AST),Made Shot,Running Jump Shot,1,3,358,0012400009,2024-10-06
0012400009,495,PT02M56.00S,3,1610612747,LAL,1629060,Hachimura,R. Hachimura,-66,130,15,Made,1,89,76,165,h,Hachimura 15' Pullup Jump Shot (13 PTS) (Hood-Schifino 1 AST),Made Shot,Pullup Jump shot,1,2,359,0012400009,2024-10-06
0012400009,497,PT02M52.00S,3,1610612747,LAL,1629629,Reddish,C. Reddish,0,0,0,,0,,,0,h,Reddish P.FOUL (P1.T2) (D.Richardson),Foul,Personal,1,0,360,0012400009,2024-10-06
0012400009,499,PT02M52.00S,3,0,,1610612756,,,0,0,0,,0,,,0,v,Suns Timeout: Regular (Reg.3 Short 0),Timeout,Regular,0,0,361,0012400009,2024-10-06
0012400009,501,PT02M52.00S,3,1610612747,LAL,1630559,Reaves,A. Reaves,0,0,0,,0,,,0,h,SUB: Vincent FOR Reaves,Substitution,,0,0,362,0012400009,2024-10-06
0012400009,502,PT02M52.00S,3,1610612747,LAL,1629060,Hachimura,R. Hachimura,0,0,0,,0,,,0,h,SUB: Knecht FOR Hachimura,Substitution,,0,0,363,0012400009,2024-10-06
0012400009,505,PT02M40.00S,3,1610612756,PHX,1628420,Morris,M. Morris,36,11,4,Missed,1,,,0,v,MISS Morris 4' Driving Layup,Missed Shot,Driving Layup Shot,1,2,364,0012400009,2024-10-06
0012400009,506,PT02M37.00S,3,1610612747,LAL,1641720,Hood-Schifino,J. Hood-Schifino,0,0,0,,0,,,0,h,Hood-Schifino REBOUND (Off:0 Def:1),Rebound,Unknown,1,0,365,0012400009,2024-10-06
0012400009,507,PT02M24.00S,3,1610612747,LAL,1629216,Vincent,G. Vincent,-4,146,15,Missed,1,,,0,h,MISS Vincent 15' Pullup Jump Shot,Missed Shot,Pullup Jump shot,1,2,366,0012400009,2024-10-06
0012400009,508,PT02M22.00S,3,1610612756,PHX,1629626,Bol,B. Bol,0,0,0,,0,,,0,v,Bol REBOUND (Off:0 Def:2),Rebound,Unknown,1,0,367,0012400009,2024-10-06
0012400009,509,PT02M06.00S,3,1610612756,PHX,1629626,Bol,B. Bol,0,0,0,,0,,,0,v,Bol Traveling Turnover (P1.T13),Turnover,Traveling,1,0,368,0012400009,2024-10-06
0012400009,512,PT02M06.00S,3,1610612747,LAL,1629629,Reddish,C. Reddish,0,0,0,,0,,,0,h,SUB: B. James FOR Reddish,Substitution,,0,0,369,0012400009,2024-10-06
0012400009,513,PT01M53.00S,3,1610612747,LAL,1642261,Knecht,D. Knecht,-31,269,27,Missed,1,,,0,h,MISS Knecht 27' 3PT Jump Shot,Missed Shot,Jump Shot,1,3,370,0012400009,2024-10-06
0012400009,514,PT01M51.00S,3,1610612756,PHX,1629626,Bol,B. Bol,0,0,0,,0,,,0,v,Bol REBOUND (Off:0 Def:3),Rebound,Unknown,1,0,371,0012400009,2024-10-06
0012400009,515,PT01M44.00S,3,1610612756,PHX,1628420,Morris,M. Morris,-5,42,4,Made,1,89,78,167,v,Morris 4' Cutting Layup Shot (2 PTS) (Ighodaro 3 AST),Made Shot,Cutting Layup Shot,1,2,372,0012400009,2024-10-06
0012400009,517,PT01M30.00S,3,1610612747,LAL,1641720,Hood-Schifino,J. Hood-Schifino,20,110,11,Missed,1,,,0,h,MISS Hood-Schifino 11' Pullup Jump Shot,Missed Shot,Pullup Jump shot,1,2,373,0012400009,2024-10-06
0012400009,518,PT01M28.00S,3,1610612756,PHX,1628420,Morris,M. Morris,0,0,0,,0,,,0,v,Morris REBOUND (Off:0 Def:4),Rebound,Unknown,1,0,374,0012400009,2024-10-06
0012400009,519,PT01M26.00S,3,1610612756,PHX,1629006,Okogie,J. Okogie,2,33,3,Made,1,89,80,169,v,Okogie 3' Running Layup (5 PTS) (Morris 2 AST),Made Shot,Running Layup Shot,1,2,375,0012400009,2024-10-06
0012400009,521,PT01M26.00S,3,1610612747,LAL,1642355,James,B. James,0,0,0,,0,,,0,h,B. James S.FOUL (P2.T3) (K.Cutler),Foul,Shooting,1,0,376,0012400009,2024-10-06
0012400009,523,PT01M26.00S,3,1610612756,PHX,1642345,Ighodaro,O. Ighodaro,0,0,0,,0,,,0,v,SUB: Kaminsky FOR Ighodaro,Substitution,,0,0,377,0012400009,2024-10-06
0012400009,526,PT01M26.00S,3,1610612756,PHX,1629006,Okogie,J. Okogie,0,0,0,,0,,,0,v,MISS Okogie Free Throw 1 of 1,Free Throw,Free Throw 1 of 1,1,0,378,0012400009,2024-10-06
0012400009,527,PT01M23.00S,3,1610612747,LAL,1641720,Hood-Schifino,J. Hood-Schifino,0,0,0,,0,,,0,h,Hood-Schifino REBOUND (Off:0 Def:2),Rebound,Unknown,1,0,379,0012400009,2024-10-06
0012400009,528,PT01M08.00S,3,1610612747,LAL,1642261,Knecht,D. Knecht,0,0,0,,0,,,0,h,Knecht Discontinue Dribble Turnover (P1.T10),Turnover,Discontinue Dribble,1,0,380,0012400009,2024-10-06
0012400009,529,PT00M56.80S,3,1610612756,PHX,1627814,Lee,D. Lee,195,178,26,Made,1,89,83,172,v,Lee 26' 3PT Jump Shot (8 PTS) (Morris 3 AST),Made Shot,Jump Shot,1,3,381,0012400009,2024-10-06
0012400009,531,PT00M39.80S,3,1610612747,LAL,1629216,Vincent,G. Vincent,0,0,0,,0,,,0,h,Vincent Bad Pass Turnover (P1.T11),Turnover,Bad Pass,1,0,382,0012400009,2024-10-06
0012400009,531,PT00M39.80S,3,1610612756,PHX,1629006,Okogie,J. Okogie,0,0,0,,0,,,0,v,Okogie STEAL (1 STL),,,1,0,383,0012400009,2024-10-06
0012400009,533,PT00M18.70S,3,1610612756,PHX,1628420,Morris,M. Morris,-12,48,5,Made,1,89,85,174,v,Morris 5' Driving Layup (4 PTS),Made Shot,Driving Layup Shot,1,2,384,0012400009,2024-10-06
0012400009,534,PT00M00.00S,3,1610612747,LAL,1629216,Vincent,G. Vincent,-55,266,27,Made,1,92,85,177,h,Vincent 27' 3PT Pullup Jump Shot (6 PTS) (Knecht 2 AST),Made Shot,Pullup Jump shot,1,3,385,0012400009,2024-10-06
0012400009,536,PT00M00.00S,3,0,,534,,,0,0,0,,0,92,85,177,,Instant Replay3rd Period (11:19 PM EST),Instant Replay,Ruling Stands,0,0,386,0012400009,2024-10-06
0012400009,537,PT00M00.00S,3,0,,0,,,0,0,0,,0,92,85,177,,End of 3rd Period (11:20 PM EST),period,end,1,0,387,0012400009,2024-10-06
0012400009,546,PT12M00.00S,4,0,,0,,,0,0,0,,0,92,85,177,,Start of 4th Period (11:22 PM EST),period,start,0,0,388,0012400009,2024-10-06
0012400009,547,PT11M46.00S,4,1610612747,LAL,1641720,Hood-Schifino,J. Hood-Schifino,0,0,0,,0,,,0,h,Hood-Schifino Out of Bounds - Bad Pass Turnover Turnover (P1.T12),Turnover,Out of Bounds - Bad Pass Turnover,1,0,389,0012400009,2024-10-06
0012400009,548,PT11M24.00S,4,1610612756,PHX,1642346,Dunn,R. Dunn,-206,164,26,Missed,1,,,0,v,MISS Dunn 26' 3PT Jump Shot,Missed Shot,Jump Shot,1,3,390,0012400009,2024-10-06
0012400009,549,PT11M22.00S,4,1610612747,LAL,1641720,Hood-Schifino,J. Hood-Schifino,0,0,0,,0,,,0,h,Hood-Schifino REBOUND (Off:0 Def:3),Rebound,Unknown,1,0,391,0012400009,2024-10-06
0012400009,550,PT11M12.00S,4,1610612747,LAL,1629637,Hayes,J. Hayes,12,35,4,Missed,1,,,0,h,MISS Hayes 4' Turnaround Hook Shot,Missed Shot,Turnaround Hook Shot,1,2,392,0012400009,2024-10-06
0012400009,551,PT11M09.00S,4,1610612756,PHX,1629626,Bol,B. Bol,0,0,0,,0,,,0,v,Bol REBOUND (Off:0 Def:4),Rebound,Unknown,1,0,393,0012400009,2024-10-06
0012400009,552,PT10M53.00S,4,1610612756,PHX,1626163,Kaminsky,F. Kaminsky,11,34,4,Made,1,92,87,179,v,Kaminsky 4' Layup (2 PTS) (Bol 1 AST),Made Shot,Layup Shot,1,2,394,0012400009,2024-10-06
0012400009,554,PT10M37.00S,4,1610612747,LAL,1631108,Christie,M. Christie,-151,208,26,Missed,1,,,0,h,MISS Christie 26' 3PT Jump Shot,Missed Shot,Jump Shot,1,3,395,0012400009,2024-10-06
0012400009,555,PT10M35.00S,4,1610612756,PHX,1629626,Bol,B. Bol,0,0,0,,0,,,0,v,Bol REBOUND (Off:0 Def:5),Rebound,Unknown,1,0,396,0012400009,2024-10-06
0012400009,556,PT10M25.00S,4,1610612756,PHX,1641779,Bridges,J. Bridges,218,107,24,Missed,1,,,0,v,MISS Bridges 24' 3PT Jump Shot,Missed Shot,Jump Shot,1,3,397,0012400009,2024-10-06
0012400009,557,PT10M22.00S,4,1610612747,LAL,1629637,Hayes,J. Hayes,0,0,0,,0,,,0,h,Hayes REBOUND (Off:1 Def:5),Rebound,Unknown,1,0,398,0012400009,2024-10-06
0012400009,558,PT10M17.00S,4,1610612747,LAL,1642261,Knecht,D. Knecht,-6,11,1,Made,1,94,87,181,h,Knecht 1' Driving Layup (4 PTS) (Hood-Schifino 2 AST),Made Shot,Driving Layup Shot,1,2,399,0012400009,2024-10-06
0012400009,561,PT10M00.00S,4,1610612747,LAL,1642261,Knecht,D. Knecht,0,0,0,,0,,,0,h,SUB: Reddish FOR Knecht,Substitution,,0,0,400,0012400009,2024-10-06
0012400009,562,PT10M00.00S,4,1610612756,PHX,1628420,Morris,M. Morris,0,0,0,,0,,,0,v,SUB: Gillespie FOR Morris,Substitution,,0,0,401,0012400009,2024-10-06
0012400009,565,PT09M49.00S,4,1610612756,PHX,1626163,Kaminsky,F. Kaminsky,-37,57,7,Missed,1,,,0,v,MISS Kaminsky 7' Floating Jump Shot,Missed Shot,Floating Jump shot,1,2,402,0012400009,2024-10-06
0012400009,566,PT09M47.00S,4,1610612747,LAL,1631108,Christie,M. Christie,0,0,0,,0,,,0,h,Christie REBOUND (Off:0 Def:2),Rebound,Unknown,1,0,403,0012400009,2024-10-06
0012400009,567,PT09M41.00S,4,1610612747,LAL,1631108,Christie,M. Christie,-5,31,3,Missed,1,,,0,h,MISS Christie 3' Driving Layup,Missed Shot,Driving Layup Shot,1,2,404,0012400009,2024-10-06
0012400009,568,PT09M38.00S,4,1610612756,PHX,1631221,Gillespie,C. Gillespie,0,0,0,,0,,,0,v,Gillespie REBOUND (Off:0 Def:1),Rebound,Unknown,1,0,405,0012400009,2024-10-06
0012400009,569,PT09M28.00S,4,1610612756,PHX,1642346,Dunn,R. Dunn,-82,84,12,Missed,1,,,0,v,MISS Dunn 12' Fadeaway Jumper,Missed Shot,Fadeaway Jump Shot,1,2,406,0012400009,2024-10-06
0012400009,569,PT09M28.00S,4,1610612747,LAL,1629629,Reddish,C. Reddish,0,0,0,,0,,,0,h,Reddish BLOCK (1 BLK),,,1,2,407,0012400009,2024-10-06
0012400009,571,PT09M28.00S,4,0,,1610612756,,,0,0,0,,0,,,0,v,Suns Rebound,Rebound,Unknown,1,0,408,0012400009,2024-10-06
0012400009,573,PT09M22.00S,4,1610612756,PHX,1641779,Bridges,J. Bridges,145,228,27,Missed,1,,,0,v,MISS Bridges 27' 3PT Jump Shot,Missed Shot,Jump Shot,1,3,409,0012400009,2024-10-06
0012400009,574,PT09M16.00S,4,1610612756,PHX,1629626,Bol,B. Bol,0,0,0,,0,,,0,v,Bol REBOUND (Off:1 Def:5),Rebound,Unknown,1,0,410,0012400009,2024-10-06
0012400009,575,PT09M13.00S,4,1610612756,PHX,1631221,Gillespie,C. Gillespie,-181,193,26,Made,1,94,90,184,v,Gillespie 26' 3PT Jump Shot (5 PTS) (Kaminsky 1 AST),Made Shot,Jump Shot,1,3,411,0012400009,2024-10-06
0012400009,577,PT09M07.00S,4,1610612747,LAL,1641720,Hood-Schifino,J. Hood-Schifino,0,0,0,,0,,,0,h,Hood-Schifino OFF.Foul (P1) (K.Cutler),Foul,Offensive,1,0,412,0012400009,2024-10-06
0012400009,579,PT09M07.00S,4,1610612747,LAL,1641720,Hood-Schifino,J. Hood-Schifino,0,0,0,,0,,,0,h,Hood-Schifino Offensive Foul Turnover (P2.T13),Turnover,Offensive Foul Turnover,1,0,413,0012400009,2024-10-06
0012400009,580,PT08M52.00S,4,1610612756,PHX,1641779,Bridges,J. Bridges,0,0,0,,0,,,0,v,Bridges Out of Bounds Lost Ball Turnover (P1.T14),Turnover,Out of Bounds Lost Ball Turnover,1,0,414,0012400009,2024-10-06
0012400009,581,PT08M38.00S,4,1610612756,PHX,1641779,Bridges,J. Bridges,0,0,0,,0,,,0,v,Bridges S.FOUL (P1.T1) (K.Lane),Foul,Shooting,1,0,415,0012400009,2024-10-06
0012400009,583,PT08M38.00S,4,1610612747,LAL,1631108,Christie,M. Christie,0,0,0,,0,95,90,185,h,Christie Free Throw 1 of 2 (3 PTS),Free Throw,Free Throw 1 of 2,1,0,416,0012400009,2024-10-06
0012400009,584,PT08M38.00S,4,1610612747,LAL,1642355,James,B. James,0,0,0,,0,,,0,h,SUB: Knecht FOR B. James,Substitution,,0,0,417,0012400009,2024-10-06
0012400009,585,PT08M38.00S,4,1610612756,PHX,1629626,Bol,B. Bol,0,0,0,,0,,,0,v,SUB: Ighodaro FOR Bol,Substitution,,0,0,418,0012400009,2024-10-06
0012400009,588,PT08M38.00S,4,1610612747,LAL,1631108,Christie,M. Christie,0,0,0,,0,96,90,186,h,Christie Free Throw 2 of 2 (4 PTS),Free Throw,Free Throw 2 of 2,1,0,419,0012400009,2024-10-06
0012400009,589,PT08M36.00S,4,1610612756,PHX,1642345,Ighodaro,O. Ighodaro,0,0,0,,0,,,0,v,Ighodaro Bad Pass Turnover (P2.T15),Turnover,Bad Pass,1,0,420,0012400009,2024-10-06
0012400009,589,PT08M36.00S,4,1610612747,LAL,1629629,Reddish,C. Reddish,0,0,0,,0,,,0,h,Reddish STEAL (1 STL),,,1,0,421,0012400009,2024-10-06
0012400009,591,PT08M29.00S,4,1610612747,LAL,1631108,Christie,M. Christie,0,0,0,,0,,,0,h,Christie Lost Ball Turnover (P2.T14),Turnover,Lost Ball,1,0,422,0012400009,2024-10-06
0012400009,591,PT08M29.00S,4,1610612756,PHX,1642345,Ighodaro,O. Ighodaro,0,0,0,,0,,,0,v,Ighodaro STEAL (1 STL),,,1,0,423,0012400009,2024-10-06
0012400009,593,PT08M23.00S,4,1610612756,PHX,1631221,Gillespie,C. Gillespie,2,49,5,Made,1,96,92,188,v,Gillespie 5' Running Jump Shot (7 PTS),Made Shot,Running Jump Shot,1,2,424,0012400009,2024-10-06
0012400009,594,PT07M59.00S,4,1610612747,LAL,1631108,Christie,M. Christie,-228,-1,0,Missed,1,,,0,h,MISS Christie 3PT Step Back Jump Shot,Missed Shot,Step Back Jump shot,1,3,425,0012400009,2024-10-06
0012400009,595,PT07M56.00S,4,1610612756,PHX,1642346,Dunn,R. Dunn,0,0,0,,0,,,0,v,Dunn REBOUND (Off:1 Def:2),Rebound,Unknown,1,0,426,0012400009,2024-10-06
0012400009,596,PT07M49.00S,4,1610612756,PHX,1641779,Bridges,J. Bridges,-237,37,24,Missed,1,,,0,v,MISS Bridges 24' 3PT Jump Shot,Missed Shot,Jump Shot,1,3,427,0012400009,2024-10-06
0012400009,597,PT07M46.00S,4,1610612747,LAL,1629629,Reddish,C. Reddish,0,0,0,,0,,,0,h,Reddish REBOUND (Off:0 Def:1),Rebound,Unknown,1,0,428,0012400009,2024-10-06
0012400009,598,PT07M42.00S,4,1610612747,LAL,1631108,Christie,M. Christie,29,36,5,Missed,1,,,0,h,MISS Christie 5' Running Layup,Missed Shot,Running Layup Shot,1,2,429,0012400009,2024-10-06
0012400009,598,PT07M42.00S,4,1610612756,PHX,1641779,Bridges,J. Bridges,0,0,0,,0,,,0,v,Bridges BLOCK (1 BLK),,,1,2,430,0012400009,2024-10-06
0012400009,600,PT07M38.00S,4,1610612756,PHX,1626163,Kaminsky,F. Kaminsky,0,0,0,,0,,,0,v,Kaminsky REBOUND (Off:0 Def:1),Rebound,Unknown,1,0,431,0012400009,2024-10-06
0012400009,601,PT07M24.00S,4,1610612756,PHX,1641779,Bridges,J. Bridges,28,148,15,Missed,1,,,0,v,MISS Bridges 15' Pullup Jump Shot,Missed Shot,Pullup Jump shot,1,2,432,0012400009,2024-10-06
0012400009,602,PT07M21.00S,4,1610612747,LAL,1629637,Hayes,J. Hayes,0,0,0,,0,,,0,h,Hayes REBOUND (Off:1 Def:6),Rebound,Unknown,1,0,433,0012400009,2024-10-06
0012400009,603,PT07M08.00S,4,1610612747,LAL,1641720,Hood-Schifino,J. Hood-Schifino,11,272,27,Missed,1,,,0,h,MISS Hood-Schifino 27' 3PT Pullup Jump Shot,Missed Shot,Pullup Jump shot,1,3,434,0012400009,2024-10-06
0012400009,604,PT07M06.00S,4,1610612756,PHX,1626163,Kaminsky,F. Kaminsky,0,0,0,,0,,,0,v,Kaminsky REBOUND (Off:0 Def:2),Rebound,Unknown,1,0,435,0012400009,2024-10-06
0012400009,605,PT06M57.00S,4,1610612756,PHX,1626163,Kaminsky,F. Kaminsky,-17,265,27,Made,1,96,95,191,v,Kaminsky 27' 3PT Jump Shot (5 PTS) (Gillespie 1 AST),Made Shot,Jump Shot,1,3,436,0012400009,2024-10-06
0012400009,607,PT06M57.00S,4,0,,1610612747,,,0,0,0,,0,,,0,h,LAKERS Timeout: Regular (Full 4 Short 0),Timeout,Regular,0,0,437,0012400009,2024-10-06
0012400009,608,PT06M57.00S,4,1610612756,PHX,1642346,Dunn,R. Dunn,0,0,0,,0,,,0,v,SUB: Okogie FOR Dunn,Substitution,,0,0,438,0012400009,2024-10-06
0012400009,610,PT06M42.00S,4,1610612747,LAL,1629629,Reddish,C. Reddish,-20,11,2,Missed,1,,,0,h,MISS Reddish 2' Driving Layup,Missed Shot,Driving Layup Shot,1,2,439,0012400009,2024-10-06
0012400009,611,PT06M41.00S,4,1610612747,LAL,1629637,Hayes,J. Hayes,0,0,0,,0,,,0,h,Hayes REBOUND (Off:2 Def:6),Rebound,Unknown,1,0,440,0012400009,2024-10-06
0012400009,612,PT06M38.00S,4,1610612747,LAL,1631108,Christie,M. Christie,169,230,29,Missed,1,,,0,h,MISS Christie 29' 3PT Jump Shot,Missed Shot,Jump Shot,1,3,441,0012400009,2024-10-06
0012400009,613,PT06M35.00S,4,1610612756,PHX,1629006,Okogie,J. Okogie,0,0,0,,0,,,0,v,Okogie REBOUND (Off:0 Def:3),Rebound,Unknown,1,0,442,0012400009,2024-10-06
0012400009,614,PT06M30.00S,4,1610612756,PHX,1642345,Ighodaro,O. Ighodaro,0,0,0,,0,,,0,v,Ighodaro Out of Bounds - Bad Pass Turnover Turnover (P3.T16),Turnover,Out of Bounds - Bad Pass Turnover,1,0,443,0012400009,2024-10-06
0012400009,615,PT06M17.00S,4,1610612747,LAL,1631108,Christie,M. Christie,0,0,0,,0,,,0,h,Christie Bad Pass Turnover (P3.T15),Turnover,Bad Pass,1,0,444,0012400009,2024-10-06
0012400009,615,PT06M17.00S,4,1610612756,PHX,1629006,Okogie,J. Okogie,0,0,0,,0,,,0,v,Okogie STEAL (2 STL),,,1,0,445,0012400009,2024-10-06
0012400009,617,PT06M12.00S,4,1610612756,PHX,1629006,Okogie,J. Okogie,11,10,1,Made,1,96,97,193,v,Okogie 1' Running Dunk (7 PTS),Made Shot,Running Dunk Shot,1,2,446,0012400009,2024-10-06
0012400009,618,PT05M55.00S,4,1610612747,LAL,1641720,Hood-Schifino,J. Hood-Schifino,34,47,6,Made,1,98,97,195,h,Hood-Schifino 6' Pullup Jump Shot (4 PTS) (Hayes 2 AST),Made Shot,Pullup Jump shot,1,2,447,0012400009,2024-10-06
0012400009,620,PT05M55.00S,4,1610612756,PHX,1629006,Okogie,J. Okogie,0,0,0,,0,,,0,v,Okogie S.FOUL (P1.T2) (D.Richardson),Foul,Shooting,1,0,448,0012400009,2024-10-06
0012400009,622,PT05M55.00S,4,1610612756,PHX,1641779,Bridges,J. Bridges,0,0,0,,0,,,0,v,SUB: Lee FOR Bridges,Substitution,,0,0,449,0012400009,2024-10-06
0012400009,623,PT05M55.00S,4,1610612756,PHX,1626163,Kaminsky,F. Kaminsky,0,0,0,,0,,,0,v,SUB: Bol FOR Kaminsky,Substitution,,0,0,450,0012400009,2024-10-06
0012400009,626,PT05M55.00S,4,1610612747,LAL,1641720,Hood-Schifino,J. Hood-Schifino,0,0,0,,0,99,97,196,h,Hood-Schifino Free Throw 1 of 1 (5 PTS),Free Throw,Free Throw 1 of 1,1,0,451,0012400009,2024-10-06
0012400009,627,PT05M42.00S,4,1610612756,PHX,1627814,Lee,D. Lee,45,79,9,Made,1,99,99,198,v,Lee 9' Driving Floating Jump Shot (10 PTS) (Gillespie 2 AST),Made Shot,Driving Floating Jump Shot,1,2,452,0012400009,2024-10-06
0012400009,630,PT05M31.00S,4,0,,1610612756,,,0,0,0,,0,,,0,v,Suns Timeout: Regular (Reg.4 Short 0),Timeout,Regular,0,0,453,0012400009,2024-10-06
0012400009,631,PT05M31.00S,4,0,,629,,,0,0,0,,0,99,99,198,,Instant Replay4th Period (11:35 PM EST),Instant Replay,Coach Challenge Ruling Stands,0,0,454,0012400009,2024-10-06
0012400009,632,PT05M31.00S,4,1610612747,LAL,1629637,Hayes,J. Hayes,0,0,0,,0,,,0,h,SUB: Castleton FOR Hayes,Substitution,,0,0,455,0012400009,2024-10-06
0012400009,634,PT05M18.00S,4,1610612747,LAL,1642261,Knecht,D. Knecht,141,195,24,Missed,1,,,0,h,MISS Knecht 24' 3PT Jump Shot,Missed Shot,Jump Shot,1,3,456,0012400009,2024-10-06
0012400009,635,PT05M16.00S,4,1610612747,LAL,1630658,Castleton,C. Castleton,0,0,0,,0,,,0,h,Castleton REBOUND (Off:1 Def:0),Rebound,Unknown,1,0,457,0012400009,2024-10-06
0012400009,637,PT05M14.00S,4,1610612747,LAL,1631108,Christie,M. Christie,-115,241,27,Made,1,102,99,201,h,Christie 27' 3PT Jump Shot (7 PTS) (Hood-Schifino 3 AST),Made Shot,Jump Shot,1,3,458,0012400009,2024-10-06
0012400009,639,PT04M55.00S,4,1610612756,PHX,1629006,Okogie,J. Okogie,-6,37,4,Made,1,102,101,203,v,Okogie 4' Driving Layup (9 PTS),Made Shot,Driving Layup Shot,1,2,459,0012400009,2024-10-06
0012400009,640,PT04M55.00S,4,1610612747,LAL,1641720,Hood-Schifino,J. Hood-Schifino,0,0,0,,0,,,0,h,Hood-Schifino S.FOUL (P2.T1) (K.Cutler),Foul,Shooting,1,0,460,0012400009,2024-10-06
0012400009,642,PT04M55.00S,4,1610612756,PHX,1629006,Okogie,J. Okogie,0,0,0,,0,102,102,204,v,Okogie Free Throw 1 of 1 (10 PTS),Free Throw,Free Throw 1 of 1,1,0,461,0012400009,2024-10-06
0012400009,643,PT04M43.00S,4,1610612747,LAL,1631108,Christie,M. Christie,-164,201,26,Missed,1,,,0,h,MISS Christie 26' 3PT Jump Shot,Missed Shot,Jump Shot,1,3,462,0012400009,2024-10-06
0012400009,644,PT04M40.00S,4,1610612756,PHX,1627814,Lee,D. Lee,0,0,0,,0,,,0,v,Lee REBOUND (Off:0 Def:1),Rebound,Unknown,1,0,463,0012400009,2024-10-06
0012400009,645,PT04M21.00S,4,1610612756,PHX,1642345,Ighodaro,O. Ighodaro,-4,23,2,Made,1,102,104,206,v,Ighodaro 2' Dunk (10 PTS) (Gillespie 3 AST),Made Shot,Dunk Shot,1,2,464,0012400009,2024-10-06
0012400009,647,PT04M02.00S,4,1610612747,LAL,1631108,Christie,M. Christie,-66,247,26,Made,1,105,104,209,h,Christie 26' 3PT Jump Shot (10 PTS) (Knecht 3 AST),Made Shot,Jump Shot,1,3,465,0012400009,2024-10-06
0012400009,649,PT03M48.00S,4,1610612756,PHX,1631221,Gillespie,C. Gillespie,0,0,0,,0,,,0,v,Gillespie OFF.Foul (P1) (K.Cutler),Foul,Offensive,1,0,466,0012400009,2024-10-06
0012400009,651,PT03M48.00S,4,1610612756,PHX,1631221,Gillespie,C. Gillespie,0,0,0,,0,,,0,v,Gillespie Offensive Foul Turnover (P2.T17),Turnover,Offensive Foul Turnover,1,0,467,0012400009,2024-10-06
0012400009,652,PT03M48.00S,4,1610612747,LAL,1629629,Reddish,C. Reddish,0,0,0,,0,,,0,h,SUB: B. James FOR Reddish,Substitution,,0,0,468,0012400009,2024-10-06
0012400009,656,PT03M48.00S,4,1610612756,PHX,1629626,Bol,B. Bol,0,0,0,,0,,,0,v,SUB: Dunn FOR Bol,Substitution,,0,0,469,0012400009,2024-10-06
0012400009,657,PT03M38.00S,4,1610612756,PHX,1642346,Dunn,R. Dunn,0,0,0,,0,,,0,v,Dunn P.FOUL (P2.T3) (K.Lane),Foul,Personal,1,0,470,0012400009,2024-10-06
0012400009,659,PT03M31.00S,4,1610612747,LAL,1641720,Hood-Schifino,J. Hood-Schifino,69,90,11,Made,1,107,104,211,h,Hood-Schifino 11' Pullup Jump Shot (7 PTS) (Castleton 1 AST),Made Shot,Pullup Jump shot,1,2,471,0012400009,2024-10-06
0012400009,661,PT03M17.00S,4,1610612756,PHX,1642345,Ighodaro,O. Ighodaro,32,107,11,Missed,1,,,0,v,MISS Ighodaro 11' Floating Jump Shot,Missed Shot,Floating Jump shot,1,2,472,0012400009,2024-10-06
0012400009,662,PT03M15.00S,4,1610612756,PHX,1631221,Gillespie,C. Gillespie,0,0,0,,0,,,0,v,Gillespie REBOUND (Off:1 Def:1),Rebound,Unknown,1,0,473,0012400009,2024-10-06
0012400009,663,PT03M03.00S,4,1610612756,PHX,1629006,Okogie,J. Okogie,147,6,15,Missed,1,,,0,v,MISS Okogie 15' Jump Shot,Missed Shot,Jump Shot,1,2,474,0012400009,2024-10-06
0012400009,664,PT03M01.00S,4,1610612747,LAL,1642355,James,B. James,0,0,0,,0,,,0,h,B. James REBOUND (Off:0 Def:2),Rebound,Unknown,1,0,475,0012400009,2024-10-06
0012400009,665,PT03M01.00S,4,0,,1610612747,,,0,0,0,,0,,,0,h,LAKERS Timeout: Regular (Full 5 Short 0),Timeout,Regular,0,0,476,0012400009,2024-10-06
0012400009,666,PT02M57.00S,4,1610612747,LAL,1642355,James,B. James,0,0,0,,0,,,0,h,B. James Bad Pass Turnover (P4.T16),Turnover,Bad Pass,1,0,477,0012400009,2024-10-06
0012400009,666,PT02M57.00S,4,1610612756,PHX,1629006,Okogie,J. Okogie,0,0,0,,0,,,0,v,Okogie STEAL (3 STL),,,1,0,478,0012400009,2024-10-06
0012400009,668,PT02M52.00S,4,1610612756,PHX,1642345,Ighodaro,O. Ighodaro,-7,20,2,Made,1,107,106,213,v,Ighodaro 2' Alley Oop Dunk (12 PTS) (Lee 1 AST),Made Shot,Alley Oop Dunk Shot,1,2,479,0012400009,2024-10-06
0012400009,670,PT02M38.00S,4,1610612747,LAL,1642261,Knecht,D. Knecht,227,136,26,Missed,1,,,0,h,MISS Knecht 26' 3PT Jump Shot,Missed Shot,Jump Shot,1,3,480,0012400009,2024-10-06
0012400009,671,PT02M35.00S,4,1610612756,PHX,1629006,Okogie,J. Okogie,0,0,0,,0,,,0,v,Okogie REBOUND (Off:0 Def:4),Rebound,Unknown,1,0,481,0012400009,2024-10-06
0012400009,672,PT02M29.00S,4,1610612756,PHX,1629006,Okogie,J. Okogie,118,236,26,Made,1,107,109,216,v,Okogie 26' 3PT Jump Shot (13 PTS) (Gillespie 4 AST),Made Shot,Jump Shot,1,3,482,0012400009,2024-10-06
0012400009,674,PT02M14.00S,4,1610612747,LAL,1631108,Christie,M. Christie,59,73,9,Missed,1,,,0,h,MISS Christie 9' Turnaround Fadeaway Shot,Missed Shot,Turnaround Fadeaway shot,1,2,483,0012400009,2024-10-06
0012400009,675,PT02M11.00S,4,1610612756,PHX,1629006,Okogie,J. Okogie,0,0,0,,0,,,0,v,Okogie REBOUND (Off:0 Def:5),Rebound,Unknown,1,0,484,0012400009,2024-10-06
0012400009,676,PT02M10.00S,4,1610612756,PHX,1629006,Okogie,J. Okogie,0,0,0,,0,,,0,v,Okogie Lost Ball Turnover (P1.T18),Turnover,Lost Ball,1,0,485,0012400009,2024-10-06
0012400009,676,PT02M10.00S,4,1610612747,LAL,1642261,Knecht,D. Knecht,0,0,0,,0,,,0,h,Knecht STEAL (1 STL),,,1,0,486,0012400009,2024-10-06
0012400009,678,PT02M02.00S,4,1610612747,LAL,1631108,Christie,M. Christie,-211,138,25,Missed,1,,,0,h,MISS Christie 25' 3PT Jump Shot,Missed Shot,Jump Shot,1,3,487,0012400009,2024-10-06
0012400009,679,PT01M59.00S,4,1610612756,PHX,1631221,Gillespie,C. Gillespie,0,0,0,,0,,,0,v,Gillespie REBOUND (Off:1 Def:2),Rebound,Unknown,1,0,488,0012400009,2024-10-06
0012400009,680,PT01M48.00S,4,1610612756,PHX,1631221,Gillespie,C. Gillespie,-23,31,4,Made,1,107,111,218,v,Gillespie 4' Cutting Layup Shot (9 PTS) (Ighodaro 4 AST),Made Shot,Cutting Layup Shot,1,2,489,0012400009,2024-10-06
0012400009,684,PT01M35.00S,4,1610612747,LAL,1630658,Castleton,C. Castleton,0,0,0,,0,,,0,h,Castleton OFF.Foul (P1) (K.Lane),Foul,Offensive,1,0,490,0012400009,2024-10-06
0012400009,686,PT01M35.00S,4,1610612747,LAL,1630658,Castleton,C. Castleton,0,0,0,,0,,,0,h,Castleton Offensive Foul Turnover (P1.T17),Turnover,Offensive Foul Turnover,1,0,491,0012400009,2024-10-06
0012400009,687,PT01M28.00S,4,1610612747,LAL,1642355,James,B. James,0,0,0,,0,,,0,h,B. James S.FOUL (P3.T2) (K.Cutler),Foul,Shooting,1,0,492,0012400009,2024-10-06
0012400009,689,PT01M28.00S,4,1610612756,PHX,1631221,Gillespie,C. Gillespie,0,0,0,,0,107,112,219,v,Gillespie Free Throw 1 of 3 (10 PTS),Free Throw,Free Throw 1 of 3,1,0,493,0012400009,2024-10-06
0012400009,690,PT01M28.00S,4,1610612756,PHX,1631221,Gillespie,C. Gillespie,0,0,0,,0,107,113,220,v,Gillespie Free Throw 2 of 3 (11 PTS),Free Throw,Free Throw 2 of 3,1,0,494,0012400009,2024-10-06
0012400009,691,PT01M28.00S,4,1610612756,PHX,1631221,Gillespie,C. Gillespie,0,0,0,,0,107,114,221,v,Gillespie Free Throw 3 of 3 (12 PTS),Free Throw,Free Throw 3 of 3,1,0,495,0012400009,2024-10-06
0012400009,692,PT01M19.00S,4,1610612747,LAL,1642261,Knecht,D. Knecht,-13,268,27,Made,1,110,114,224,h,Knecht 27' 3PT Pullup Jump Shot (7 PTS) (Christie 1 AST),Made Shot,Pullup Jump shot,1,3,496,0012400009,2024-10-06
0012400009,694,PT01M06.00S,4,1610612756,PHX,1629006,Okogie,J. Okogie,-11,13,2,Made,1,110,116,226,v,Okogie 2' Driving Reverse Layup (15 PTS) (Ighodaro 5 AST),Made Shot,Driving Reverse Layup Shot,1,2,497,0012400009,2024-10-06
0012400009,696,PT00M55.80S,4,1610612747,LAL,1641720,Hood-Schifino,J. Hood-Schifino,12,20,2,Made,1,112,116,228,h,Hood-Schifino 2' Cutting Layup Shot (9 PTS) (Castleton 2 AST),Made Shot,Cutting Layup Shot,1,2,498,0012400009,2024-10-06
0012400009,698,PT00M55.80S,4,1610612756,PHX,1642346,Dunn,R. Dunn,0,0,0,,0,,,0,v,Dunn Violation:Defensive Goaltending (D.Richardson),Violation,Defensive Goaltending,1,0,499,0012400009,2024-10-06
0012400009,699,PT00M35.00S,4,1610612756,PHX,1627814,Lee,D. Lee,-83,133,16,Missed,1,,,0,v,MISS Lee 16' Driving Floating Jump Shot,Missed Shot,Driving Floating Jump Shot,1,2,500,0012400009,2024-10-06
0012400009,700,PT00M32.80S,4,1610612747,LAL,1631108,Christie,M. Christie,0,0,0,,0,,,0,h,Christie REBOUND (Off:0 Def:3),Rebound,Unknown,1,0,501,0012400009,2024-10-06
0012400009,701,PT00M28.90S,4,1610612756,PHX,1642346,Dunn,R. Dunn,0,0,0,,0,,,0,v,Dunn S.FOUL (P3.T4) (K.Cutler),Foul,Shooting,1,0,502,0012400009,2024-10-06
0012400009,703,PT00M28.90S,4,1610612747,LAL,1631108,Christie,M. Christie,0,0,0,,0,113,116,229,h,Christie Free Throw 1 of 2 (11 PTS),Free Throw,Free Throw 1 of 2,1,0,503,0012400009,2024-10-06
0012400009,704,PT00M28.90S,4,1610612747,LAL,1631108,Christie,M. Christie,0,0,0,,0,114,116,230,h,Christie Free Throw 2 of 2 (12 PTS),Free Throw,Free Throw 2 of 2,1,0,504,0012400009,2024-10-06
0012400009,705,PT00M12.40S,4,1610612756,PHX,1631221,Gillespie,C. Gillespie,29,27,4,Missed,1,,,0,v,MISS Gillespie 4' Driving Layup,Missed Shot,Driving Layup Shot,1,2,505,0012400009,2024-10-06
0012400009,705,PT00M12.40S,4,1610612747,LAL,1630658,Castleton,C. Castleton,0,0,0,,0,,,0,h,Castleton BLOCK (1 BLK),,,1,2,506,0012400009,2024-10-06
0012400009,707,PT00M12.00S,4,0,,1610612747,,,0,0,0,,0,,,0,h,LAKERS Rebound,Rebound,Unknown,1,0,507,0012400009,2024-10-06
0012400009,709,PT00M12.00S,4,0,,1610612747,,,0,0,0,,0,,,0,h,LAKERS Timeout: Regular (Full 6 Short 0),Timeout,Regular,0,0,508,0012400009,2024-10-06
0012400009,710,PT00M06.90S,4,1610612747,LAL,1642261,Knecht,D. Knecht,80,252,26,Missed,1,,,0,h,MISS Knecht 26' 3PT Jump Shot,Missed Shot,Jump Shot,1,3,509,0012400009,2024-10-06
0012400009,711,PT00M03.20S,4,1610612756,PHX,1631221,Gillespie,C. Gillespie,0,0,0,,0,,,0,v,Gillespie REBOUND (Off:1 Def:3),Rebound,Unknown,1,0,510,0012400009,2024-10-06
0012400009,712,PT00M00.50S,4,1610612756,PHX,1642346,Dunn,R. Dunn,-4,32,3,Made,1,114,118,232,v,Dunn 3' Driving Dunk (9 PTS) (Gillespie 5 AST),Made Shot,Driving Dunk Shot,1,2,511,0012400009,2024-10-06
0012400009,714,PT00M00.00S,4,0,,0,,,0,0,0,,0,114,118,232,,End of 4th Period (11:54 PM EST),period,end,1,0,512,0012400009,2024-10-06
