gameId,actionNumber,clock,period,teamId,teamTricode,personId,playerName,playerNameI,xLegacy,yLegacy,shotDistance,shotResult,isFieldGoal,scoreHome,scoreAway,pointsTotal,location,description,actionType,subType,videoAvailable,shotValue,actionId,game_id
0022400029,2,PT12M00.00S,1,0,,0,,,0,0,0,,0,0,0,0,,Start of 1st Period (8:12 PM EST),period,start,0,0,1,0022400029
0022400029,4,PT12M00.00S,1,1610612749,MIL,201572,Lopez,B. Lopez,0,0,0,,0,,,0,h,Jump Ball Lopez vs. Turner: Tip to Haliburton,Jump Ball,,1,0,2,0022400029
0022400029,7,PT11M42.00S,1,1610612754,IND,1631097,Mathurin,B. Mathurin,24,13,3,Missed,1,,,0,v,MISS Mathurin 3' Driving Layup,Missed Shot,Driving Layup Shot,1,2,3,0022400029
0022400029,8,PT11M39.00S,1,1610612749,MIL,1627752,Prince,T. Prince,0,0,0,,0,,,0,h,Prince REBOUND (Off:0 Def:1),Rebound,Unknown,1,0,4,0022400029
0022400029,10,PT11M25.00S,1,1610612749,MIL,201572,Lopez,B. Lopez,-207,184,28,Missed,1,,,0,h,MISS Lopez 28' 3PT Jump Shot,Missed Shot,Jump Shot,1,3,5,0022400029
0022400029,11,PT11M21.00S,1,1610612754,IND,1631097,Mathurin,B. Mathurin,0,0,0,,0,,,0,v,Mathurin REBOUND (Off:0 Def:1),Rebound,Unknown,1,0,6,0022400029
0022400029,12,PT11M01.00S,1,1610612754,IND,1631097,Mathurin,B. Mathurin,0,0,0,,0,,,0,v,Mathurin Lost Ball Turnover (P1.T1),Turnover,Lost Ball,1,0,7,0022400029
0022400029,13,PT10M42.00S,1,1610612749,MIL,203507,Antetokounmpo,G. Antetokounmpo,5,58,6,Missed,1,,,0,h,MISS Antetokounmpo 6' Driving Layup,Missed Shot,Driving Layup Shot,1,2,8,0022400029
0022400029,13,PT10M42.00S,1,1610612754,IND,1626167,Turner,M. Turner,0,0,0,,0,,,0,v,Turner BLOCK (1 BLK),,,1,2,9,0022400029
0022400029,15,PT10M37.00S,1,1610612749,MIL,203507,Antetokounmpo,G. Antetokounmpo,0,0,0,,0,,,0,h,Antetokounmpo REBOUND (Off:1 Def:0),Rebound,Unknown,1,0,10,0022400029
0022400029,16,PT10M34.00S,1,1610612749,MIL,203081,Lillard,D. Lillard,4,215,22,Made,1,2,0,2,h,Lillard 22' Driving Floating Jump Shot (2 PTS) (Lopez 1 AST),Made Shot,Driving Floating Jump Shot,1,2,11,0022400029
0022400029,18,PT10M25.00S,1,1610612754,IND,1626167,Turner,M. Turner,0,0,0,,0,,,0,v,Turner Lost Ball Turnover (P1.T2),Turnover,Lost Ball,1,0,12,0022400029
0022400029,18,PT10M25.00S,1,1610612749,MIL,201572,Lopez,B. Lopez,0,0,0,,0,,,0,h,Lopez STEAL (1 STL),,,1,0,13,0022400029
0022400029,20,PT10M22.00S,1,1610612754,IND,1631097,Mathurin,B. Mathurin,0,0,0,,0,,,0,v,Mathurin S.FOUL (P1.T1) (J.Tiven),Foul,Shooting,1,0,14,0022400029
0022400029,22,PT10M22.00S,1,1610612749,MIL,203507,Antetokounmpo,G. Antetokounmpo,0,0,0,,0,3,0,3,h,Antetokounmpo Free Throw 1 of 2 (1 PTS),Free Throw,Free Throw 1 of 2,1,0,15,0022400029
0022400029,23,PT10M22.00S,1,1610612749,MIL,203507,Antetokounmpo,G. Antetokounmpo,0,0,0,,0,4,0,4,h,Antetokounmpo Free Throw 2 of 2 (2 PTS),Free Throw,Free Throw 2 of 2,1,0,16,0022400029
0022400029,24,PT10M10.00S,1,1610612749,MIL,1627752,Prince,T. Prince,0,0,0,,0,,,0,h,Prince P.FOUL (P1.T1) (S.Mehta),Foul,Personal,1,0,17,0022400029
0022400029,26,PT10M01.00S,1,1610612754,IND,1626167,Turner,M. Turner,96,52,11,Missed,1,,,0,v,MISS Turner 11' Driving Floating Bank Jump Shot,Missed Shot,Driving Floating Bank Jump Shot,1,2,18,0022400029
0022400029,27,PT09M58.00S,1,1610612749,MIL,203507,Antetokounmpo,G. Antetokounmpo,0,0,0,,0,,,0,h,Antetokounmpo REBOUND (Off:1 Def:1),Rebound,Unknown,1,0,19,0022400029
0022400029,28,PT09M40.00S,1,1610612749,MIL,1641748,Jackson Jr.,A. Jackson Jr.,-82,70,11,Missed,1,,,0,h,MISS Jackson Jr. 11' Turnaround Bank Hook Shot,Missed Shot,Turnaround Bank Hook Shot,1,2,20,0022400029
0022400029,29,PT09M36.00S,1,1610612754,IND,1627783,Siakam,P. Siakam,0,0,0,,0,,,0,v,Siakam REBOUND (Off:0 Def:1),Rebound,Unknown,1,0,21,0022400029
0022400029,30,PT09M33.00S,1,1610612754,IND,1631245,Jackson,Q. Jackson,130,237,27,Missed,1,,,0,v,MISS Jackson 27' 3PT Running Pull-Up Jump Shot,Missed Shot,Running Pull-Up Jump Shot,1,3,22,0022400029
0022400029,31,PT09M30.00S,1,1610612749,MIL,201572,Lopez,B. Lopez,0,0,0,,0,,,0,h,Lopez REBOUND (Off:0 Def:1),Rebound,Unknown,1,0,23,0022400029
0022400029,32,PT09M16.00S,1,1610612749,MIL,203507,Antetokounmpo,G. Antetokounmpo,0,10,1,Made,1,6,0,6,h,Antetokounmpo 1' Driving Finger Roll Layup (4 PTS) (Lillard 1 AST),Made Shot,Driving Finger Roll Layup Shot,1,2,24,0022400029
0022400029,34,PT09M01.00S,1,1610612754,IND,1631245,Jackson,Q. Jackson,5,31,3,Missed,1,,,0,v,MISS Jackson 3' Cutting Layup Shot,Missed Shot,Cutting Layup Shot,1,2,25,0022400029
0022400029,34,PT09M01.00S,1,1610612749,MIL,201572,Lopez,B. Lopez,0,0,0,,0,,,0,h,Lopez BLOCK (1 BLK),,,1,2,26,0022400029
0022400029,36,PT08M56.00S,1,1610612749,MIL,203507,Antetokounmpo,G. Antetokounmpo,0,0,0,,0,,,0,h,Antetokounmpo REBOUND (Off:1 Def:2),Rebound,Unknown,1,0,27,0022400029
0022400029,37,PT08M56.00S,1,1610612749,MIL,203507,Antetokounmpo,G. Antetokounmpo,2,8,1,Made,1,8,0,8,h,Antetokounmpo 1' Running Dunk (6 PTS),Made Shot,Running Dunk Shot,1,2,28,0022400029
0022400029,38,PT08M56.00S,1,0,,1610612754,,,0,0,0,,0,,,0,v,Pacers Timeout: Regular (Reg.1 Short 0),Timeout,Regular,0,0,29,0022400029
0022400029,40,PT08M35.00S,1,1610612754,IND,1627783,Siakam,P. Siakam,0,0,0,,0,,,0,v,Siakam Lost Ball Turnover (P1.T3),Turnover,Lost Ball,1,0,30,0022400029
0022400029,40,PT08M35.00S,1,1610612749,MIL,1641748,Jackson Jr.,A. Jackson Jr.,0,0,0,,0,,,0,h,Jackson Jr. STEAL (1 STL),,,1,0,31,0022400029
0022400029,42,PT08M25.00S,1,1610612749,MIL,201572,Lopez,B. Lopez,59,42,7,Made,1,10,0,10,h,Lopez 7' Driving Floating Bank Jump Shot (2 PTS) (Antetokounmpo 1 AST),Made Shot,Driving Floating Bank Jump Shot,1,2,32,0022400029
0022400029,44,PT07M56.00S,1,1610612754,IND,1631097,Mathurin,B. Mathurin,191,73,20,Missed,1,,,0,v,MISS Mathurin 20' Step Back Jump Shot,Missed Shot,Step Back Jump shot,1,2,33,0022400029
0022400029,45,PT07M52.00S,1,1610612749,MIL,1641748,Jackson Jr.,A. Jackson Jr.,0,0,0,,0,,,0,h,Jackson Jr. REBOUND (Off:0 Def:1),Rebound,Unknown,1,0,34,0022400029
0022400029,46,PT07M39.00S,1,1610612749,MIL,203081,Lillard,D. Lillard,0,0,0,,0,,,0,h,Lillard Bad Pass Turnover (P1.T1),Turnover,Bad Pass,1,0,35,0022400029
0022400029,46,PT07M39.00S,1,1610612754,IND,1631097,Mathurin,B. Mathurin,0,0,0,,0,,,0,v,Mathurin STEAL (1 STL),,,1,0,36,0022400029
0022400029,48,PT07M28.00S,1,1610612749,MIL,203507,Antetokounmpo,G. Antetokounmpo,0,0,0,,0,,,0,h,Antetokounmpo S.FOUL (P1.T2) (J.Tiven),Foul,Shooting,1,0,37,0022400029
0022400029,50,PT07M28.00S,1,1610612754,IND,1627783,Siakam,P. Siakam,0,0,0,,0,10,1,11,v,Siakam Free Throw 1 of 2 (1 PTS),Free Throw,Free Throw 1 of 2,1,0,38,0022400029
0022400029,51,PT07M28.00S,1,1610612754,IND,1627783,Siakam,P. Siakam,0,0,0,,0,,,0,v,MISS Siakam Free Throw 2 of 2,Free Throw,Free Throw 2 of 2,1,0,39,0022400029
0022400029,52,PT07M25.00S,1,1610612749,MIL,203507,Antetokounmpo,G. Antetokounmpo,0,0,0,,0,,,0,h,Antetokounmpo REBOUND (Off:1 Def:3),Rebound,Unknown,1,0,40,0022400029
0022400029,53,PT07M08.00S,1,1610612749,MIL,203507,Antetokounmpo,G. Antetokounmpo,-6,11,1,Missed,1,,,0,h,MISS Antetokounmpo 1' Driving Layup,Missed Shot,Driving Layup Shot,1,2,41,0022400029
0022400029,54,PT07M04.00S,1,1610612754,IND,1631245,Jackson,Q. Jackson,0,0,0,,0,,,0,v,Jackson REBOUND (Off:0 Def:1),Rebound,Unknown,1,0,42,0022400029
0022400029,55,PT06M54.00S,1,1610612754,IND,1627783,Siakam,P. Siakam,-2,55,6,Missed,1,,,0,v,MISS Siakam 6' Driving Layup,Missed Shot,Driving Layup Shot,1,2,43,0022400029
0022400029,56,PT06M51.00S,1,1610612754,IND,1631245,Jackson,Q. Jackson,0,0,0,,0,,,0,v,Jackson REBOUND (Off:1 Def:1),Rebound,Unknown,1,0,44,0022400029
0022400029,57,PT06M50.00S,1,1610612754,IND,1631245,Jackson,Q. Jackson,0,0,0,,0,,,0,v,Jackson Lost Ball Turnover (P1.T4),Turnover,Lost Ball,1,0,45,0022400029
0022400029,57,PT06M50.00S,1,1610612749,MIL,203081,Lillard,D. Lillard,0,0,0,,0,,,0,h,Lillard STEAL (1 STL),,,1,0,46,0022400029
0022400029,59,PT06M33.00S,1,1610612749,MIL,201572,Lopez,B. Lopez,2,37,4,Missed,1,,,0,h,MISS Lopez 4' Driving Layup,Missed Shot,Driving Layup Shot,1,2,47,0022400029
0022400029,60,PT06M31.00S,1,1610612749,MIL,201572,Lopez,B. Lopez,0,0,0,,0,,,0,h,Lopez REBOUND (Off:1 Def:1),Rebound,Unknown,1,0,48,0022400029
0022400029,124,PT06M31.00S,1,1610612749,MIL,201572,Lopez,B. Lopez,-4,10,1,Missed,1,,,0,h,MISS Lopez 1' Tip Layup Shot,Missed Shot,Tip Layup Shot,1,2,49,0022400029
0022400029,125,PT06M30.00S,1,1610612754,IND,1626167,Turner,M. Turner,0,0,0,,0,,,0,v,Turner REBOUND (Off:0 Def:1),Rebound,Unknown,1,0,50,0022400029
0022400029,63,PT06M15.00S,1,1610612749,MIL,201572,Lopez,B. Lopez,0,0,0,,0,,,0,h,Lopez S.FOUL (P1.T3) (J.Tiven),Foul,Shooting,1,0,51,0022400029
0022400029,65,PT06M15.00S,1,1610612754,IND,1630169,Haliburton,T. Haliburton,0,0,0,,0,10,2,12,v,Haliburton Free Throw 1 of 2 (1 PTS),Free Throw,Free Throw 1 of 2,0,0,52,0022400029
0022400029,66,PT06M15.00S,1,1610612754,IND,1630169,Haliburton,T. Haliburton,0,0,0,,0,10,3,13,v,Haliburton Free Throw 2 of 2 (2 PTS),Free Throw,Free Throw 2 of 2,1,0,53,0022400029
0022400029,67,PT05M59.00S,1,1610612749,MIL,203081,Lillard,D. Lillard,-4,4,1,Made,1,12,3,15,h,Lillard 1' Driving Finger Roll Layup (4 PTS),Made Shot,Driving Finger Roll Layup Shot,1,2,54,0022400029
0022400029,68,PT05M54.00S,1,1610612754,IND,1631245,Jackson,Q. Jackson,6,11,1,Made,1,12,5,17,v,Jackson 1' Driving Layup (2 PTS) (Haliburton 1 AST),Made Shot,Driving Layup Shot,1,2,55,0022400029
0022400029,69,PT05M54.00S,1,1610612749,MIL,201572,Lopez,B. Lopez,0,0,0,,0,,,0,h,Lopez S.FOUL (P2.T4) (J.Goble),Foul,Shooting,1,0,56,0022400029
0022400029,71,PT05M54.00S,1,1610612749,MIL,201572,Lopez,B. Lopez,0,0,0,,0,,,0,h,SUB: Portis FOR Lopez,Substitution,,0,0,57,0022400029
0022400029,72,PT05M54.00S,1,1610612754,IND,1631097,Mathurin,B. Mathurin,0,0,0,,0,,,0,v,SUB: Walker FOR Mathurin,Substitution,,0,0,58,0022400029
0022400029,73,PT05M54.00S,1,1610612754,IND,1627783,Siakam,P. Siakam,0,0,0,,0,,,0,v,SUB: Toppin FOR Siakam,Substitution,,0,0,59,0022400029
0022400029,77,PT05M54.00S,1,1610612754,IND,1631245,Jackson,Q. Jackson,0,0,0,,0,12,6,18,v,Jackson Free Throw 1 of 1 (3 PTS),Free Throw,Free Throw 1 of 1,1,0,60,0022400029
0022400029,78,PT05M43.00S,1,1610612754,IND,1631245,Jackson,Q. Jackson,0,0,0,,0,,,0,v,Jackson S.FOUL (P1.T2) (J.Tiven),Foul,Shooting,1,0,61,0022400029
0022400029,80,PT05M43.00S,1,1610612749,MIL,203081,Lillard,D. Lillard,0,0,0,,0,13,6,19,h,Lillard Free Throw 1 of 3 (5 PTS),Free Throw,Free Throw 1 of 3,1,0,62,0022400029
0022400029,81,PT05M43.00S,1,1610612749,MIL,203081,Lillard,D. Lillard,0,0,0,,0,14,6,20,h,Lillard Free Throw 2 of 3 (6 PTS),Free Throw,Free Throw 2 of 3,1,0,63,0022400029
0022400029,82,PT05M43.00S,1,1610612749,MIL,203081,Lillard,D. Lillard,0,0,0,,0,15,6,21,h,Lillard Free Throw 3 of 3 (7 PTS),Free Throw,Free Throw 3 of 3,1,0,64,0022400029
0022400029,83,PT05M31.00S,1,1610612754,IND,1630167,Toppin,O. Toppin,-1,9,1,Missed,1,,,0,v,MISS Toppin 1' Driving Layup,Missed Shot,Driving Layup Shot,1,2,65,0022400029
0022400029,84,PT05M27.00S,1,1610612754,IND,1641716,Walker,J. Walker,0,0,0,,0,,,0,v,Walker REBOUND (Off:1 Def:0),Rebound,Unknown,1,0,66,0022400029
0022400029,85,PT05M26.00S,1,1610612754,IND,1641716,Walker,J. Walker,-7,13,1,Missed,1,,,0,v,MISS Walker 1' Driving Layup,Missed Shot,Driving Layup Shot,1,2,67,0022400029
0022400029,86,PT05M22.00S,1,1610612749,MIL,1626171,Portis,B. Portis,0,0,0,,0,,,0,h,Portis REBOUND (Off:0 Def:1),Rebound,Unknown,1,0,68,0022400029
0022400029,87,PT05M21.00S,1,1610612749,MIL,203507,Antetokounmpo,G. Antetokounmpo,5,6,1,Made,1,17,6,23,h,Antetokounmpo 1' Driving Finger Roll Layup (8 PTS),Made Shot,Driving Finger Roll Layup Shot,1,2,69,0022400029
0022400029,88,PT05M21.00S,1,1610612754,IND,1626167,Turner,M. Turner,0,0,0,,0,,,0,v,Turner S.FOUL (P1.T3) (S.Mehta),Foul,Shooting,1,0,70,0022400029
0022400029,90,PT05M21.00S,1,1610612749,MIL,203507,Antetokounmpo,G. Antetokounmpo,0,0,0,,0,18,6,24,h,Antetokounmpo Free Throw 1 of 1 (9 PTS),Free Throw,Free Throw 1 of 1,1,0,71,0022400029
0022400029,91,PT05M07.00S,1,1610612754,IND,1626167,Turner,M. Turner,44,6,4,Made,1,18,8,26,v,Turner 4' Turnaround Bank Hook Shot (2 PTS) (Jackson 1 AST),Made Shot,Turnaround Bank Hook Shot,1,2,72,0022400029
0022400029,93,PT05M02.00S,1,1610612749,MIL,1641748,Jackson Jr.,A. Jackson Jr.,0,0,0,,0,,,0,h,Jackson Jr. OFF.Foul (P1) (J.Goble),Foul,Offensive,1,0,73,0022400029
0022400029,95,PT05M02.00S,1,1610612749,MIL,1641748,Jackson Jr.,A. Jackson Jr.,0,0,0,,0,,,0,h,Jackson Jr. Offensive Foul Turnover (P1.T2),Turnover,Offensive Foul Turnover,1,0,74,0022400029
0022400029,96,PT05M02.00S,1,1610612749,MIL,1627752,Prince,T. Prince,0,0,0,,0,,,0,h,SUB: Green FOR Prince,Substitution,,0,0,75,0022400029
0022400029,98,PT05M02.00S,1,1610612749,MIL,203081,Lillard,D. Lillard,0,0,0,,0,,,0,h,SUB: Wright FOR Lillard,Substitution,,0,0,76,0022400029
0022400029,100,PT04M47.00S,1,1610612754,IND,1626167,Turner,M. Turner,7,262,26,Made,1,18,11,29,v,Turner 26' 3PT Jump Shot (5 PTS) (Jackson 2 AST),Made Shot,Jump Shot,1,3,77,0022400029
0022400029,102,PT04M34.00S,1,1610612749,MIL,203507,Antetokounmpo,G. Antetokounmpo,7,7,1,Made,1,20,11,31,h,Antetokounmpo 1' Alley Oop Dunk (11 PTS) (Portis 1 AST),Made Shot,Alley Oop Dunk Shot,1,2,78,0022400029
0022400029,104,PT04M26.00S,1,1610612754,IND,1626167,Turner,M. Turner,22,251,25,Made,1,20,14,34,v,Turner 25' 3PT Jump Shot (8 PTS) (Haliburton 2 AST),Made Shot,Jump Shot,1,3,79,0022400029
0022400029,106,PT04M07.00S,1,1610612749,MIL,1626171,Portis,B. Portis,-233,-14,0,Made,1,23,14,37,h,Portis 3PT Jump Shot (3 PTS) (Antetokounmpo 2 AST),Made Shot,Jump Shot,1,3,80,0022400029
0022400029,108,PT03M48.00S,1,1610612754,IND,1630169,Haliburton,T. Haliburton,28,125,13,Made,1,23,16,39,v,Haliburton 13' Driving Floating Jump Shot (4 PTS) (Toppin 1 AST),Made Shot,Driving Floating Jump Shot,1,2,81,0022400029
0022400029,110,PT03M35.00S,1,1610612749,MIL,1626171,Portis,B. Portis,232,-9,0,Made,1,26,16,42,h,Portis 3PT Jump Shot (6 PTS) (Antetokounmpo 3 AST),Made Shot,Jump Shot,1,3,82,0022400029
0022400029,112,PT03M21.00S,1,1610612754,IND,1630169,Haliburton,T. Haliburton,195,231,30,Missed,1,,,0,v,MISS Haliburton 30' 3PT Pullup Jump Shot,Missed Shot,Pullup Jump shot,1,3,83,0022400029
0022400029,113,PT03M18.00S,1,1610612749,MIL,1631260,Green,A. Green,0,0,0,,0,,,0,h,Green REBOUND (Off:0 Def:1),Rebound,Unknown,1,0,84,0022400029
0022400029,120,PT03M15.00S,1,1610612754,IND,1631245,Jackson,Q. Jackson,0,0,0,,0,,,0,v,SUB: McConnell FOR Jackson,Substitution,,0,0,85,0022400029
0022400029,114,PT03M15.00S,1,1610612749,MIL,203507,Antetokounmpo,G. Antetokounmpo,10,43,4,Missed,1,,,0,h,MISS Antetokounmpo 4' Running Layup,Missed Shot,Running Layup Shot,1,2,86,0022400029
0022400029,114,PT03M15.00S,1,1610612754,IND,1630167,Toppin,O. Toppin,0,0,0,,0,,,0,v,Toppin BLOCK (1 BLK),,,1,2,87,0022400029
0022400029,116,PT03M15.00S,1,0,,1610612749,,,0,0,0,,0,,,0,h,BUCKS Rebound,Rebound,Unknown,1,0,88,0022400029
0022400029,117,PT03M15.00S,1,1610612749,MIL,203507,Antetokounmpo,G. Antetokounmpo,0,0,0,,0,,,0,h,Jump Ball Antetokounmpo vs. Toppin: Tip to Green,Jump Ball,,0,0,89,0022400029
0022400029,122,PT02M54.00S,1,0,,1610612749,,,0,0,0,,0,,,0,h,BUCKS Turnover: Shot Clock (T#3),Turnover,Shot Clock Turnover,0,0,90,0022400029
0022400029,123,PT02M54.00S,1,0,,1610612749,,,0,0,0,,0,,,0,h,BUCKS Timeout: Regular (Full 1 Short 0),Timeout,Regular,0,0,91,0022400029
0022400029,127,PT02M54.00S,1,1610612749,MIL,1641748,Jackson Jr.,A. Jackson Jr.,0,0,0,,0,,,0,h,SUB: Trent Jr. FOR Jackson Jr.,Substitution,,0,0,92,0022400029
0022400029,128,PT02M54.00S,1,1610612754,IND,1626167,Turner,M. Turner,0,0,0,,0,,,0,v,SUB: Siakam FOR Turner,Substitution,,0,0,93,0022400029
0022400029,131,PT02M31.00S,1,1610612754,IND,1630169,Haliburton,T. Haliburton,12,273,27,Missed,1,,,0,v,MISS Haliburton 27' 3PT Step Back Jump Shot,Missed Shot,Step Back Jump shot,0,3,94,0022400029
0022400029,132,PT02M27.00S,1,1610612749,MIL,1626153,Wright,D. Wright,0,0,0,,0,,,0,h,Wright REBOUND (Off:0 Def:1),Rebound,Unknown,1,0,95,0022400029
0022400029,133,PT02M12.00S,1,1610612749,MIL,203507,Antetokounmpo,G. Antetokounmpo,-25,178,18,Made,1,28,16,44,h,Antetokounmpo 18' Pullup Jump Shot (13 PTS),Made Shot,Pullup Jump shot,1,2,96,0022400029
0022400029,134,PT02M00.00S,1,1610612754,IND,1627783,Siakam,P. Siakam,45,261,26,Missed,1,,,0,v,MISS Siakam 26' 3PT Jump Shot,Missed Shot,Jump Shot,1,3,97,0022400029
0022400029,135,PT01M56.00S,1,1610612754,IND,1641716,Walker,J. Walker,0,0,0,,0,,,0,v,Walker REBOUND (Off:2 Def:0),Rebound,Unknown,1,0,98,0022400029
0022400029,136,PT01M53.00S,1,1610612754,IND,1627783,Siakam,P. Siakam,1,13,1,Made,1,28,18,46,v,Siakam 1' Driving Layup (3 PTS) (Walker 1 AST),Made Shot,Driving Layup Shot,1,2,99,0022400029
0022400029,138,PT01M45.00S,1,1610612749,MIL,1631260,Green,A. Green,232,-10,0,Missed,1,,,0,h,MISS Green 3PT Jump Shot,Missed Shot,Jump Shot,1,3,100,0022400029
0022400029,139,PT01M41.00S,1,1610612754,IND,1641716,Walker,J. Walker,0,0,0,,0,,,0,v,Walker REBOUND (Off:2 Def:1),Rebound,Unknown,1,0,101,0022400029
0022400029,140,PT01M31.00S,1,1610612754,IND,1630169,Haliburton,T. Haliburton,0,10,1,Made,1,28,20,48,v,Haliburton 1' Driving Layup (6 PTS) (Toppin 2 AST),Made Shot,Driving Layup Shot,1,2,102,0022400029
0022400029,142,PT01M12.00S,1,1610612749,MIL,1626153,Wright,D. Wright,-207,186,28,Missed,1,,,0,h,MISS Wright 28' 3PT Jump Shot,Missed Shot,Jump Shot,1,3,103,0022400029
0022400029,143,PT01M08.00S,1,1610612749,MIL,1626171,Portis,B. Portis,0,0,0,,0,,,0,h,Portis REBOUND (Off:1 Def:1),Rebound,Unknown,1,0,104,0022400029
0022400029,144,PT01M05.00S,1,1610612749,MIL,1626171,Portis,B. Portis,75,-9,8,Missed,1,,,0,h,MISS Portis 8' Turnaround Hook Shot,Missed Shot,Turnaround Hook Shot,1,2,105,0022400029
0022400029,145,PT01M05.00S,1,1610612754,IND,204456,McConnell,T. McConnell,0,0,0,,0,,,0,v,McConnell REBOUND (Off:0 Def:1),Rebound,Unknown,1,0,106,0022400029
0022400029,146,PT00M53.20S,1,1610612754,IND,204456,McConnell,T. McConnell,56,16,6,Missed,1,,,0,v,MISS McConnell 6' Turnaround Fadeaway Shot,Missed Shot,Turnaround Fadeaway shot,1,2,107,0022400029
0022400029,147,PT00M49.90S,1,1610612749,MIL,1631260,Green,A. Green,0,0,0,,0,,,0,h,Green REBOUND (Off:0 Def:2),Rebound,Unknown,1,0,108,0022400029
0022400029,148,PT00M45.90S,1,1610612749,MIL,1629018,Trent Jr.,G. Trent Jr.,-125,233,26,Made,1,31,20,51,h,Trent Jr. 26' 3PT Jump Shot (3 PTS) (Antetokounmpo 4 AST),Made Shot,Jump Shot,1,3,109,0022400029
0022400029,150,PT00M36.30S,1,1610612749,MIL,1626171,Portis,B. Portis,0,0,0,,0,,,0,h,Portis S.FOUL (P1.PN) (S.Mehta),Foul,Shooting,1,0,110,0022400029
0022400029,152,PT00M36.30S,1,1610612754,IND,1627783,Siakam,P. Siakam,0,0,0,,0,31,21,52,v,Siakam Free Throw 1 of 2 (4 PTS),Free Throw,Free Throw 1 of 2,1,0,111,0022400029
0022400029,153,PT00M36.30S,1,1610612749,MIL,203507,Antetokounmpo,G. Antetokounmpo,0,0,0,,0,,,0,h,SUB: Lillard FOR Antetokounmpo,Substitution,,0,0,112,0022400029
0022400029,154,PT00M36.30S,1,1610612754,IND,1630169,Haliburton,T. Haliburton,0,0,0,,0,,,0,v,SUB: Mathurin FOR Haliburton,Substitution,,0,0,113,0022400029
0022400029,157,PT00M36.30S,1,1610612754,IND,1627783,Siakam,P. Siakam,0,0,0,,0,31,22,53,v,Siakam Free Throw 2 of 2 (5 PTS),Free Throw,Free Throw 2 of 2,1,0,114,0022400029
0022400029,158,PT00M26.00S,1,1610612749,MIL,203081,Lillard,D. Lillard,-100,128,16,Missed,1,,,0,h,MISS Lillard 16' Pullup Jump Shot,Missed Shot,Pullup Jump shot,1,2,115,0022400029
0022400029,159,PT00M22.70S,1,1610612754,IND,1641716,Walker,J. Walker,0,0,0,,0,,,0,v,Walker REBOUND (Off:2 Def:2),Rebound,Unknown,1,0,116,0022400029
0022400029,160,PT00M07.40S,1,1610612754,IND,1631097,Mathurin,B. Mathurin,-70,103,12,Missed,1,,,0,v,MISS Mathurin 12' Jump Bank Shot,Missed Shot,Jump Bank Shot,1,2,117,0022400029
0022400029,161,PT00M06.40S,1,1610612754,IND,1631097,Mathurin,B. Mathurin,0,0,0,,0,,,0,v,Mathurin REBOUND (Off:1 Def:1),Rebound,Unknown,1,0,118,0022400029
0022400029,162,PT00M06.10S,1,1610612754,IND,1631097,Mathurin,B. Mathurin,0,0,0,Missed,1,,,0,v,MISS Mathurin Tip Layup Shot,Missed Shot,Tip Layup Shot,1,2,119,0022400029
0022400029,167,PT00M05.40S,1,1610612754,IND,1631097,Mathurin,B. Mathurin,0,0,0,,0,,,0,v,Mathurin REBOUND (Off:2 Def:1),Rebound,Unknown,1,0,120,0022400029
0022400029,163,PT00M04.30S,1,1610612754,IND,1631097,Mathurin,B. Mathurin,-2,27,3,Missed,1,,,0,v,MISS Mathurin 3' Tip Layup Shot,Missed Shot,Tip Layup Shot,1,2,121,0022400029
0022400029,164,PT00M03.30S,1,1610612749,MIL,1626171,Portis,B. Portis,0,0,0,,0,,,0,h,Portis REBOUND (Off:1 Def:2),Rebound,Unknown,1,0,122,0022400029
0022400029,165,PT00M00.10S,1,1610612749,MIL,1626171,Portis,B. Portis,-29,273,27,Made,1,34,22,56,h,Portis 27' 3PT Driving Floating Jump Shot (9 PTS),Made Shot,Driving Floating Jump Shot,1,3,123,0022400029
0022400029,166,PT00M00.00S,1,0,,165,Olajuwon,H. Olajuwon,0,0,0,,0,34,22,56,,Instant Replay1st Period (8:40 PM EST),Instant Replay,Support Ruling,0,0,124,0022400029
0022400029,168,PT00M00.00S,1,0,,0,,,0,0,0,,0,34,22,56,,End of 1st Period (8:41 PM EST),period,end,1,0,125,0022400029
0022400029,175,PT12M00.00S,2,0,,0,,,0,0,0,,0,34,22,56,,Start of 2nd Period (8:42 PM EST),period,start,0,0,126,0022400029
0022400029,176,PT11M42.00S,2,1610612749,MIL,1631260,Green,A. Green,107,235,26,Missed,1,,,0,h,MISS Green 26' 3PT Jump Shot,Missed Shot,Jump Shot,1,3,127,0022400029
0022400029,177,PT11M39.00S,2,1610612754,IND,1642277,Furphy,J. Furphy,0,0,0,,0,,,0,v,Furphy REBOUND (Off:0 Def:1),Rebound,Unknown,1,0,128,0022400029
0022400029,178,PT11M35.00S,2,1610612754,IND,204456,McConnell,T. McConnell,0,0,0,,0,,,0,v,McConnell Backcourt Turnover (P1.T5),Turnover,Backcourt Turnover,1,0,129,0022400029
0022400029,179,PT11M25.00S,2,1610612749,MIL,1626171,Portis,B. Portis,-67,151,17,Made,1,36,22,58,h,Portis 17' Turnaround Fadeaway (11 PTS),Made Shot,Turnaround Fadeaway shot,1,2,130,0022400029
0022400029,180,PT11M02.00S,2,1610612754,IND,1627783,Siakam,P. Siakam,65,130,15,Made,1,36,24,60,v,Siakam 15' Jump Shot (7 PTS) (McConnell 1 AST),Made Shot,Jump Shot,1,2,131,0022400029
0022400029,182,PT10M52.00S,2,1610612749,MIL,203081,Lillard,D. Lillard,-217,153,27,Missed,1,,,0,h,MISS Lillard 27' 3PT Step Back Jump Shot,Missed Shot,Step Back Jump shot,1,3,132,0022400029
0022400029,183,PT10M48.00S,2,1610612754,IND,1631097,Mathurin,B. Mathurin,0,0,0,,0,,,0,v,Mathurin REBOUND (Off:2 Def:2),Rebound,Unknown,1,0,133,0022400029
0022400029,184,PT10M38.00S,2,1610612754,IND,1627783,Siakam,P. Siakam,158,221,27,Made,1,36,27,63,v,Siakam 27' 3PT Pullup Jump Shot (10 PTS) (Furphy 1 AST),Made Shot,Pullup Jump shot,1,3,134,0022400029
0022400029,186,PT10M20.00S,2,1610612749,MIL,1626171,Portis,B. Portis,124,236,27,Missed,1,,,0,h,MISS Portis 27' 3PT Jump Shot,Missed Shot,Jump Shot,1,3,135,0022400029
0022400029,187,PT10M16.00S,2,1610612754,IND,204456,McConnell,T. McConnell,0,0,0,,0,,,0,v,McConnell REBOUND (Off:0 Def:2),Rebound,Unknown,1,0,136,0022400029
0022400029,188,PT10M11.00S,2,1610612749,MIL,201572,Lopez,B. Lopez,0,0,0,,0,,,0,h,Lopez S.FOUL (P3.T1) (J.Tiven),Foul,Shooting,1,0,137,0022400029
0022400029,190,PT10M11.00S,2,1610612754,IND,1642402,Freeman,E. Freeman,0,0,0,,0,,,0,v,MISS Freeman Free Throw 1 of 2,Free Throw,Free Throw 1 of 2,1,0,138,0022400029
0022400029,191,PT10M11.00S,2,0,,1610612754,,,0,0,0,,0,,,0,v,Pacers Rebound,Rebound,Normal Rebound,0,0,139,0022400029
0022400029,192,PT10M11.00S,2,1610612754,IND,1642402,Freeman,E. Freeman,0,0,0,,0,,,0,v,MISS Freeman Free Throw 2 of 2,Free Throw,Free Throw 2 of 2,1,0,140,0022400029
0022400029,193,PT10M07.00S,2,1610612749,MIL,1626171,Portis,B. Portis,0,0,0,,0,,,0,h,Portis REBOUND (Off:1 Def:3),Rebound,Unknown,1,0,141,0022400029
0022400029,194,PT09M58.00S,2,1610612749,MIL,1629018,Trent Jr.,G. Trent Jr.,-230,-10,0,Made,1,39,27,66,h,Trent Jr. 3PT Jump Shot (6 PTS) (Lillard 2 AST),Made Shot,Jump Shot,1,3,142,0022400029
0022400029,196,PT09M40.00S,2,1610612754,IND,1627783,Siakam,P. Siakam,12,135,14,Made,1,39,29,68,v,Siakam 14' Turnaround Jump Shot (12 PTS) (McConnell 2 AST),Made Shot,Turnaround Jump Shot,1,2,143,0022400029
0022400029,198,PT09M20.00S,2,1610612749,MIL,203081,Lillard,D. Lillard,37,54,7,Missed,1,,,0,h,MISS Lillard 7' Driving Floating Jump Shot,Missed Shot,Driving Floating Jump Shot,1,2,144,0022400029
0022400029,198,PT09M20.00S,2,1610612754,IND,204456,McConnell,T. McConnell,0,0,0,,0,,,0,v,McConnell BLOCK (1 BLK),,,1,2,145,0022400029
0022400029,200,PT09M16.00S,2,1610612754,IND,1631097,Mathurin,B. Mathurin,0,0,0,,0,,,0,v,Mathurin REBOUND (Off:2 Def:3),Rebound,Unknown,1,0,146,0022400029
0022400029,201,PT09M15.00S,2,1610612749,MIL,1629018,Trent Jr.,G. Trent Jr.,0,0,0,,0,,,0,h,Trent Jr. S.FOUL (P1.T2) (S.Mehta),Foul,Shooting,1,0,147,0022400029
0022400029,203,PT09M15.00S,2,1610612754,IND,1631097,Mathurin,B. Mathurin,0,0,0,,0,39,30,69,v,Mathurin Free Throw 1 of 2 (1 PTS),Free Throw,Free Throw 1 of 2,1,0,148,0022400029
0022400029,204,PT09M15.00S,2,1610612754,IND,1631097,Mathurin,B. Mathurin,0,0,0,,0,39,31,70,v,Mathurin Free Throw 2 of 2 (2 PTS),Free Throw,Free Throw 2 of 2,1,0,149,0022400029
0022400029,205,PT08M53.00S,2,1610612749,MIL,1631260,Green,A. Green,-224,-6,0,Missed,1,,,0,h,MISS Green 3PT Jump Shot,Missed Shot,Jump Shot,1,3,150,0022400029
0022400029,206,PT08M49.00S,2,1610612754,IND,1642277,Furphy,J. Furphy,0,0,0,,0,,,0,v,Furphy REBOUND (Off:0 Def:2),Rebound,Unknown,1,0,151,0022400029
0022400029,207,PT08M45.00S,2,1610612754,IND,204456,McConnell,T. McConnell,-23,42,5,Made,1,39,33,72,v,McConnell 5' Fadeaway Jumper (2 PTS),Made Shot,Fadeaway Jump Shot,1,2,152,0022400029
0022400029,208,PT08M45.00S,2,0,,1610612749,,,0,0,0,,0,,,0,h,BUCKS Timeout: Regular (Full 2 Short 0),Timeout,Regular,0,0,153,0022400029
0022400029,209,PT08M27.00S,2,1610612749,MIL,201572,Lopez,B. Lopez,-158,223,27,Missed,1,,,0,h,MISS Lopez 27' 3PT Pullup Jump Shot,Missed Shot,Pullup Jump shot,1,3,154,0022400029
0022400029,210,PT08M24.00S,2,1610612754,IND,1631097,Mathurin,B. Mathurin,0,0,0,,0,,,0,v,Mathurin REBOUND (Off:2 Def:4),Rebound,Unknown,1,0,155,0022400029
0022400029,211,PT08M11.00S,2,1610612754,IND,1627783,Siakam,P. Siakam,-40,251,25,Missed,1,,,0,v,MISS Siakam 25' 3PT Jump Shot,Missed Shot,Jump Shot,1,3,156,0022400029
0022400029,212,PT08M07.00S,2,1610612749,MIL,1626171,Portis,B. Portis,0,0,0,,0,,,0,h,Portis REBOUND (Off:1 Def:4),Rebound,Unknown,1,0,157,0022400029
0022400029,213,PT07M58.00S,2,1610612749,MIL,1629018,Trent Jr.,G. Trent Jr.,4,253,25,Made,1,42,33,75,h,Trent Jr. 25' 3PT Step Back Jump Shot (9 PTS) (Lopez 2 AST),Made Shot,Step Back Jump shot,1,3,158,0022400029
0022400029,214,PT07M40.00S,2,1610612754,IND,1631097,Mathurin,B. Mathurin,102,248,27,Missed,1,,,0,v,MISS Mathurin 27' 3PT Jump Shot,Missed Shot,Jump Shot,1,3,159,0022400029
0022400029,215,PT07M38.00S,2,1610612754,IND,1642277,Furphy,J. Furphy,0,0,0,,0,,,0,v,Furphy REBOUND (Off:1 Def:2),Rebound,Unknown,1,0,160,0022400029
0022400029,216,PT07M37.00S,2,1610612754,IND,1642277,Furphy,J. Furphy,9,21,2,Missed,1,,,0,v,MISS Furphy 2' Putback Layup,Missed Shot,Putback Layup Shot,1,2,161,0022400029
0022400029,217,PT07M37.00S,2,1610612749,MIL,201572,Lopez,B. Lopez,0,0,0,,0,,,0,h,Lopez REBOUND (Off:1 Def:2),Rebound,Unknown,1,0,162,0022400029
0022400029,218,PT07M36.00S,2,1610612754,IND,1642402,Freeman,E. Freeman,0,0,0,,0,,,0,v,Freeman P.FOUL (P1.T1) (J.Tiven),Foul,Personal,1,0,163,0022400029
0022400029,220,PT07M36.00S,2,1610612754,IND,1642402,Freeman,E. Freeman,0,0,0,,0,,,0,v,SUB: Turner FOR Freeman,Substitution,,0,0,164,0022400029
0022400029,222,PT07M17.00S,2,1610612749,MIL,1626171,Portis,B. Portis,-161,7,16,Missed,1,,,0,h,MISS Portis 16' Turnaround Jump Shot,Missed Shot,Turnaround Jump Shot,1,2,165,0022400029
0022400029,223,PT07M14.00S,2,1610612754,IND,1631097,Mathurin,B. Mathurin,0,0,0,,0,,,0,v,Mathurin REBOUND (Off:2 Def:5),Rebound,Unknown,1,0,166,0022400029
0022400029,224,PT06M56.00S,2,1610612754,IND,1627783,Siakam,P. Siakam,159,74,18,Missed,1,,,0,v,MISS Siakam 18' Pullup Jump Shot,Missed Shot,Pullup Jump shot,1,2,167,0022400029
0022400029,225,PT06M53.00S,2,1610612749,MIL,203081,Lillard,D. Lillard,0,0,0,,0,,,0,h,Lillard REBOUND (Off:0 Def:1),Rebound,Unknown,1,0,168,0022400029
0022400029,226,PT06M42.00S,2,1610612749,MIL,203081,Lillard,D. Lillard,-161,-8,16,Made,1,44,33,77,h,Lillard 16' Fadeaway Jumper (9 PTS) (Lopez 3 AST),Made Shot,Fadeaway Jump Shot,1,2,169,0022400029
0022400029,228,PT06M28.00S,2,1610612754,IND,204456,McConnell,T. McConnell,40,137,14,Made,1,44,35,79,v,McConnell 14' Pullup Jump Shot (4 PTS),Made Shot,Pullup Jump shot,1,2,170,0022400029
0022400029,229,PT06M07.00S,2,1610612749,MIL,1626171,Portis,B. Portis,-69,-1,7,Missed,1,,,0,h,MISS Portis 7' Turnaround Fadeaway Shot,Missed Shot,Turnaround Fadeaway shot,1,2,171,0022400029
0022400029,230,PT06M04.00S,2,1610612754,IND,1626167,Turner,M. Turner,0,0,0,,0,,,0,v,Turner REBOUND (Off:0 Def:2),Rebound,Unknown,1,0,172,0022400029
0022400029,231,PT05M59.00S,2,1610612754,IND,1631097,Mathurin,B. Mathurin,0,0,0,,0,,,0,v,Mathurin Lost Ball Turnover (P2.T6),Turnover,Lost Ball,1,0,173,0022400029
0022400029,231,PT05M59.00S,2,1610612749,MIL,1629018,Trent Jr.,G. Trent Jr.,0,0,0,,0,,,0,h,Trent Jr. STEAL (1 STL),,,1,0,174,0022400029
0022400029,233,PT05M50.00S,2,1610612749,MIL,1631260,Green,A. Green,78,252,26,Missed,1,,,0,h,MISS Green 26' 3PT Jump Shot,Missed Shot,Jump Shot,1,3,175,0022400029
0022400029,234,PT05M47.00S,2,1610612754,IND,1627783,Siakam,P. Siakam,0,0,0,,0,,,0,v,Siakam REBOUND (Off:0 Def:2),Rebound,Unknown,1,0,176,0022400029
0022400029,235,PT05M41.00S,2,1610612754,IND,204456,McConnell,T. McConnell,83,41,9,Made,1,44,37,81,v,McConnell 9' Running Pull-Up Jump Shot (6 PTS),Made Shot,Running Pull-Up Jump Shot,1,2,177,0022400029
0022400029,236,PT05M12.00S,2,1610612749,MIL,1629018,Trent Jr.,G. Trent Jr.,77,254,27,Missed,1,,,0,h,MISS Trent Jr. 27' 3PT Step Back Jump Shot,Missed Shot,Step Back Jump shot,1,3,178,0022400029
0022400029,237,PT05M12.00S,2,0,,1610612754,,,0,0,0,,0,,,0,v,Pacers Rebound,Rebound,Unknown,1,0,179,0022400029
0022400029,239,PT05M12.00S,2,1610612749,MIL,1626171,Portis,B. Portis,0,0,0,,0,,,0,h,SUB: Prince FOR Portis,Substitution,,0,0,180,0022400029
0022400029,240,PT05M12.00S,2,1610612749,MIL,201572,Lopez,B. Lopez,0,0,0,,0,,,0,h,SUB: Antetokounmpo FOR Lopez,Substitution,,0,0,181,0022400029
0022400029,241,PT05M12.00S,2,1610612754,IND,1631097,Mathurin,B. Mathurin,0,0,0,,0,,,0,v,SUB: Haliburton FOR Mathurin,Substitution,,0,0,182,0022400029
0022400029,242,PT05M12.00S,2,1610612754,IND,204456,McConnell,T. McConnell,0,0,0,,0,,,0,v,SUB: Jackson FOR McConnell,Substitution,,0,0,183,0022400029
0022400029,243,PT05M12.00S,2,1610612754,IND,1627783,Siakam,P. Siakam,0,0,0,,0,,,0,v,SUB: Toppin FOR Siakam,Substitution,,0,0,184,0022400029
0022400029,250,PT05M03.00S,2,1610612754,IND,1626167,Turner,M. Turner,0,0,0,,0,,,0,v,Turner Out of Bounds Lost Ball Turnover (P2.T7),Turnover,Out of Bounds Lost Ball Turnover,1,0,185,0022400029
0022400029,251,PT05M03.00S,2,1610612749,MIL,203081,Lillard,D. Lillard,0,0,0,,0,,,0,h,SUB: Wright FOR Lillard,Substitution,,0,0,186,0022400029
0022400029,252,PT05M03.00S,2,1610612754,IND,1642277,Furphy,J. Furphy,0,0,0,,0,,,0,v,SUB: Walker FOR Furphy,Substitution,,0,0,187,0022400029
0022400029,255,PT04M45.00S,2,1610612749,MIL,203507,Antetokounmpo,G. Antetokounmpo,-1,13,1,Missed,1,,,0,h,MISS Antetokounmpo 1' Driving Reverse Layup,Missed Shot,Driving Reverse Layup Shot,1,2,188,0022400029
0022400029,256,PT04M42.00S,2,1610612754,IND,1626167,Turner,M. Turner,0,0,0,,0,,,0,v,Turner REBOUND (Off:0 Def:3),Rebound,Unknown,1,0,189,0022400029
0022400029,257,PT04M39.00S,2,1610612754,IND,1630167,Toppin,O. Toppin,7,9,1,Made,1,44,39,83,v,Toppin 1' Running Dunk (2 PTS) (Haliburton 3 AST),Made Shot,Running Dunk Shot,1,2,190,0022400029
0022400029,259,PT04M13.00S,2,1610612749,MIL,1629018,Trent Jr.,G. Trent Jr.,-159,233,28,Missed,1,,,0,h,MISS Trent Jr. 28' 3PT Jump Shot,Missed Shot,Jump Shot,1,3,191,0022400029
0022400029,260,PT04M09.00S,2,1610612754,IND,1641716,Walker,J. Walker,0,0,0,,0,,,0,v,Walker REBOUND (Off:2 Def:3),Rebound,Unknown,1,0,192,0022400029
0022400029,261,PT04M05.00S,2,1610612754,IND,1626167,Turner,M. Turner,0,0,0,,0,,,0,v,Turner Traveling Turnover (P3.T8),Turnover,Traveling,1,0,193,0022400029
0022400029,262,PT03M51.00S,2,1610612749,MIL,203507,Antetokounmpo,G. Antetokounmpo,10,20,2,Missed,1,,,0,h,MISS Antetokounmpo 2' Driving Hook Shot,Missed Shot,Driving Hook Shot,1,2,194,0022400029
0022400029,263,PT03M48.00S,2,1610612754,IND,1630169,Haliburton,T. Haliburton,0,0,0,,0,,,0,v,Haliburton REBOUND (Off:0 Def:1),Rebound,Unknown,1,0,195,0022400029
0022400029,264,PT03M44.00S,2,1610612754,IND,1630167,Toppin,O. Toppin,-143,209,25,Missed,1,,,0,v,MISS Toppin 25' 3PT Running Jump Shot,Missed Shot,Running Jump Shot,1,3,196,0022400029
0022400029,265,PT03M40.00S,2,1610612749,MIL,203507,Antetokounmpo,G. Antetokounmpo,0,0,0,,0,,,0,h,Antetokounmpo REBOUND (Off:1 Def:4),Rebound,Unknown,1,0,197,0022400029
0022400029,266,PT03M37.00S,2,1610612749,MIL,203507,Antetokounmpo,G. Antetokounmpo,0,0,0,,0,,,0,h,Antetokounmpo Out of Bounds Lost Ball Turnover (P1.T4),Turnover,Out of Bounds Lost Ball Turnover,1,0,198,0022400029
0022400029,267,PT03M25.00S,2,1610612754,IND,1626167,Turner,M. Turner,114,258,28,Made,1,44,42,86,v,Turner 28' 3PT Jump Shot (11 PTS) (Haliburton 4 AST),Made Shot,Jump Shot,1,3,199,0022400029
0022400029,269,PT03M07.00S,2,1610612749,MIL,1631260,Green,A. Green,-137,228,27,Missed,1,,,0,h,MISS Green 27' 3PT Pullup Jump Shot,Missed Shot,Pullup Jump shot,1,3,200,0022400029
0022400029,270,PT03M04.00S,2,1610612754,IND,1626167,Turner,M. Turner,0,0,0,,0,,,0,v,Turner REBOUND (Off:0 Def:4),Rebound,Unknown,1,0,201,0022400029
0022400029,271,PT02M54.00S,2,1610612754,IND,1630169,Haliburton,T. Haliburton,98,184,21,Missed,1,,,0,v,MISS Haliburton 21' Pullup Jump Shot,Missed Shot,Pullup Jump shot,1,2,202,0022400029
0022400029,272,PT02M50.00S,2,1610612749,MIL,1626153,Wright,D. Wright,0,0,0,,0,,,0,h,Wright REBOUND (Off:0 Def:2),Rebound,Unknown,1,0,203,0022400029
0022400029,273,PT02M48.00S,2,1610612754,IND,1630167,Toppin,O. Toppin,0,0,0,,0,,,0,v,Toppin S.FOUL (P1.T2) (S.Mehta),Foul,Shooting,1,0,204,0022400029
0022400029,275,PT02M48.00S,2,0,,1610612754,,,0,0,0,,0,,,0,v,Pacers Timeout: Regular (Reg.2 Short 0),Timeout,Regular,0,0,205,0022400029
0022400029,276,PT02M48.00S,2,1610612749,MIL,1631260,Green,A. Green,0,0,0,,0,,,0,h,SUB: Lillard FOR Green,Substitution,,0,0,206,0022400029
0022400029,277,PT02M48.00S,2,1610612749,MIL,1626153,Wright,D. Wright,0,0,0,,0,,,0,h,SUB: Portis FOR Wright,Substitution,,0,0,207,0022400029
0022400029,280,PT02M48.00S,2,1610612749,MIL,203507,Antetokounmpo,G. Antetokounmpo,0,0,0,,0,,,0,h,MISS Antetokounmpo Free Throw 1 of 2,Free Throw,Free Throw 1 of 2,1,0,208,0022400029
0022400029,281,PT02M48.00S,2,0,,1610612749,,,0,0,0,,0,,,0,h,BUCKS Rebound,Rebound,Normal Rebound,1,0,209,0022400029
0022400029,282,PT02M48.00S,2,1610612749,MIL,203507,Antetokounmpo,G. Antetokounmpo,0,0,0,,0,,,0,h,MISS Antetokounmpo Free Throw 2 of 2,Free Throw,Free Throw 2 of 2,1,0,210,0022400029
0022400029,283,PT02M44.00S,2,1610612754,IND,1630167,Toppin,O. Toppin,0,0,0,,0,,,0,v,Toppin REBOUND (Off:0 Def:1),Rebound,Unknown,1,0,211,0022400029
0022400029,284,PT02M30.00S,2,1610612754,IND,1630167,Toppin,O. Toppin,-109,232,26,Missed,1,,,0,v,MISS Toppin 26' 3PT Step Back Jump Shot,Missed Shot,Step Back Jump shot,1,3,212,0022400029
0022400029,285,PT02M27.00S,2,1610612749,MIL,1627752,Prince,T. Prince,0,0,0,,0,,,0,h,Prince REBOUND (Off:0 Def:2),Rebound,Unknown,1,0,213,0022400029
0022400029,286,PT02M16.00S,2,1610612749,MIL,1626171,Portis,B. Portis,2,13,1,Made,1,46,42,88,h,Portis 1' Cutting Layup Shot (13 PTS) (Antetokounmpo 5 AST),Made Shot,Cutting Layup Shot,1,2,214,0022400029
0022400029,288,PT01M58.00S,2,1610612754,IND,1630169,Haliburton,T. Haliburton,67,294,30,Missed,1,,,0,v,MISS Haliburton 30' 3PT Step Back Jump Shot,Missed Shot,Step Back Jump shot,1,3,215,0022400029
0022400029,289,PT01M54.00S,2,1610612749,MIL,1629018,Trent Jr.,G. Trent Jr.,0,0,0,,0,,,0,h,Trent Jr. REBOUND (Off:0 Def:1),Rebound,Unknown,1,0,216,0022400029
0022400029,290,PT01M42.00S,2,1610612749,MIL,203081,Lillard,D. Lillard,-134,134,19,Missed,1,,,0,h,MISS Lillard 19' Step Back Jump Shot,Missed Shot,Step Back Jump shot,1,2,217,0022400029
0022400029,291,PT01M40.00S,2,1610612754,IND,1641716,Walker,J. Walker,0,0,0,,0,,,0,v,Walker REBOUND (Off:2 Def:4),Rebound,Unknown,1,0,218,0022400029
0022400029,308,PT01M39.00S,2,1610612754,IND,1641716,Walker,J. Walker,0,0,0,,0,,,0,v,Walker Bad Pass Turnover (P1.T9),Turnover,Bad Pass,1,0,219,0022400029
0022400029,308,PT01M39.00S,2,1610612749,MIL,1626171,Portis,B. Portis,0,0,0,,0,,,0,h,Portis STEAL (1 STL),,,1,0,220,0022400029
0022400029,298,PT01M39.00S,2,1610612749,MIL,1626171,Portis,B. Portis,-162,125,20,Made,1,48,42,90,h,Portis 20' Jump Shot (15 PTS),Made Shot,Jump Shot,1,2,221,0022400029
0022400029,293,PT01M20.00S,2,1610612754,IND,1630167,Toppin,O. Toppin,-31,52,6,Missed,1,,,0,v,MISS Toppin 6' Layup,Missed Shot,Layup Shot,1,2,222,0022400029
0022400029,294,PT01M19.00S,2,1610612754,IND,1630167,Toppin,O. Toppin,0,0,0,,0,,,0,v,Toppin REBOUND (Off:1 Def:1),Rebound,Unknown,1,0,223,0022400029
0022400029,295,PT01M18.00S,2,1610612754,IND,1630167,Toppin,O. Toppin,0,0,0,Made,1,48,44,92,v,Toppin Tip Layup Shot (4 PTS),Made Shot,Tip Layup Shot,1,2,224,0022400029
0022400029,296,PT01M10.00S,2,1610612749,MIL,1626171,Portis,B. Portis,2,16,2,Made,1,50,44,94,h,Portis 2' Jump Shot (17 PTS) (Lillard 3 AST),Made Shot,Jump Shot,1,2,225,0022400029
0022400029,299,PT00M53.70S,2,1610612754,IND,1630169,Haliburton,T. Haliburton,55,277,28,Missed,1,,,0,v,MISS Haliburton 28' 3PT Pullup Jump Shot,Missed Shot,Pullup Jump shot,1,3,226,0022400029
0022400029,300,PT00M53.70S,2,1610612749,MIL,203081,Lillard,D. Lillard,0,0,0,,0,,,0,h,Lillard REBOUND (Off:0 Def:2),Rebound,Unknown,1,0,227,0022400029
0022400029,301,PT00M45.80S,2,1610612749,MIL,1627752,Prince,T. Prince,-229,143,27,Made,1,53,44,97,h,Prince 27' 3PT Running Jump Shot (3 PTS) (Lillard 4 AST),Made Shot,Running Jump Shot,1,3,228,0022400029
0022400029,303,PT00M45.80S,2,0,,1610612754,,,0,0,0,,0,,,0,v,Pacers Timeout: Regular (Reg.3 Short 0),Timeout,Regular,0,0,229,0022400029
0022400029,304,PT00M45.80S,2,1610612754,IND,1630167,Toppin,O. Toppin,0,0,0,,0,,,0,v,SUB: Mathurin FOR Toppin,Substitution,,0,0,230,0022400029
0022400029,305,PT00M45.80S,2,1610612754,IND,1641716,Walker,J. Walker,0,0,0,,0,,,0,v,SUB: Siakam FOR Walker,Substitution,,0,0,231,0022400029
0022400029,310,PT00M30.10S,2,1610612754,IND,1627783,Siakam,P. Siakam,0,0,0,,0,,,0,v,Siakam Lost Ball Turnover (P2.T10),Turnover,Lost Ball,1,0,232,0022400029
0022400029,310,PT00M30.10S,2,1610612749,MIL,203507,Antetokounmpo,G. Antetokounmpo,0,0,0,,0,,,0,h,Antetokounmpo STEAL (1 STL),,,1,0,233,0022400029
0022400029,312,PT00M27.00S,2,1610612754,IND,1626167,Turner,M. Turner,0,0,0,,0,,,0,v,Turner S.FOUL (P2.T3) (J.Tiven),Foul,Shooting,1,0,234,0022400029
0022400029,314,PT00M27.00S,2,1610612749,MIL,203507,Antetokounmpo,G. Antetokounmpo,0,0,0,,0,54,44,98,h,Antetokounmpo Free Throw 1 of 2 (14 PTS),Free Throw,Free Throw 1 of 2,1,0,235,0022400029
0022400029,315,PT00M27.00S,2,1610612749,MIL,203081,Lillard,D. Lillard,0,0,0,,0,,,0,h,SUB: Jackson Jr. FOR Lillard,Substitution,,0,0,236,0022400029
0022400029,317,PT00M27.00S,2,1610612749,MIL,203507,Antetokounmpo,G. Antetokounmpo,0,0,0,,0,55,44,99,h,Antetokounmpo Free Throw 2 of 2 (15 PTS),Free Throw,Free Throw 2 of 2,1,0,237,0022400029
0022400029,318,PT00M07.40S,2,1610612754,IND,1627783,Siakam,P. Siakam,156,227,28,Missed,1,,,0,v,MISS Siakam 28' 3PT Jump Shot,Missed Shot,Jump Shot,1,3,238,0022400029
0022400029,319,PT00M06.00S,2,0,,1610612749,,,0,0,0,,0,,,0,h,BUCKS Rebound,Rebound,Unknown,1,0,239,0022400029
0022400029,320,PT00M06.00S,2,1610612754,IND,1631097,Mathurin,B. Mathurin,0,0,0,,0,,,0,v,Mathurin L.B.FOUL (P2.PN) (J.Goble),Foul,Loose Ball,1,0,240,0022400029
0022400029,322,PT00M06.00S,2,1610612749,MIL,1627752,Prince,T. Prince,0,0,0,,0,,,0,h,MISS Prince Free Throw 1 of 2,Free Throw,Free Throw 1 of 2,1,0,241,0022400029
0022400029,323,PT00M06.00S,2,0,,1610612749,,,0,0,0,,0,,,0,h,BUCKS Rebound,Rebound,Normal Rebound,0,0,242,0022400029
0022400029,324,PT00M06.00S,2,1610612749,MIL,1627752,Prince,T. Prince,0,0,0,,0,,,0,h,MISS Prince Free Throw 2 of 2,Free Throw,Free Throw 2 of 2,1,0,243,0022400029
0022400029,325,PT00M02.00S,2,1610612749,MIL,1641748,Jackson Jr.,A. Jackson Jr.,0,0,0,,0,,,0,h,Jackson Jr. REBOUND (Off:1 Def:1),Rebound,Unknown,1,0,244,0022400029
0022400029,326,PT00M00.00S,2,1610612749,MIL,1629018,Trent Jr.,G. Trent Jr.,229,18,0,Made,1,58,44,102,h,Trent Jr. 3PT Jump Shot (12 PTS) (Prince 1 AST),Made Shot,Jump Shot,1,3,245,0022400029
0022400029,328,PT00M00.00S,2,0,,326,,,0,0,0,,0,58,44,102,,Instant Replay2nd Period (9:09 PM EST),Instant Replay,Support Ruling,0,0,246,0022400029
0022400029,329,PT00M00.00S,2,0,,0,,,0,0,0,,0,58,44,102,,End of 2nd Period (9:09 PM EST),period,end,1,0,247,0022400029
0022400029,334,PT12M00.00S,3,0,,0,,,0,0,0,,0,58,44,102,,Start of 3rd Period (9:24 PM EST),period,start,0,0,248,0022400029
0022400029,335,PT11M45.00S,3,1610612749,MIL,203081,Lillard,D. Lillard,0,0,0,,0,,,0,h,Lillard Bad Pass Turnover (P2.T5),Turnover,Bad Pass,1,0,249,0022400029
0022400029,335,PT11M45.00S,3,1610612754,IND,1631097,Mathurin,B. Mathurin,0,0,0,,0,,,0,v,Mathurin STEAL (2 STL),,,1,0,250,0022400029
0022400029,337,PT11M42.00S,3,1610612754,IND,1627783,Siakam,P. Siakam,6,15,2,Made,1,58,46,104,v,Siakam 2' Running Layup (14 PTS) (Mathurin 1 AST),Made Shot,Running Layup Shot,1,2,251,0022400029
0022400029,339,PT11M26.00S,3,1610612749,MIL,201572,Lopez,B. Lopez,0,0,0,,0,,,0,h,Lopez Out of Bounds - Bad Pass Turnover Turnover (P1.T6),Turnover,Out of Bounds - Bad Pass Turnover,1,0,252,0022400029
0022400029,340,PT11M05.00S,3,1610612754,IND,1626167,Turner,M. Turner,50,22,5,Missed,1,,,0,v,MISS Turner 5' Driving Layup,Missed Shot,Driving Layup Shot,1,2,253,0022400029
0022400029,341,PT11M03.00S,3,1610612754,IND,1626167,Turner,M. Turner,0,0,0,,0,,,0,v,Turner REBOUND (Off:1 Def:4),Rebound,Unknown,1,0,254,0022400029
0022400029,342,PT11M02.00S,3,1610612754,IND,1626167,Turner,M. Turner,4,12,1,Made,1,58,48,106,v,Turner 1' Putback Layup (13 PTS),Made Shot,Putback Layup Shot,1,2,255,0022400029
0022400029,343,PT10M48.00S,3,1610612749,MIL,1641748,Jackson Jr.,A. Jackson Jr.,-6,29,3,Missed,1,,,0,h,MISS Jackson Jr. 3' Cutting Dunk Shot,Missed Shot,Cutting Dunk Shot,1,2,256,0022400029
0022400029,343,PT10M48.00S,3,1610612754,IND,1626167,Turner,M. Turner,0,0,0,,0,,,0,v,Turner BLOCK (2 BLK),,,1,2,257,0022400029
0022400029,345,PT10M47.00S,3,1610612749,MIL,201572,Lopez,B. Lopez,0,0,0,,0,,,0,h,Lopez REBOUND (Off:2 Def:2),Rebound,Unknown,1,0,258,0022400029
0022400029,346,PT10M47.00S,3,1610612749,MIL,201572,Lopez,B. Lopez,-11,16,2,Made,1,60,48,108,h,Lopez 2' Putback Dunk (4 PTS),Made Shot,Putback Dunk Shot,1,2,259,0022400029
0022400029,347,PT10M43.00S,3,1610612749,MIL,203507,Antetokounmpo,G. Antetokounmpo,0,0,0,,0,,,0,h,Antetokounmpo S.FOUL (P2.T1) (J.Tiven),Foul,Shooting,1,0,260,0022400029
0022400029,349,PT10M43.00S,3,1610612754,IND,1627783,Siakam,P. Siakam,0,0,0,,0,60,49,109,v,Siakam Free Throw 1 of 2 (15 PTS),Free Throw,Free Throw 1 of 2,1,0,261,0022400029
0022400029,350,PT10M43.00S,3,1610612754,IND,1627783,Siakam,P. Siakam,0,0,0,,0,60,50,110,v,Siakam Free Throw 2 of 2 (16 PTS),Free Throw,Free Throw 2 of 2,1,0,262,0022400029
0022400029,351,PT10M21.00S,3,1610612749,MIL,203081,Lillard,D. Lillard,237,16,24,Missed,1,,,0,h,MISS Lillard 24' 3PT Jump Shot,Missed Shot,Jump Shot,1,3,263,0022400029
0022400029,352,PT10M17.00S,3,1610612754,IND,1627783,Siakam,P. Siakam,0,0,0,,0,,,0,v,Siakam REBOUND (Off:0 Def:3),Rebound,Unknown,1,0,264,0022400029
0022400029,353,PT10M12.00S,3,1610612754,IND,1630169,Haliburton,T. Haliburton,18,23,3,Missed,1,,,0,v,MISS Haliburton 3' Driving Floating Jump Shot,Missed Shot,Driving Floating Jump Shot,1,2,265,0022400029
0022400029,353,PT10M12.00S,3,1610612749,MIL,1641748,Jackson Jr.,A. Jackson Jr.,0,0,0,,0,,,0,h,Jackson Jr. BLOCK (1 BLK),,,1,2,266,0022400029
0022400029,355,PT10M06.00S,3,1610612749,MIL,203081,Lillard,D. Lillard,0,0,0,,0,,,0,h,Lillard REBOUND (Off:0 Def:3),Rebound,Unknown,1,0,267,0022400029
0022400029,356,PT10M00.00S,3,1610612749,MIL,1627752,Prince,T. Prince,-225,-5,0,Made,1,63,50,113,h,Prince 3PT Jump Shot (6 PTS) (Antetokounmpo 6 AST),Made Shot,Jump Shot,1,3,268,0022400029
0022400029,358,PT09M50.00S,3,1610612749,MIL,1641748,Jackson Jr.,A. Jackson Jr.,0,0,0,,0,,,0,h,Jackson Jr. P.FOUL (P2.T2) (J.Tiven),Foul,Personal,1,0,269,0022400029
0022400029,360,PT09M45.00S,3,1610612754,IND,1627783,Siakam,P. Siakam,0,6,1,Made,1,63,52,115,v,Siakam 1' Cutting Layup Shot (18 PTS) (Jackson 3 AST),Made Shot,Cutting Layup Shot,1,2,270,0022400029
0022400029,362,PT09M37.00S,3,1610612754,IND,1626167,Turner,M. Turner,0,0,0,,0,,,0,v,Turner S.FOUL (P3.T1) (J.Tiven),Foul,Shooting,1,0,271,0022400029
0022400029,364,PT09M37.00S,3,1610612749,MIL,203507,Antetokounmpo,G. Antetokounmpo,0,0,0,,0,64,52,116,h,Antetokounmpo Free Throw 1 of 2 (16 PTS),Free Throw,Free Throw 1 of 2,1,0,272,0022400029
0022400029,365,PT09M37.00S,3,1610612749,MIL,203507,Antetokounmpo,G. Antetokounmpo,0,0,0,,0,65,52,117,h,Antetokounmpo Free Throw 2 of 2 (17 PTS),Free Throw,Free Throw 2 of 2,1,0,273,0022400029
0022400029,366,PT09M22.00S,3,1610612754,IND,1626167,Turner,M. Turner,126,230,26,Missed,1,,,0,v,MISS Turner 26' 3PT Jump Shot,Missed Shot,Jump Shot,1,3,274,0022400029
0022400029,367,PT09M19.00S,3,1610612749,MIL,1641748,Jackson Jr.,A. Jackson Jr.,0,0,0,,0,,,0,h,Jackson Jr. REBOUND (Off:1 Def:2),Rebound,Unknown,1,0,275,0022400029
0022400029,368,PT09M10.00S,3,1610612749,MIL,203507,Antetokounmpo,G. Antetokounmpo,-6,16,2,Made,1,67,52,119,h,Antetokounmpo 2' Driving Finger Roll Layup (19 PTS),Made Shot,Driving Finger Roll Layup Shot,1,2,276,0022400029
0022400029,369,PT09M00.00S,3,1610612749,MIL,203507,Antetokounmpo,G. Antetokounmpo,0,0,0,,0,,,0,h,Antetokounmpo S.FOUL (P3.T3) (J.Tiven),Foul,Shooting,1,0,277,0022400029
0022400029,371,PT09M00.00S,3,1610612754,IND,1627783,Siakam,P. Siakam,0,0,0,,0,,,0,v,MISS Siakam Free Throw 1 of 2,Free Throw,Free Throw 1 of 2,1,0,278,0022400029
0022400029,372,PT09M00.00S,3,0,,1610612754,,,0,0,0,,0,,,0,v,Pacers Rebound,Rebound,Normal Rebound,0,0,279,0022400029
0022400029,373,PT09M00.00S,3,1610612754,IND,1627783,Siakam,P. Siakam,0,0,0,,0,67,53,120,v,Siakam Free Throw 2 of 2 (19 PTS),Free Throw,Free Throw 2 of 2,1,0,280,0022400029
0022400029,374,PT08M48.00S,3,1610612754,IND,1631245,Jackson,Q. Jackson,0,0,0,,0,,,0,v,Jackson S.FOUL (P2.T2) (S.Mehta),Foul,Shooting,1,0,281,0022400029
0022400029,376,PT08M48.00S,3,1610612749,MIL,203081,Lillard,D. Lillard,0,0,0,,0,68,53,121,h,Lillard Free Throw 1 of 2 (10 PTS),Free Throw,Free Throw 1 of 2,1,0,282,0022400029
0022400029,377,PT08M48.00S,3,1610612749,MIL,203081,Lillard,D. Lillard,0,0,0,,0,69,53,122,h,Lillard Free Throw 2 of 2 (11 PTS),Free Throw,Free Throw 2 of 2,1,0,283,0022400029
0022400029,378,PT08M36.00S,3,1610612754,IND,1631245,Jackson,Q. Jackson,4,5,1,Made,1,69,55,124,v,Jackson 1' Cutting Layup Shot (5 PTS) (Haliburton 5 AST),Made Shot,Cutting Layup Shot,1,2,284,0022400029
0022400029,380,PT08M16.00S,3,1610612749,MIL,203081,Lillard,D. Lillard,-147,211,26,Made,1,72,55,127,h,Lillard 26' 3PT Pullup Jump Shot (14 PTS) (Antetokounmpo 7 AST),Made Shot,Pullup Jump shot,1,3,285,0022400029
0022400029,382,PT07M58.00S,3,1610612754,IND,1631097,Mathurin,B. Mathurin,-4,34,3,Missed,1,,,0,v,MISS Mathurin 3' Driving Layup,Missed Shot,Driving Layup Shot,1,2,286,0022400029
0022400029,382,PT07M58.00S,3,1610612749,MIL,1627752,Prince,T. Prince,0,0,0,,0,,,0,h,Prince BLOCK (1 BLK),,,1,2,287,0022400029
0022400029,384,PT07M54.00S,3,1610612749,MIL,203507,Antetokounmpo,G. Antetokounmpo,0,0,0,,0,,,0,h,Antetokounmpo REBOUND (Off:1 Def:5),Rebound,Unknown,1,0,288,0022400029
0022400029,385,PT07M52.00S,3,1610612749,MIL,203081,Lillard,D. Lillard,-136,201,24,Made,1,75,55,130,h,Lillard 24' 3PT Running Pull-Up Jump Shot (17 PTS) (Antetokounmpo 8 AST),Made Shot,Running Pull-Up Jump Shot,1,3,289,0022400029
0022400029,387,PT07M52.00S,3,0,,1610612754,,,0,0,0,,0,,,0,v,Pacers Timeout: Regular (Reg.4 Short 0),Timeout,Regular,0,0,290,0022400029
0022400029,388,PT07M36.00S,3,1610612754,IND,1631097,Mathurin,B. Mathurin,0,10,1,Made,1,75,57,132,v,Mathurin 1' Cutting Layup Shot (4 PTS) (Turner 1 AST),Made Shot,Cutting Layup Shot,1,2,291,0022400029
0022400029,390,PT07M14.00S,3,1610612749,MIL,203081,Lillard,D. Lillard,-99,245,26,Missed,1,,,0,h,MISS Lillard 26' 3PT Jump Shot,Missed Shot,Jump Shot,1,3,292,0022400029
0022400029,391,PT07M10.00S,3,1610612754,IND,1627783,Siakam,P. Siakam,0,0,0,,0,,,0,v,Siakam REBOUND (Off:0 Def:4),Rebound,Unknown,1,0,293,0022400029
0022400029,392,PT07M02.00S,3,1610612754,IND,1631097,Mathurin,B. Mathurin,165,200,26,Missed,1,,,0,v,MISS Mathurin 26' 3PT Jump Shot,Missed Shot,Jump Shot,1,3,294,0022400029
0022400029,393,PT07M00.00S,3,1610612754,IND,1631097,Mathurin,B. Mathurin,0,0,0,,0,,,0,v,Mathurin REBOUND (Off:3 Def:5),Rebound,Unknown,1,0,295,0022400029
0022400029,394,PT06M52.00S,3,1610612754,IND,1630169,Haliburton,T. Haliburton,0,0,0,,0,,,0,v,Haliburton Bad Pass Turnover (P1.T11),Turnover,Bad Pass,1,0,296,0022400029
0022400029,394,PT06M52.00S,3,1610612749,MIL,203507,Antetokounmpo,G. Antetokounmpo,0,0,0,,0,,,0,h,Antetokounmpo STEAL (2 STL),,,1,0,297,0022400029
0022400029,396,PT06M46.00S,3,1610612749,MIL,1627752,Prince,T. Prince,-15,29,3,Made,1,77,57,134,h,Prince 3' Running Reverse Layup (8 PTS) (Antetokounmpo 9 AST),Made Shot,Running Reverse Layup Shot,1,2,298,0022400029
0022400029,398,PT06M36.00S,3,1610612749,MIL,1641748,Jackson Jr.,A. Jackson Jr.,0,0,0,,0,,,0,h,Jackson Jr. S.FOUL (P3.T4) (S.Mehta),Foul,Shooting,1,0,299,0022400029
0022400029,400,PT06M36.00S,3,1610612754,IND,1631245,Jackson,Q. Jackson,0,0,0,,0,77,58,135,v,Jackson Free Throw 1 of 2 (6 PTS),Free Throw,Free Throw 1 of 2,1,0,300,0022400029
0022400029,401,PT06M36.00S,3,1610612754,IND,1631245,Jackson,Q. Jackson,0,0,0,,0,77,59,136,v,Jackson Free Throw 2 of 2 (7 PTS),Free Throw,Free Throw 2 of 2,1,0,301,0022400029
0022400029,402,PT06M23.00S,3,1610612749,MIL,203507,Antetokounmpo,G. Antetokounmpo,-13,20,2,Missed,1,,,0,h,MISS Antetokounmpo 2' Driving Floating Jump Shot,Missed Shot,Driving Floating Jump Shot,1,2,302,0022400029
0022400029,403,PT06M20.00S,3,1610612754,IND,1627783,Siakam,P. Siakam,0,0,0,,0,,,0,v,Siakam REBOUND (Off:0 Def:5),Rebound,Unknown,1,0,303,0022400029
0022400029,404,PT06M19.00S,3,1610612754,IND,1626167,Turner,M. Turner,0,0,0,,0,,,0,v,Turner OFF.Foul (P4) (J.Goble),Foul,Offensive,1,0,304,0022400029
0022400029,406,PT06M19.00S,3,1610612754,IND,1626167,Turner,M. Turner,0,0,0,,0,,,0,v,Turner Offensive Foul Turnover (P4.T12),Turnover,Offensive Foul Turnover,1,0,305,0022400029
0022400029,407,PT06M19.00S,3,1610612754,IND,1626167,Turner,M. Turner,0,0,0,,0,,,0,v,SUB: Toppin FOR Turner,Substitution,,0,0,306,0022400029
0022400029,409,PT06M06.00S,3,1610612754,IND,1627783,Siakam,P. Siakam,0,0,0,,0,,,0,v,Siakam S.FOUL (P1.T3) (S.Mehta),Foul,Shooting,1,0,307,0022400029
0022400029,411,PT06M06.00S,3,1610612749,MIL,201572,Lopez,B. Lopez,0,0,0,,0,78,59,137,h,Lopez Free Throw 1 of 2 (5 PTS),Free Throw,Free Throw 1 of 2,1,0,308,0022400029
0022400029,412,PT06M06.00S,3,1610612749,MIL,201572,Lopez,B. Lopez,0,0,0,,0,79,59,138,h,Lopez Free Throw 2 of 2 (6 PTS),Free Throw,Free Throw 2 of 2,0,0,309,0022400029
0022400029,413,PT05M49.00S,3,1610612754,IND,1631097,Mathurin,B. Mathurin,-2,10,1,Made,1,79,61,140,v,Mathurin 1' Driving Dunk (6 PTS) (Haliburton 6 AST),Made Shot,Driving Dunk Shot,1,2,310,0022400029
0022400029,415,PT05M33.00S,3,1610612749,MIL,201572,Lopez,B. Lopez,-115,234,26,Made,1,82,61,143,h,Lopez 26' 3PT Jump Shot (9 PTS) (Lillard 5 AST),Made Shot,Jump Shot,1,3,311,0022400029
0022400029,417,PT05M26.00S,3,1610612754,IND,1631245,Jackson,Q. Jackson,0,0,0,,0,,,0,v,Jackson Bad Pass Turnover (P2.T13),Turnover,Bad Pass,1,0,312,0022400029
0022400029,417,PT05M26.00S,3,1610612749,MIL,1627752,Prince,T. Prince,0,0,0,,0,,,0,h,Prince STEAL (1 STL),,,1,0,313,0022400029
0022400029,419,PT05M19.00S,3,1610612749,MIL,203507,Antetokounmpo,G. Antetokounmpo,-12,8,1,Made,1,84,61,145,h,Antetokounmpo 1' Driving Dunk (21 PTS),Made Shot,Driving Dunk Shot,1,2,314,0022400029
0022400029,420,PT05M19.00S,3,0,,1610612754,,,0,0,0,,0,,,0,v,Pacers Timeout: Regular (Reg.5 Short 0),Timeout,Regular,0,0,315,0022400029
0022400029,421,PT05M19.00S,3,1610612754,IND,1631245,Jackson,Q. Jackson,0,0,0,,0,,,0,v,SUB: McConnell FOR Jackson,Substitution,,0,0,316,0022400029
0022400029,423,PT05M10.00S,3,0,,1610612754,,,0,0,0,,0,,,0,v,Pacers Turnover: 8 Second Violation (T#14),Turnover,8 Second Violation,1,0,317,0022400029
0022400029,424,PT05M04.00S,3,1610612749,MIL,203507,Antetokounmpo,G. Antetokounmpo,-10,13,2,Made,1,86,61,147,h,Antetokounmpo 2' Alley Oop Dunk (23 PTS) (Lillard 6 AST),Made Shot,Alley Oop Dunk Shot,1,2,318,0022400029
0022400029,426,PT04M46.00S,3,1610612754,IND,1630169,Haliburton,T. Haliburton,152,218,27,Made,1,86,64,150,v,Haliburton 27' 3PT Pullup Jump Shot (9 PTS) (Toppin 3 AST),Made Shot,Pullup Jump shot,1,3,319,0022400029
0022400029,428,PT04M31.00S,3,1610612749,MIL,203081,Lillard,D. Lillard,234,51,24,Missed,1,,,0,h,MISS Lillard 24' 3PT Jump Shot,Missed Shot,Jump Shot,1,3,320,0022400029
0022400029,429,PT04M28.00S,3,1610612749,MIL,1641748,Jackson Jr.,A. Jackson Jr.,0,0,0,,0,,,0,h,Jackson Jr. REBOUND (Off:2 Def:2),Rebound,Unknown,1,0,321,0022400029
0022400029,430,PT04M28.00S,3,1610612749,MIL,1641748,Jackson Jr.,A. Jackson Jr.,0,0,0,Missed,1,,,0,h,MISS Jackson Jr. Tip Dunk Shot,Missed Shot,Tip Dunk Shot,1,2,322,0022400029
0022400029,431,PT04M26.00S,3,1610612749,MIL,203081,Lillard,D. Lillard,0,0,0,,0,,,0,h,Lillard REBOUND (Off:1 Def:3),Rebound,Unknown,0,0,323,0022400029
0022400029,487,PT04M24.00S,3,1610612749,MIL,203081,Lillard,D. Lillard,-5,25,3,Missed,1,,,0,h,MISS Lillard 3' Turnaround Jump Shot,Missed Shot,Turnaround Jump Shot,1,2,324,0022400029
0022400029,487,PT04M24.00S,3,1610612754,IND,1631097,Mathurin,B. Mathurin,0,0,0,,0,,,0,v,Mathurin BLOCK (1 BLK),,,1,2,325,0022400029
0022400029,489,PT04M23.00S,3,1610612754,IND,1631097,Mathurin,B. Mathurin,0,0,0,,0,,,0,v,Mathurin REBOUND (Off:3 Def:6),Rebound,Unknown,1,0,326,0022400029
0022400029,496,PT04M23.00S,3,1610612754,IND,1631097,Mathurin,B. Mathurin,0,0,0,,0,,,0,v,Mathurin Bad Pass Turnover (P3.T15),Turnover,Bad Pass,1,0,327,0022400029
0022400029,496,PT04M23.00S,3,1610612749,MIL,1641748,Jackson Jr.,A. Jackson Jr.,0,0,0,,0,,,0,h,Jackson Jr. STEAL (2 STL),,,1,0,328,0022400029
0022400029,442,PT04M20.00S,3,1610612749,MIL,203507,Antetokounmpo,G. Antetokounmpo,5,6,1,Made,1,88,64,152,h,Antetokounmpo 1' Dunk (25 PTS) (Jackson Jr. 1 AST),Made Shot,Dunk Shot,1,2,329,0022400029
0022400029,516,PT04M20.00S,3,1610612754,IND,1631097,Mathurin,B. Mathurin,12,8,1,Missed,1,,,0,v,MISS Mathurin 1' Driving Layup,Missed Shot,Driving Layup Shot,1,2,330,0022400029
0022400029,517,PT04M20.00S,3,1610612749,MIL,1641748,Jackson Jr.,A. Jackson Jr.,0,0,0,,0,,,0,h,Jackson Jr. REBOUND (Off:2 Def:3),Rebound,Unknown,1,0,331,0022400029
0022400029,433,PT04M05.00S,3,1610612749,MIL,1641748,Jackson Jr.,A. Jackson Jr.,0,0,0,,0,,,0,h,Jackson Jr. Bad Pass Turnover (P2.T7),Turnover,Bad Pass,1,0,332,0022400029
0022400029,433,PT04M05.00S,3,1610612754,IND,1630167,Toppin,O. Toppin,0,0,0,,0,,,0,v,Toppin STEAL (1 STL),,,1,0,333,0022400029
0022400029,435,PT04M00.00S,3,1610612754,IND,1631097,Mathurin,B. Mathurin,5,23,2,Made,1,88,66,154,v,Mathurin 2' Running Dunk (8 PTS) (Haliburton 7 AST),Made Shot,Running Dunk Shot,1,2,334,0022400029
0022400029,437,PT03M40.00S,3,1610612749,MIL,203507,Antetokounmpo,G. Antetokounmpo,0,0,0,,0,,,0,h,Antetokounmpo Bad Pass Turnover (P2.T8),Turnover,Bad Pass,1,0,335,0022400029
0022400029,437,PT03M40.00S,3,1610612754,IND,1630167,Toppin,O. Toppin,0,0,0,,0,,,0,v,Toppin STEAL (2 STL),,,1,0,336,0022400029
0022400029,439,PT03M33.00S,3,1610612754,IND,1630169,Haliburton,T. Haliburton,-234,107,26,Missed,1,,,0,v,MISS Haliburton 26' 3PT Running Jump Shot,Missed Shot,Running Jump Shot,1,3,337,0022400029
0022400029,440,PT03M33.00S,3,1610612754,IND,1630167,Toppin,O. Toppin,0,0,0,,0,,,0,v,Toppin REBOUND (Off:2 Def:1),Rebound,Unknown,1,0,338,0022400029
0022400029,441,PT03M33.00S,3,1610612754,IND,1630167,Toppin,O. Toppin,0,0,0,Made,1,88,68,156,v,Toppin Tip Layup Shot (6 PTS),Made Shot,Tip Layup Shot,1,2,339,0022400029
0022400029,444,PT03M33.00S,3,1610612749,MIL,203081,Lillard,D. Lillard,0,0,0,,0,,,0,h,SUB: Wright FOR Lillard,Substitution,,0,0,340,0022400029
0022400029,445,PT03M33.00S,3,1610612749,MIL,201572,Lopez,B. Lopez,0,0,0,,0,,,0,h,SUB: Portis FOR Lopez,Substitution,,0,0,341,0022400029
0022400029,446,PT03M33.00S,3,1610612754,IND,1631097,Mathurin,B. Mathurin,0,0,0,,0,,,0,v,SUB: Walker FOR Mathurin,Substitution,,0,0,342,0022400029
0022400029,450,PT03M19.00S,3,1610612749,MIL,1641748,Jackson Jr.,A. Jackson Jr.,-172,167,24,Missed,1,,,0,h,MISS Jackson Jr. 24' 3PT Pullup Jump Shot,Missed Shot,Pullup Jump shot,1,3,343,0022400029
0022400029,451,PT03M16.00S,3,1610612754,IND,1630167,Toppin,O. Toppin,0,0,0,,0,,,0,v,Toppin REBOUND (Off:2 Def:2),Rebound,Unknown,1,0,344,0022400029
0022400029,452,PT03M11.00S,3,1610612754,IND,204456,McConnell,T. McConnell,-7,84,8,Missed,1,,,0,v,MISS McConnell 8' Running Pull-Up Jump Shot,Missed Shot,Running Pull-Up Jump Shot,1,2,345,0022400029
0022400029,453,PT03M09.00S,3,1610612754,IND,1627783,Siakam,P. Siakam,0,0,0,,0,,,0,v,Siakam REBOUND (Off:1 Def:5),Rebound,Unknown,1,0,346,0022400029
0022400029,454,PT02M59.00S,3,1610612754,IND,1627783,Siakam,P. Siakam,-152,102,18,Missed,1,,,0,v,MISS Siakam 18' Step Back Jump Shot,Missed Shot,Step Back Jump shot,1,2,347,0022400029
0022400029,455,PT02M59.00S,3,1610612749,MIL,1641748,Jackson Jr.,A. Jackson Jr.,0,0,0,,0,,,0,h,Jackson Jr. REBOUND (Off:2 Def:4),Rebound,Unknown,1,0,348,0022400029
0022400029,456,PT02M54.00S,3,1610612749,MIL,1626171,Portis,B. Portis,0,0,0,,0,,,0,h,Portis Traveling Turnover (P1.T9),Turnover,Traveling,0,0,349,0022400029
0022400029,457,PT02M54.00S,3,1610612749,MIL,1627752,Prince,T. Prince,0,0,0,,0,,,0,h,SUB: Green FOR Prince,Substitution,,0,0,350,0022400029
0022400029,458,PT02M54.00S,3,1610612749,MIL,1641748,Jackson Jr.,A. Jackson Jr.,0,0,0,,0,,,0,h,SUB: Trent Jr. FOR Jackson Jr.,Substitution,,0,0,351,0022400029
0022400029,461,PT02M44.00S,3,1610612754,IND,204456,McConnell,T. McConnell,-1,6,1,Made,1,88,70,158,v,McConnell 1' Driving Reverse Layup (8 PTS),Made Shot,Driving Reverse Layup Shot,1,2,352,0022400029
0022400029,462,PT02M31.00S,3,1610612749,MIL,1629018,Trent Jr.,G. Trent Jr.,161,224,28,Missed,1,,,0,h,MISS Trent Jr. 28' 3PT Jump Shot,Missed Shot,Jump Shot,1,3,353,0022400029
0022400029,463,PT02M27.00S,3,1610612754,IND,1627783,Siakam,P. Siakam,0,0,0,,0,,,0,v,Siakam REBOUND (Off:1 Def:6),Rebound,Unknown,1,0,354,0022400029
0022400029,465,PT02M08.00S,3,1610612754,IND,1641716,Walker,J. Walker,230,-1,0,Missed,1,,,0,v,MISS Walker 3PT Step Back Jump Shot,Missed Shot,Step Back Jump shot,1,3,355,0022400029
0022400029,466,PT02M04.00S,3,1610612749,MIL,203507,Antetokounmpo,G. Antetokounmpo,0,0,0,,0,,,0,h,Antetokounmpo REBOUND (Off:1 Def:6),Rebound,Unknown,1,0,356,0022400029
0022400029,467,PT01M59.00S,3,1610612749,MIL,1629018,Trent Jr.,G. Trent Jr.,-230,40,0,Missed,1,,,0,h,MISS Trent Jr. 3PT Running Jump Shot,Missed Shot,Running Jump Shot,1,3,357,0022400029
0022400029,468,PT01M55.00S,3,1610612754,IND,1627783,Siakam,P. Siakam,0,0,0,,0,,,0,v,Siakam REBOUND (Off:1 Def:7),Rebound,Unknown,1,0,358,0022400029
0022400029,469,PT01M52.00S,3,1610612754,IND,1627783,Siakam,P. Siakam,-38,137,14,Made,1,88,72,160,v,Siakam 14' Running Pull-Up Jump Shot (21 PTS),Made Shot,Running Pull-Up Jump Shot,1,2,359,0022400029
0022400029,470,PT01M27.00S,3,1610612749,MIL,1626153,Wright,D. Wright,25,82,9,Made,1,90,72,162,h,Wright 9' Driving Floating Jump Shot (2 PTS),Made Shot,Driving Floating Jump Shot,1,2,360,0022400029
0022400029,471,PT01M20.00S,3,1610612754,IND,204456,McConnell,T. McConnell,2,12,1,Made,1,90,74,164,v,McConnell 1' Driving Layup (10 PTS) (Haliburton 8 AST),Made Shot,Driving Layup Shot,1,2,361,0022400029
0022400029,473,PT01M04.00S,3,1610612749,MIL,1626171,Portis,B. Portis,0,0,0,,0,,,0,h,Portis Bad Pass Turnover (P2.T10),Turnover,Bad Pass,1,0,362,0022400029
0022400029,473,PT01M04.00S,3,1610612754,IND,204456,McConnell,T. McConnell,0,0,0,,0,,,0,v,McConnell STEAL (1 STL),,,1,0,363,0022400029
0022400029,475,PT00M57.10S,3,1610612754,IND,1630167,Toppin,O. Toppin,-61,7,6,Missed,1,,,0,v,MISS Toppin 6' Driving Layup,Missed Shot,Driving Layup Shot,1,2,364,0022400029
0022400029,476,PT00M54.10S,3,1610612749,MIL,1626171,Portis,B. Portis,0,0,0,,0,,,0,h,Portis REBOUND (Off:1 Def:5),Rebound,Unknown,1,0,365,0022400029
0022400029,477,PT00M51.30S,3,1610612749,MIL,1629018,Trent Jr.,G. Trent Jr.,0,0,0,,0,,,0,h,Trent Jr. Bad Pass Turnover (P1.T11),Turnover,Bad Pass,1,0,366,0022400029
0022400029,477,PT00M51.30S,3,1610612754,IND,204456,McConnell,T. McConnell,0,0,0,,0,,,0,v,McConnell STEAL (2 STL),,,1,0,367,0022400029
0022400029,479,PT00M46.70S,3,1610612754,IND,1627783,Siakam,P. Siakam,-9,8,1,Made,1,90,76,166,v,Siakam 1' Running Layup (23 PTS) (McConnell 3 AST),Made Shot,Running Layup Shot,1,2,368,0022400029
0022400029,481,PT00M35.70S,3,1610612754,IND,1627783,Siakam,P. Siakam,0,0,0,,0,,,0,v,Siakam P.FOUL (P2.T4) (S.Mehta),Foul,Personal,1,0,369,0022400029
0022400029,483,PT00M29.00S,3,1610612749,MIL,203507,Antetokounmpo,G. Antetokounmpo,0,0,0,,0,,,0,h,Antetokounmpo Out of Bounds Lost Ball Turnover (P3.T12),Turnover,Out of Bounds Lost Ball Turnover,1,0,370,0022400029
0022400029,484,PT00M29.00S,3,0,,1610612749,,,0,0,0,,0,,,0,h,BUCKS Violation: Delay of game Violation,Violation,Delay Of Game,0,0,371,0022400029
0022400029,485,PT00M16.10S,3,1610612754,IND,1630169,Haliburton,T. Haliburton,145,233,27,Made,1,90,79,169,v,Haliburton 27' 3PT Jump Shot (12 PTS) (McConnell 4 AST),Made Shot,Jump Shot,1,3,372,0022400029
0022400029,490,PT00M00.90S,3,1610612749,MIL,203507,Antetokounmpo,G. Antetokounmpo,42,121,13,Made,1,92,79,171,h,Antetokounmpo 13' Driving Floating Jump Shot (27 PTS) (Wright 1 AST),Made Shot,Driving Floating Jump Shot,1,2,373,0022400029
0022400029,492,PT00M00.90S,3,1610612754,IND,1641716,Walker,J. Walker,0,0,0,,0,,,0,v,Walker S.FOUL (P1.PN) (S.Mehta),Foul,Shooting,1,0,374,0022400029
0022400029,494,PT00M00.90S,3,1610612754,IND,1630169,Haliburton,T. Haliburton,0,0,0,,0,,,0,v,SUB: Freeman FOR Haliburton,Substitution,,0,0,375,0022400029
0022400029,498,PT00M00.90S,3,1610612749,MIL,203507,Antetokounmpo,G. Antetokounmpo,0,0,0,,0,93,79,172,h,Antetokounmpo Free Throw 1 of 1 (28 PTS),Free Throw,Free Throw 1 of 1,1,0,376,0022400029
0022400029,499,PT00M00.00S,3,1610612754,IND,1630167,Toppin,O. Toppin,164,621,64,Missed,1,,,0,v,MISS Toppin 64' 3PT Jump Shot,Missed Shot,Jump Shot,1,3,377,0022400029
0022400029,500,PT00M00.00S,3,0,,1610612754,,,0,0,0,,0,,,0,v,Pacers Rebound,Rebound,Unknown,0,0,378,0022400029
0022400029,501,PT00M00.00S,3,0,,0,,,0,0,0,,0,93,79,172,,End of 3rd Period (9:53 PM EST),period,end,1,0,379,0022400029
0022400029,512,PT12M00.00S,4,0,,0,,,0,0,0,,0,93,79,172,,Start of 4th Period (9:56 PM EST),period,start,0,0,380,0022400029
0022400029,513,PT11M41.00S,4,1610612754,IND,1626167,Turner,M. Turner,-1,11,1,Missed,1,,,0,v,MISS Turner 1' Cutting Layup Shot,Missed Shot,Cutting Layup Shot,1,2,381,0022400029
0022400029,515,PT11M37.00S,4,1610612749,MIL,1626171,Portis,B. Portis,0,0,0,,0,,,0,h,Portis REBOUND (Off:1 Def:6),Rebound,Unknown,1,0,382,0022400029
0022400029,518,PT11M28.00S,4,1610612749,MIL,203081,Lillard,D. Lillard,148,80,17,Made,1,95,79,174,h,Lillard 17' Step Back Jump Shot (19 PTS),Made Shot,Step Back Jump shot,1,2,383,0022400029
0022400029,519,PT11M16.00S,4,1610612754,IND,204456,McConnell,T. McConnell,0,0,0,,0,,,0,v,McConnell Lost Ball Turnover (P2.T16),Turnover,Lost Ball,1,0,384,0022400029
0022400029,519,PT11M16.00S,4,1610612749,MIL,1631260,Green,A. Green,0,0,0,,0,,,0,h,Green STEAL (1 STL),,,1,0,385,0022400029
0022400029,521,PT11M09.00S,4,1610612749,MIL,1629018,Trent Jr.,G. Trent Jr.,-230,17,0,Made,1,98,79,177,h,Trent Jr. 3PT Running Jump Shot (15 PTS) (Lillard 7 AST),Made Shot,Running Jump Shot,1,3,386,0022400029
0022400029,523,PT10M45.00S,4,1610612749,MIL,203081,Lillard,D. Lillard,0,0,0,,0,,,0,h,Jump Ball Lillard vs. Mathurin: Tip to Furphy,Jump Ball,,0,0,387,0022400029
0022400029,526,PT10M45.00S,4,1610612749,MIL,1626171,Portis,B. Portis,0,0,0,,0,,,0,h,Portis S.FOUL (P2.T1) (J.Tiven),Foul,Shooting,1,0,388,0022400029
0022400029,528,PT10M45.00S,4,1610612754,IND,1641716,Walker,J. Walker,0,0,0,,0,,,0,v,MISS Walker Free Throw 1 of 2,Free Throw,Free Throw 1 of 2,1,0,389,0022400029
0022400029,529,PT10M45.00S,4,0,,1610612754,,,0,0,0,,0,,,0,v,Pacers Rebound,Rebound,Normal Rebound,0,0,390,0022400029
0022400029,530,PT10M45.00S,4,1610612754,IND,1641716,Walker,J. Walker,0,0,0,,0,98,80,178,v,Walker Free Throw 2 of 2 (1 PTS),Free Throw,Free Throw 2 of 2,0,0,391,0022400029
0022400029,532,PT10M26.00S,4,1610612749,MIL,1631260,Green,A. Green,72,129,15,Made,1,100,80,180,h,Green 15' Pullup Jump Shot (2 PTS) (Lillard 8 AST),Made Shot,Pullup Jump shot,1,2,392,0022400029
0022400029,534,PT10M16.00S,4,1610612754,IND,1641716,Walker,J. Walker,-203,190,28,Made,1,100,83,183,v,Walker 28' 3PT Jump Shot (4 PTS) (McConnell 5 AST),Made Shot,Jump Shot,1,3,393,0022400029
0022400029,536,PT09M58.00S,4,1610612749,MIL,1631260,Green,A. Green,240,38,24,Made,1,103,83,186,h,Green 24' 3PT Jump Shot (5 PTS) (Lillard 9 AST),Made Shot,Jump Shot,1,3,394,0022400029
0022400029,538,PT09M35.00S,4,1610612754,IND,1626167,Turner,M. Turner,-37,258,26,Missed,1,,,0,v,MISS Turner 26' 3PT Jump Shot,Missed Shot,Jump Shot,1,3,395,0022400029
0022400029,539,PT09M33.00S,4,1610612754,IND,1642277,Furphy,J. Furphy,0,0,0,,0,,,0,v,Furphy REBOUND (Off:2 Def:2),Rebound,Unknown,1,0,396,0022400029
0022400029,540,PT09M27.00S,4,1610612754,IND,1631097,Mathurin,B. Mathurin,-142,236,28,Missed,1,,,0,v,MISS Mathurin 28' 3PT Pullup Jump Shot,Missed Shot,Pullup Jump shot,1,3,397,0022400029
0022400029,541,PT09M23.00S,4,1610612749,MIL,1631260,Green,A. Green,0,0,0,,0,,,0,h,Green REBOUND (Off:0 Def:3),Rebound,Unknown,1,0,398,0022400029
0022400029,542,PT09M17.00S,4,1610612749,MIL,1626171,Portis,B. Portis,-10,25,3,Missed,1,,,0,h,MISS Portis 3' Reverse Layup,Missed Shot,Reverse Layup Shot,1,2,399,0022400029
0022400029,542,PT09M17.00S,4,1610612754,IND,1641716,Walker,J. Walker,0,0,0,,0,,,0,v,Walker BLOCK (1 BLK),,,1,2,400,0022400029
0022400029,544,PT09M12.00S,4,1610612754,IND,1626167,Turner,M. Turner,0,0,0,,0,,,0,v,Turner REBOUND (Off:1 Def:5),Rebound,Unknown,1,0,401,0022400029
0022400029,545,PT09M10.00S,4,1610612754,IND,1642277,Furphy,J. Furphy,-235,123,27,Made,1,103,86,189,v,Furphy 27' 3PT Running Jump Shot (3 PTS) (McConnell 6 AST),Made Shot,Running Jump Shot,1,3,402,0022400029
0022400029,547,PT08M47.00S,4,1610612749,MIL,203081,Lillard,D. Lillard,-1,9,1,Made,1,105,86,191,h,Lillard 1' Driving Finger Roll Layup (21 PTS),Made Shot,Driving Finger Roll Layup Shot,1,2,403,0022400029
0022400029,548,PT08M39.00S,4,1610612749,MIL,1631260,Green,A. Green,0,0,0,,0,,,0,h,Green P.FOUL (P1.T2) (J.Tiven),Foul,Personal,1,0,404,0022400029
0022400029,550,PT08M27.00S,4,1610612754,IND,204456,McConnell,T. McConnell,23,152,15,Made,1,105,88,193,v,McConnell 15' Pullup Jump Shot (12 PTS),Made Shot,Pullup Jump shot,1,2,405,0022400029
0022400029,551,PT08M16.00S,4,1610612749,MIL,201572,Lopez,B. Lopez,0,0,0,,0,,,0,h,Lopez OFF.Foul (P4) (S.Mehta),Foul,Offensive,1,0,406,0022400029
0022400029,553,PT08M16.00S,4,1610612749,MIL,201572,Lopez,B. Lopez,0,0,0,,0,,,0,h,Lopez Offensive Foul Turnover (P2.T13),Turnover,Offensive Foul Turnover,1,0,407,0022400029
0022400029,555,PT07M57.00S,4,1610612754,IND,1631097,Mathurin,B. Mathurin,0,8,1,Made,1,105,90,195,v,Mathurin 1' Driving Reverse Layup (10 PTS) (McConnell 7 AST),Made Shot,Driving Reverse Layup Shot,1,2,408,0022400029
0022400029,557,PT07M44.00S,4,1610612749,MIL,203081,Lillard,D. Lillard,0,0,0,,0,,,0,h,Lillard Lost Ball Turnover (P3.T14),Turnover,Lost Ball,1,0,409,0022400029
0022400029,557,PT07M44.00S,4,1610612754,IND,204456,McConnell,T. McConnell,0,0,0,,0,,,0,v,McConnell STEAL (3 STL),,,1,0,410,0022400029
0022400029,559,PT07M42.00S,4,1610612749,MIL,203081,Lillard,D. Lillard,0,0,0,,0,,,0,h,Lillard S.FOUL (P1.T3) (S.Mehta),Foul,Shooting,1,0,411,0022400029
0022400029,561,PT07M42.00S,4,1610612754,IND,1631097,Mathurin,B. Mathurin,0,0,0,,0,105,91,196,v,Mathurin Free Throw 1 of 2 (11 PTS),Free Throw,Free Throw 1 of 2,1,0,412,0022400029
0022400029,562,PT07M42.00S,4,1610612749,MIL,1626171,Portis,B. Portis,0,0,0,,0,,,0,h,SUB: Antetokounmpo FOR Portis,Substitution,,0,0,413,0022400029
0022400029,564,PT07M42.00S,4,1610612754,IND,1631097,Mathurin,B. Mathurin,0,0,0,,0,105,92,197,v,Mathurin Free Throw 2 of 2 (12 PTS),Free Throw,Free Throw 2 of 2,1,0,414,0022400029
0022400029,565,PT07M27.00S,4,1610612749,MIL,203081,Lillard,D. Lillard,126,225,26,Made,1,108,92,200,h,Lillard 26' 3PT Jump Shot (24 PTS) (Antetokounmpo 10 AST),Made Shot,Jump Shot,1,3,415,0022400029
0022400029,567,PT07M18.00S,4,1610612754,IND,1626167,Turner,M. Turner,11,20,2,Made,1,108,94,202,v,Turner 2' Dunk (15 PTS) (McConnell 8 AST),Made Shot,Dunk Shot,1,2,416,0022400029
0022400029,569,PT07M08.00S,4,1610612749,MIL,203507,Antetokounmpo,G. Antetokounmpo,0,0,0,,0,,,0,h,Antetokounmpo Bad Pass Turnover (P4.T15),Turnover,Bad Pass,1,0,417,0022400029
0022400029,569,PT07M08.00S,4,1610612754,IND,1631097,Mathurin,B. Mathurin,0,0,0,,0,,,0,v,Mathurin STEAL (3 STL),,,1,0,418,0022400029
0022400029,571,PT07M06.00S,4,1610612754,IND,1631097,Mathurin,B. Mathurin,1,11,1,Made,1,108,96,204,v,Mathurin 1' Running Layup (14 PTS),Made Shot,Running Layup Shot,1,2,419,0022400029
0022400029,572,PT07M06.00S,4,1610612749,MIL,1631260,Green,A. Green,0,0,0,,0,,,0,h,Green S.FOUL (P2.T4) (J.Goble),Foul,Shooting,1,0,420,0022400029
0022400029,574,PT07M06.00S,4,1610612754,IND,1631097,Mathurin,B. Mathurin,0,0,0,,0,108,97,205,v,Mathurin Free Throw 1 of 1 (15 PTS),Free Throw,Free Throw 1 of 1,1,0,421,0022400029
0022400029,575,PT06M51.00S,4,1610612754,IND,1641716,Walker,J. Walker,0,0,0,,0,,,0,v,Walker P.FOUL (P2.T1) (J.Goble),Foul,Personal,1,0,422,0022400029
0022400029,577,PT06M51.00S,4,0,,1610612749,,,0,0,0,,0,,,0,h,BUCKS Timeout: Regular (Full 3 Short 0),Timeout,Regular,0,0,423,0022400029
0022400029,578,PT06M51.00S,4,1610612754,IND,204456,McConnell,T. McConnell,0,0,0,,0,,,0,v,SUB: Haliburton FOR McConnell,Substitution,,0,0,424,0022400029
0022400029,579,PT06M51.00S,4,1610612754,IND,1642277,Furphy,J. Furphy,0,0,0,,0,,,0,v,SUB: Siakam FOR Furphy,Substitution,,0,0,425,0022400029
0022400029,592,PT06M49.00S,4,1610612749,MIL,203507,Antetokounmpo,G. Antetokounmpo,0,0,0,,0,,,0,h,Antetokounmpo Lost Ball Turnover (P5.T16),Turnover,Lost Ball,1,0,426,0022400029
0022400029,592,PT06M49.00S,4,1610612754,IND,1627783,Siakam,P. Siakam,0,0,0,,0,,,0,v,Siakam STEAL (1 STL),,,1,0,427,0022400029
0022400029,582,PT06M26.00S,4,1610612754,IND,1630169,Haliburton,T. Haliburton,140,215,26,Made,1,108,100,208,v,Haliburton 26' 3PT Step Back Jump Shot (15 PTS),Made Shot,Step Back Jump shot,1,3,428,0022400029
0022400029,583,PT06M10.00S,4,1610612749,MIL,203081,Lillard,D. Lillard,-80,252,26,Missed,1,,,0,h,MISS Lillard 26' 3PT Jump Shot,Missed Shot,Jump Shot,1,3,429,0022400029
0022400029,584,PT06M08.00S,4,1610612749,MIL,201572,Lopez,B. Lopez,0,0,0,,0,,,0,h,Lopez REBOUND (Off:3 Def:2),Rebound,Unknown,1,0,430,0022400029
0022400029,585,PT06M02.00S,4,1610612749,MIL,203081,Lillard,D. Lillard,-22,3,2,Missed,1,,,0,h,MISS Lillard 2' Driving Floating Jump Shot,Missed Shot,Driving Floating Jump Shot,1,2,431,0022400029
0022400029,586,PT05M57.00S,4,1610612749,MIL,203507,Antetokounmpo,G. Antetokounmpo,0,0,0,,0,,,0,h,Antetokounmpo REBOUND (Off:2 Def:6),Rebound,Unknown,1,0,432,0022400029
0022400029,587,PT05M57.00S,4,1610612749,MIL,203507,Antetokounmpo,G. Antetokounmpo,0,0,0,Missed,1,,,0,h,MISS Antetokounmpo Tip Layup Shot,Missed Shot,Tip Layup Shot,1,2,433,0022400029
0022400029,588,PT05M57.00S,4,1610612754,IND,1626167,Turner,M. Turner,0,0,0,,0,,,0,v,Turner REBOUND (Off:1 Def:6),Rebound,Unknown,1,0,434,0022400029
0022400029,589,PT05M52.00S,4,1610612754,IND,1641716,Walker,J. Walker,0,12,1,Made,1,108,102,210,v,Walker 1' Running Jump Shot (6 PTS) (Haliburton 9 AST),Made Shot,Running Jump Shot,1,2,435,0022400029
0022400029,591,PT05M52.00S,4,0,,1610612749,,,0,0,0,,0,,,0,h,BUCKS Timeout: Regular (Full 4 Short 0),Timeout,Regular,0,0,436,0022400029
0022400029,594,PT05M52.00S,4,1610612749,MIL,1631260,Green,A. Green,0,0,0,,0,,,0,h,SUB: Prince FOR Green,Substitution,,0,0,437,0022400029
0022400029,596,PT05M33.00S,4,1610612749,MIL,1629018,Trent Jr.,G. Trent Jr.,17,268,27,Made,1,111,102,213,h,Trent Jr. 27' 3PT Jump Shot (18 PTS) (Antetokounmpo 11 AST),Made Shot,Jump Shot,1,3,438,0022400029
0022400029,598,PT05M14.00S,4,1610612754,IND,1631097,Mathurin,B. Mathurin,-32,41,5,Missed,1,,,0,v,MISS Mathurin 5' Cutting Layup Shot,Missed Shot,Cutting Layup Shot,1,2,439,0022400029
0022400029,598,PT05M14.00S,4,1610612749,MIL,203507,Antetokounmpo,G. Antetokounmpo,0,0,0,,0,,,0,h,Antetokounmpo BLOCK (1 BLK),,,1,2,440,0022400029
0022400029,600,PT05M09.00S,4,1610612749,MIL,1629018,Trent Jr.,G. Trent Jr.,0,0,0,,0,,,0,h,Trent Jr. REBOUND (Off:0 Def:2),Rebound,Unknown,1,0,441,0022400029
0022400029,601,PT05M09.00S,4,1610612749,MIL,203507,Antetokounmpo,G. Antetokounmpo,-11,3,1,Made,1,113,102,215,h,Antetokounmpo 1' Running Dunk (30 PTS),Made Shot,Running Dunk Shot,1,2,442,0022400029
0022400029,602,PT05M09.00S,4,0,,1610612754,,,0,0,0,,0,,,0,v,Pacers Timeout: Regular (Reg.6 Short 0),Timeout,Regular,0,0,443,0022400029
0022400029,603,PT04M52.00S,4,1610612754,IND,1627783,Siakam,P. Siakam,-5,15,2,Made,1,113,104,217,v,Siakam 2' Driving Hook Shot (25 PTS),Made Shot,Driving Hook Shot,1,2,444,0022400029
0022400029,604,PT04M31.00S,4,1610612749,MIL,203507,Antetokounmpo,G. Antetokounmpo,-2,5,1,Made,1,115,104,219,h,Antetokounmpo 1' Driving Layup (32 PTS) (Lillard 10 AST),Made Shot,Driving Layup Shot,1,2,445,0022400029
0022400029,605,PT04M31.00S,4,1610612754,IND,1631097,Mathurin,B. Mathurin,0,0,0,,0,,,0,v,Mathurin S.FOUL (P3.T2) (S.Mehta),Foul,Shooting,1,0,446,0022400029
0022400029,607,PT04M31.00S,4,1610612749,MIL,203507,Antetokounmpo,G. Antetokounmpo,0,0,0,,0,116,104,220,h,Antetokounmpo Free Throw 1 of 1 (33 PTS),Free Throw,Free Throw 1 of 1,1,0,447,0022400029
0022400029,608,PT04M23.00S,4,1610612754,IND,1627783,Siakam,P. Siakam,227,-4,0,Missed,1,,,0,v,MISS Siakam 3PT Jump Shot,Missed Shot,Jump Shot,1,3,448,0022400029
0022400029,609,PT04M19.00S,4,1610612749,MIL,203507,Antetokounmpo,G. Antetokounmpo,0,0,0,,0,,,0,h,Antetokounmpo REBOUND (Off:2 Def:7),Rebound,Unknown,1,0,449,0022400029
0022400029,610,PT04M16.00S,4,1610612749,MIL,203081,Lillard,D. Lillard,11,16,2,Missed,1,,,0,h,MISS Lillard 2' Running Finger Roll Layup,Missed Shot,Running Finger Roll Layup Shot,1,2,450,0022400029
0022400029,611,PT04M13.00S,4,1610612754,IND,1626167,Turner,M. Turner,0,0,0,,0,,,0,v,Turner REBOUND (Off:1 Def:7),Rebound,Unknown,1,0,451,0022400029
0022400029,612,PT03M55.00S,4,1610612754,IND,1631097,Mathurin,B. Mathurin,112,246,27,Made,1,116,107,223,v,Mathurin 27' 3PT Jump Shot (18 PTS) (Siakam 1 AST),Made Shot,Jump Shot,1,3,452,0022400029
0022400029,614,PT03M36.00S,4,1610612754,IND,1627783,Siakam,P. Siakam,0,0,0,,0,,,0,v,Siakam P.FOUL (P3.T3) (J.Tiven),Foul,Personal,1,0,453,0022400029
0022400029,616,PT03M25.00S,4,1610612749,MIL,203507,Antetokounmpo,G. Antetokounmpo,9,16,2,Made,1,118,107,225,h,Antetokounmpo 2' Alley Oop Dunk (35 PTS) (Lillard 11 AST),Made Shot,Alley Oop Dunk Shot,1,2,454,0022400029
0022400029,618,PT03M14.00S,4,1610612749,MIL,203507,Antetokounmpo,G. Antetokounmpo,0,0,0,,0,,,0,h,Antetokounmpo P.FOUL (P4.PN) (S.Mehta),Foul,Personal,1,0,455,0022400029
0022400029,620,PT03M14.00S,4,1610612754,IND,1631097,Mathurin,B. Mathurin,0,0,0,,0,118,108,226,v,Mathurin Free Throw 1 of 2 (19 PTS),Free Throw,Free Throw 1 of 2,1,0,456,0022400029
0022400029,621,PT03M14.00S,4,1610612754,IND,1631097,Mathurin,B. Mathurin,0,0,0,,0,118,109,227,v,Mathurin Free Throw 2 of 2 (20 PTS),Free Throw,Free Throw 2 of 2,1,0,457,0022400029
0022400029,622,PT02M58.00S,4,1610612754,IND,1631097,Mathurin,B. Mathurin,0,0,0,,0,,,0,v,Mathurin P.FOUL (P4.T4) (J.Goble),Foul,Personal,1,0,458,0022400029
0022400029,624,PT02M50.00S,4,1610612749,MIL,201572,Lopez,B. Lopez,-1,20,2,Made,1,120,109,229,h,Lopez 2' Cutting Layup Shot (11 PTS) (Prince 2 AST),Made Shot,Cutting Layup Shot,1,2,459,0022400029
0022400029,626,PT02M35.00S,4,1610612754,IND,1631097,Mathurin,B. Mathurin,75,254,26,Missed,1,,,0,v,MISS Mathurin 26' 3PT Pullup Jump Shot,Missed Shot,Pullup Jump shot,1,3,460,0022400029
0022400029,627,PT02M32.00S,4,1610612749,MIL,203507,Antetokounmpo,G. Antetokounmpo,0,0,0,,0,,,0,h,Antetokounmpo REBOUND (Off:2 Def:8),Rebound,Unknown,1,0,461,0022400029
0022400029,628,PT02M28.00S,4,1610612749,MIL,203507,Antetokounmpo,G. Antetokounmpo,0,0,0,,0,,,0,h,Antetokounmpo Bad Pass Turnover (P6.T17),Turnover,Bad Pass,1,0,462,0022400029
0022400029,628,PT02M28.00S,4,1610612754,IND,1626167,Turner,M. Turner,0,0,0,,0,,,0,v,Turner STEAL (1 STL),,,1,0,463,0022400029
0022400029,630,PT02M15.00S,4,1610612749,MIL,203507,Antetokounmpo,G. Antetokounmpo,0,0,0,,0,,,0,h,Jump Ball Antetokounmpo vs. Siakam: Tip to Walker,Jump Ball,,0,0,464,0022400029
0022400029,633,PT02M10.00S,4,1610612754,IND,1630169,Haliburton,T. Haliburton,-175,212,27,Made,1,120,112,232,v,Haliburton 27' 3PT Step Back Jump Shot (18 PTS) (Walker 2 AST),Made Shot,Step Back Jump shot,1,3,465,0022400029
0022400029,635,PT01M55.00S,4,1610612749,MIL,203507,Antetokounmpo,G. Antetokounmpo,11,21,2,Made,1,122,112,234,h,Antetokounmpo 2' Driving Finger Roll Layup (37 PTS) (Lillard 12 AST),Made Shot,Driving Finger Roll Layup Shot,1,2,466,0022400029
0022400029,637,PT01M40.00S,4,1610612754,IND,1630169,Haliburton,T. Haliburton,121,222,25,Missed,1,,,0,v,MISS Haliburton 25' 3PT Step Back Jump Shot,Missed Shot,Step Back Jump shot,1,3,467,0022400029
0022400029,638,PT01M37.00S,4,1610612749,MIL,203081,Lillard,D. Lillard,0,0,0,,0,,,0,h,Lillard REBOUND (Off:1 Def:4),Rebound,Unknown,1,0,468,0022400029
0022400029,639,PT01M33.00S,4,1610612749,MIL,1627752,Prince,T. Prince,234,8,0,Made,1,125,112,237,h,Prince 3PT Jump Shot (11 PTS) (Trent Jr. 1 AST),Made Shot,Jump Shot,1,3,469,0022400029
0022400029,641,PT01M33.00S,4,0,,1610612754,,,0,0,0,,0,,,0,v,Pacers Timeout: Regular (Reg.7 Short 0),Timeout,Regular,0,0,470,0022400029
0022400029,642,PT01M33.00S,4,1610612754,IND,1630169,Haliburton,T. Haliburton,0,0,0,,0,,,0,v,SUB: Newton FOR Haliburton,Substitution,,0,0,471,0022400029
0022400029,643,PT01M33.00S,4,1610612754,IND,1631097,Mathurin,B. Mathurin,0,0,0,,0,,,0,v,SUB: Brown FOR Mathurin,Substitution,,0,0,472,0022400029
0022400029,644,PT01M33.00S,4,1610612754,IND,1641716,Walker,J. Walker,0,0,0,,0,,,0,v,SUB: Furphy FOR Walker,Substitution,,0,0,473,0022400029
0022400029,645,PT01M33.00S,4,1610612754,IND,1626167,Turner,M. Turner,0,0,0,,0,,,0,v,SUB: Freeman FOR Turner,Substitution,,0,0,474,0022400029
0022400029,646,PT01M33.00S,4,1610612754,IND,1627783,Siakam,P. Siakam,0,0,0,,0,,,0,v,SUB: Jackson FOR Siakam,Substitution,,0,0,475,0022400029
0022400029,659,PT01M33.00S,4,1610612749,MIL,203507,Antetokounmpo,G. Antetokounmpo,0,0,0,,0,,,0,h,SUB: Jackson Jr. FOR Antetokounmpo,Substitution,,0,0,476,0022400029
0022400029,652,PT01M22.00S,4,1610612754,IND,1641803,Newton,T. Newton,-1,8,1,Made,1,125,114,239,v,Newton 1' Driving Layup (2 PTS),Made Shot,Driving Layup Shot,1,2,477,0022400029
0022400029,694,PT01M22.00S,4,1610612749,MIL,203081,Lillard,D. Lillard,0,0,0,,0,,,0,h,Lillard Lost Ball Turnover (P4.T18),Turnover,Lost Ball,0,0,478,0022400029
0022400029,694,PT01M22.00S,4,1610612754,IND,1642277,Furphy,J. Furphy,0,0,0,,0,,,0,v,Furphy STEAL (1 STL),,,0,0,479,0022400029
0022400029,656,PT01M02.00S,4,1610612754,IND,1631245,Jackson,Q. Jackson,6,17,2,Made,1,125,116,241,v,Jackson 2' Running Reverse Layup (9 PTS) (Furphy 2 AST),Made Shot,Running Reverse Layup Shot,1,2,480,0022400029
0022400029,658,PT00M38.20S,4,1610612749,MIL,1627752,Prince,T. Prince,-53,25,6,Made,1,127,116,243,h,Prince 6' Pullup Jump Shot (13 PTS) (Lillard 13 AST),Made Shot,Pullup Jump shot,1,2,481,0022400029
0022400029,662,PT00M32.00S,4,1610612754,IND,1641803,Newton,T. Newton,-203,178,27,Missed,1,,,0,v,MISS Newton 27' 3PT Jump Shot,Missed Shot,Jump Shot,1,3,482,0022400029
0022400029,663,PT00M30.60S,4,1610612754,IND,1642402,Freeman,E. Freeman,0,0,0,,0,,,0,v,Freeman REBOUND (Off:1 Def:0),Rebound,Unknown,1,0,483,0022400029
0022400029,665,PT00M30.60S,4,1610612749,MIL,203081,Lillard,D. Lillard,0,0,0,,0,,,0,h,Lillard P.FOUL (P2.PN) (S.Mehta),Foul,Personal,1,0,484,0022400029
0022400029,693,PT00M30.60S,4,1610612749,MIL,203081,Lillard,D. Lillard,0,0,0,,0,,,0,h,Lillard T.FOUL (P2.PN) (J.Goble),Foul,Technical,0,0,485,0022400029
0022400029,668,PT00M30.60S,4,1610612749,MIL,203081,Lillard,D. Lillard,0,0,0,,0,,,0,h,SUB: Beauchamp FOR Lillard,Substitution,,0,0,486,0022400029
0022400029,669,PT00M30.60S,4,1610612749,MIL,1629018,Trent Jr.,G. Trent Jr.,0,0,0,,0,,,0,h,SUB: Smith FOR Trent Jr.,Substitution,,0,0,487,0022400029
0022400029,670,PT00M30.60S,4,1610612749,MIL,201572,Lopez,B. Lopez,0,0,0,,0,,,0,h,SUB: Umude FOR Lopez,Substitution,,0,0,488,0022400029
0022400029,671,PT00M30.60S,4,1610612749,MIL,1627752,Prince,T. Prince,0,0,0,,0,,,0,h,SUB: Livingston FOR Prince,Substitution,,0,0,489,0022400029
0022400029,696,PT00M30.60S,4,1610612754,IND,1641803,Newton,T. Newton,0,0,0,,0,127,117,244,v,Newton Free Throw Technical (3 PTS),Free Throw,Free Throw Technical,0,0,490,0022400029
0022400029,688,PT00M30.60S,4,1610612754,IND,1642402,Freeman,E. Freeman,0,0,0,,0,,,0,v,MISS Freeman Free Throw 1 of 2,Free Throw,Free Throw 1 of 2,1,0,491,0022400029
0022400029,689,PT00M30.60S,4,0,,1610612754,,,0,0,0,,0,,,0,v,Pacers Rebound,Rebound,Normal Rebound,0,0,492,0022400029
0022400029,690,PT00M30.60S,4,1610612754,IND,1642402,Freeman,E. Freeman,0,0,0,,0,,,0,v,MISS Freeman Free Throw 2 of 2,Free Throw,Free Throw 2 of 2,1,0,493,0022400029
0022400029,691,PT00M30.60S,4,1610612754,IND,1629650,Brown,M. Brown,0,0,0,,0,,,0,v,Brown REBOUND (Off:1 Def:0),Rebound,Unknown,0,0,494,0022400029
0022400029,676,PT00M24.80S,4,1610612754,IND,1629650,Brown,M. Brown,1,6,1,Missed,1,,,0,v,MISS Brown 1' Layup,Missed Shot,Layup Shot,1,2,495,0022400029
0022400029,677,PT00M24.80S,4,0,,1610612754,,,0,0,0,,0,,,0,v,Pacers Rebound,Rebound,Unknown,1,0,496,0022400029
0022400029,678,PT00M20.20S,4,1610612754,IND,1631245,Jackson,Q. Jackson,227,-1,0,Missed,1,,,0,v,MISS Jackson 3PT Jump Shot,Missed Shot,Jump Shot,1,3,497,0022400029
0022400029,679,PT00M16.50S,4,1610612749,MIL,1641753,Livingston,C. Livingston,0,0,0,,0,,,0,h,Livingston REBOUND (Off:0 Def:1),Rebound,Unknown,1,0,498,0022400029
0022400029,681,PT00M07.60S,4,1610612749,MIL,1641748,Jackson Jr.,A. Jackson Jr.,-2,32,3,Missed,1,,,0,h,MISS Jackson Jr. 3' Driving Layup,Missed Shot,Driving Layup Shot,1,2,499,0022400029
0022400029,682,PT00M07.50S,4,1610612749,MIL,1641753,Livingston,C. Livingston,0,0,0,,0,,,0,h,Livingston REBOUND (Off:1 Def:1),Rebound,Unknown,1,0,500,0022400029
0022400029,683,PT00M07.50S,4,1610612749,MIL,1641753,Livingston,C. Livingston,0,0,0,Made,1,129,117,246,h,Livingston Tip Dunk Shot (2 PTS),Made Shot,Tip Dunk Shot,1,2,501,0022400029
0022400029,687,PT00M00.00S,4,0,,0,,,0,0,0,,0,129,117,246,,End of 4th Period (10:29 PM EST),period,end,1,0,502,0022400029
