gameId,actionNumber,clock,period,teamId,teamTricode,personId,playerName,playerNameI,xLegacy,yLegacy,shotDistance,shotResult,isFieldGoal,scoreHome,scoreAway,pointsTotal,location,description,actionType,subType,videoAvailable,shotValue,actionId,game_id
0022400491,2,PT12M00.00S,1,0,,0,,,0,0,0,,0,0,0,0,,Start of 1st Period (7:11 PM EST),period,start,0,0,1,0022400491
0022400491,4,PT12M00.00S,1,1610612745,HOU,1630578,Sengun,A. Sengun,0,0,0,,0,,,0,h,Jump Ball Sengun vs. Davis: Tip to Christie,Jump Ball,,1,0,2,0022400491
0022400491,7,PT11M39.00S,1,1610612747,LAL,203076,Davis,A. Davis,0,0,0,,0,,,0,v,Davis Out of Bounds - Bad Pass Turnover Turnover (P1.T1),Turnover,Out of Bounds - Bad Pass Turnover,1,0,3,0022400491
0022400491,8,PT11M25.00S,1,1610612745,HOU,1641708,Thompson,A. Thompson,-10,10,1,Made,1,2,0,2,h,Thompson 1' Alley Oop Dunk (2 PTS) (Sengun 1 AST),Made Shot,Alley Oop Dunk Shot,1,2,4,0022400491
0022400491,10,PT10M58.00S,1,1610612747,LAL,1630559,Reaves,A. Reaves,-99,88,13,Missed,1,,,0,v,MISS Reaves 13' Fadeaway Jumper,Missed Shot,Fadeaway Jump Shot,1,2,5,0022400491
0022400491,11,PT10M57.00S,1,1610612745,HOU,1641708,Thompson,A. Thompson,0,0,0,,0,,,0,h,Thompson REBOUND (Off:0 Def:1),Rebound,Unknown,1,0,6,0022400491
0022400491,12,PT10M51.00S,1,1610612745,HOU,1641708,Thompson,A. Thompson,-49,38,6,Made,1,4,0,4,h,Thompson 6' Driving Floating Jump Shot (4 PTS),Made Shot,Driving Floating Jump Shot,1,2,7,0022400491
0022400491,13,PT10M40.00S,1,1610612747,LAL,1630559,Reaves,A. Reaves,6,31,3,Made,1,4,2,6,v,Reaves 3' Driving Floating Jump Shot (2 PTS),Made Shot,Driving Floating Jump Shot,1,2,8,0022400491
0022400491,14,PT10M13.00S,1,1610612745,HOU,1630578,Sengun,A. Sengun,116,236,26,Missed,1,,,0,h,MISS Sengun 26' 3PT Jump Shot,Missed Shot,Jump Shot,1,3,9,0022400491
0022400491,15,PT10M12.00S,1,1610612747,LAL,2544,James,L. James,0,0,0,,0,,,0,v,L. James REBOUND (Off:0 Def:1),Rebound,Unknown,1,0,10,0022400491
0022400491,16,PT10M09.00S,1,1610612745,HOU,1630578,Sengun,A. Sengun,0,0,0,,0,,,0,h,Sengun P.FOUL (P1.T1) (J.Schroeder),Foul,Personal,1,0,11,0022400491
0022400491,18,PT10M09.00S,1,0,,16,Tong,X. Tong,0,0,0,,0,4,2,6,,Instant Replay1st Period (7:13 PM EST),Instant Replay,Support Ruling,0,0,12,0022400491
0022400491,19,PT10M00.00S,1,1610612747,LAL,1629060,Hachimura,R. Hachimura,-104,234,26,Made,1,4,5,9,v,Hachimura 26' 3PT Jump Shot (3 PTS) (Davis 1 AST),Made Shot,Jump Shot,1,3,13,0022400491
0022400491,21,PT09M50.00S,1,1610612745,HOU,1641708,Thompson,A. Thompson,-26,67,7,Missed,1,,,0,h,MISS Thompson 7' Driving Floating Jump Shot,Missed Shot,Driving Floating Jump Shot,1,2,14,0022400491
0022400491,22,PT09M49.00S,1,1610612745,HOU,1641708,Thompson,A. Thompson,0,0,0,,0,,,0,h,Thompson REBOUND (Off:1 Def:1),Rebound,Unknown,1,0,15,0022400491
0022400491,23,PT09M47.00S,1,1610612745,HOU,1641708,Thompson,A. Thompson,-9,21,2,Made,1,6,5,11,h,Thompson 2' Putback Dunk (6 PTS),Made Shot,Putback Dunk Shot,1,2,16,0022400491
0022400491,24,PT09M25.00S,1,1610612747,LAL,203076,Davis,A. Davis,-43,98,11,Made,1,6,7,13,v,Davis 11' Turnaround Hook Shot (2 PTS),Made Shot,Turnaround Hook Shot,1,2,17,0022400491
0022400491,25,PT09M11.00S,1,1610612745,HOU,1628415,Brooks,D. Brooks,229,116,26,Missed,1,,,0,h,MISS Brooks 26' 3PT Jump Shot,Missed Shot,Jump Shot,1,3,18,0022400491
0022400491,26,PT09M09.00S,1,1610612745,HOU,1641708,Thompson,A. Thompson,0,0,0,,0,,,0,h,Thompson REBOUND (Off:2 Def:1),Rebound,Unknown,1,0,19,0022400491
0022400491,27,PT09M07.00S,1,1610612745,HOU,1641708,Thompson,A. Thompson,0,0,0,,0,,,0,h,Thompson Bad Pass Turnover (P1.T1),Turnover,Bad Pass,1,0,20,0022400491
0022400491,27,PT09M07.00S,1,1610612747,LAL,2544,James,L. James,0,0,0,,0,,,0,v,L. James STEAL (1 STL),,,1,0,21,0022400491
0022400491,29,PT09M01.00S,1,1610612747,LAL,1631108,Christie,M. Christie,-229,-5,0,Missed,1,,,0,v,MISS Christie 3PT Running Jump Shot,Missed Shot,Running Jump Shot,1,3,22,0022400491
0022400491,30,PT09M00.00S,1,1610612745,HOU,1628415,Brooks,D. Brooks,0,0,0,,0,,,0,h,Brooks REBOUND (Off:0 Def:1),Rebound,Unknown,1,0,23,0022400491
0022400491,31,PT08M52.00S,1,1610612745,HOU,1630578,Sengun,A. Sengun,0,0,0,,0,,,0,h,Sengun Out of Bounds - Bad Pass Turnover Turnover (P1.T2),Turnover,Out of Bounds - Bad Pass Turnover,1,0,24,0022400491
0022400491,32,PT08M34.00S,1,1610612747,LAL,203076,Davis,A. Davis,0,0,0,,0,,,0,v,Davis Out of Bounds - Bad Pass Turnover Turnover (P2.T2),Turnover,Out of Bounds - Bad Pass Turnover,1,0,25,0022400491
0022400491,33,PT08M16.00S,1,1610612745,HOU,1628415,Brooks,D. Brooks,-36,105,11,Missed,1,,,0,h,MISS Brooks 11' Fadeaway Jumper,Missed Shot,Fadeaway Jump Shot,1,2,26,0022400491
0022400491,34,PT08M15.00S,1,1610612747,LAL,2544,James,L. James,0,0,0,,0,,,0,v,L. James REBOUND (Off:0 Def:2),Rebound,Unknown,1,0,27,0022400491
0022400491,35,PT08M03.00S,1,1610612747,LAL,1630559,Reaves,A. Reaves,-15,94,10,Missed,1,,,0,v,MISS Reaves 10' Fadeaway Jumper,Missed Shot,Fadeaway Jump Shot,1,2,28,0022400491
0022400491,36,PT08M01.00S,1,1610612745,HOU,1630578,Sengun,A. Sengun,0,0,0,,0,,,0,h,Sengun REBOUND (Off:0 Def:1),Rebound,Unknown,1,0,29,0022400491
0022400491,37,PT07M43.00S,1,1610612745,HOU,1630578,Sengun,A. Sengun,12,8,1,Made,1,8,7,15,h,Sengun 1' Layup (2 PTS) (Brooks 1 AST),Made Shot,Layup Shot,1,2,30,0022400491
0022400491,39,PT07M33.00S,1,1610612747,LAL,1629060,Hachimura,R. Hachimura,-20,9,2,Missed,1,,,0,v,MISS Hachimura 2' Layup,Missed Shot,Layup Shot,1,2,31,0022400491
0022400491,40,PT07M32.00S,1,1610612745,HOU,1630224,Green,J. Green,0,0,0,,0,,,0,h,Ja. Green REBOUND (Off:0 Def:1),Rebound,Unknown,1,0,32,0022400491
0022400491,41,PT07M28.00S,1,1610612745,HOU,1630224,Green,J. Green,-27,20,3,Made,1,10,7,17,h,Ja. Green 3' Running Layup (2 PTS),Made Shot,Running Layup Shot,1,2,33,0022400491
0022400491,42,PT07M17.00S,1,1610612747,LAL,1630559,Reaves,A. Reaves,-228,100,25,Made,1,10,10,20,v,Reaves 25' 3PT Jump Shot (5 PTS) (Christie 1 AST),Made Shot,Jump Shot,1,3,34,0022400491
0022400491,44,PT07M01.00S,1,1610612745,HOU,1630224,Green,J. Green,124,221,25,Made,1,13,10,23,h,Ja. Green 25' 3PT Pullup Jump Shot (5 PTS),Made Shot,Pullup Jump shot,1,3,35,0022400491
0022400491,45,PT06M47.00S,1,1610612747,LAL,1629060,Hachimura,R. Hachimura,58,179,19,Made,1,13,12,25,v,Hachimura 19' Pullup Jump Shot (5 PTS) (Reaves 1 AST),Made Shot,Pullup Jump shot,1,2,36,0022400491
0022400491,47,PT06M29.00S,1,1610612745,HOU,1630578,Sengun,A. Sengun,-2,111,11,Missed,1,,,0,h,MISS Sengun 11' Floating Jump Shot,Missed Shot,Floating Jump shot,1,2,37,0022400491
0022400491,48,PT06M28.00S,1,1610612747,LAL,203076,Davis,A. Davis,0,0,0,,0,,,0,v,Davis REBOUND (Off:0 Def:1),Rebound,Unknown,1,0,38,0022400491
0022400491,49,PT06M16.00S,1,1610612747,LAL,2544,James,L. James,-58,34,7,Made,1,13,14,27,v,L. James 7' Turnaround Bank Shot (2 PTS),Made Shot,Turnaround Bank shot,1,2,39,0022400491
0022400491,50,PT06M04.00S,1,1610612745,HOU,1630224,Green,J. Green,-156,220,27,Missed,1,,,0,h,MISS Ja. Green 27' 3PT Pullup Jump Shot,Missed Shot,Pullup Jump shot,1,3,40,0022400491
0022400491,51,PT06M03.00S,1,1610612747,LAL,2544,James,L. James,0,0,0,,0,,,0,v,L. James REBOUND (Off:0 Def:3),Rebound,Unknown,1,0,41,0022400491
0022400491,52,PT05M53.00S,1,1610612747,LAL,203076,Davis,A. Davis,10,37,4,Missed,1,,,0,v,MISS Davis 4' Layup,Missed Shot,Layup Shot,1,2,42,0022400491
0022400491,52,PT05M53.00S,1,1610612745,HOU,1627832,VanVleet,F. VanVleet,0,0,0,,0,,,0,h,VanVleet BLOCK (1 BLK),,,1,2,43,0022400491
0022400491,54,PT05M52.00S,1,1610612745,HOU,1627832,VanVleet,F. VanVleet,0,0,0,,0,,,0,h,VanVleet REBOUND (Off:0 Def:1),Rebound,Unknown,1,0,44,0022400491
0022400491,55,PT05M48.00S,1,1610612745,HOU,1641708,Thompson,A. Thompson,11,11,2,Made,1,15,14,29,h,Thompson 2' Running Dunk (8 PTS) (Brooks 2 AST),Made Shot,Running Dunk Shot,1,2,45,0022400491
0022400491,57,PT05M29.00S,1,1610612747,LAL,1629060,Hachimura,R. Hachimura,16,253,25,Made,1,15,17,32,v,Hachimura 25' 3PT Jump Shot (8 PTS) (L. James 1 AST),Made Shot,Jump Shot,1,3,46,0022400491
0022400491,59,PT05M07.00S,1,1610612745,HOU,1630578,Sengun,A. Sengun,21,13,2,Missed,1,,,0,h,MISS Sengun 2' Driving Reverse Layup,Missed Shot,Driving Reverse Layup Shot,1,2,47,0022400491
0022400491,59,PT05M07.00S,1,1610612747,LAL,203076,Davis,A. Davis,0,0,0,,0,,,0,v,Davis BLOCK (1 BLK),,,1,2,48,0022400491
0022400491,61,PT05M06.00S,1,1610612747,LAL,2544,James,L. James,0,0,0,,0,,,0,v,L. James REBOUND (Off:0 Def:4),Rebound,Unknown,1,0,49,0022400491
0022400491,63,PT04M58.00S,1,0,,1610612745,,,0,0,0,,0,,,0,h,ROCKETS Timeout: Regular (Full 1 Short 0),Timeout,Regular,0,0,50,0022400491
0022400491,64,PT04M58.00S,1,1610612745,HOU,1641708,Thompson,A. Thompson,0,0,0,,0,,,0,h,SUB: Tate FOR Thompson,Substitution,,0,0,51,0022400491
0022400491,65,PT04M58.00S,1,1610612747,LAL,1631108,Christie,M. Christie,0,0,0,,0,,,0,v,SUB: Finney-Smith FOR Christie,Substitution,,0,0,52,0022400491
0022400491,66,PT04M58.00S,1,1610612747,LAL,2544,James,L. James,0,0,0,,0,,,0,v,SUB: Milton FOR L. James,Substitution,,0,0,53,0022400491
0022400491,70,PT04M44.00S,1,1610612747,LAL,203076,Davis,A. Davis,-75,114,14,Missed,1,,,0,v,MISS Davis 14' Turnaround Fadeaway Shot,Missed Shot,Turnaround Fadeaway shot,1,2,54,0022400491
0022400491,71,PT04M42.00S,1,1610612745,HOU,1630578,Sengun,A. Sengun,0,0,0,,0,,,0,h,Sengun REBOUND (Off:0 Def:2),Rebound,Unknown,1,0,55,0022400491
0022400491,72,PT04M28.00S,1,1610612745,HOU,1627832,VanVleet,F. VanVleet,191,196,27,Made,1,18,17,35,h,VanVleet 27' 3PT Jump Shot (3 PTS) (Brooks 3 AST),Made Shot,Jump Shot,1,3,56,0022400491
0022400491,74,PT04M09.00S,1,1610612747,LAL,1627827,Finney-Smith,D. Finney-Smith,2,6,1,Made,1,18,19,37,v,Finney-Smith 1' Driving Finger Roll Layup (2 PTS) (Davis 2 AST),Made Shot,Driving Finger Roll Layup Shot,1,2,57,0022400491
0022400491,76,PT03M49.00S,1,1610612745,HOU,1630224,Green,J. Green,113,230,26,Made,1,21,19,40,h,Ja. Green 26' 3PT Step Back Jump Shot (8 PTS),Made Shot,Step Back Jump shot,1,3,58,0022400491
0022400491,77,PT03M36.00S,1,1610612745,HOU,1630224,Green,J. Green,0,0,0,,0,,,0,h,Ja. Green P.FOUL (P1.T2) (S.Wright),Foul,Personal,1,0,59,0022400491
0022400491,79,PT03M36.00S,1,1610612745,HOU,1630578,Sengun,A. Sengun,0,0,0,,0,,,0,h,SUB: Adams FOR Sengun,Substitution,,0,0,60,0022400491
0022400491,80,PT03M36.00S,1,1610612747,LAL,1629060,Hachimura,R. Hachimura,0,0,0,,0,,,0,v,SUB: Reddish FOR Hachimura,Substitution,,0,0,61,0022400491
0022400491,83,PT03M32.00S,1,1610612747,LAL,203076,Davis,A. Davis,-47,192,20,Missed,1,,,0,v,MISS Davis 20' Jump Shot,Missed Shot,Jump Shot,1,2,62,0022400491
0022400491,84,PT03M31.00S,1,1610612745,HOU,1630224,Green,J. Green,0,0,0,,0,,,0,h,Ja. Green REBOUND (Off:0 Def:2),Rebound,Unknown,1,0,63,0022400491
0022400491,85,PT03M21.00S,1,1610612745,HOU,1630224,Green,J. Green,-1,95,10,Made,1,23,19,42,h,Ja. Green 10' Fadeaway Jumper (10 PTS),Made Shot,Fadeaway Jump Shot,1,2,64,0022400491
0022400491,86,PT03M03.00S,1,1610612745,HOU,1630224,Green,J. Green,0,0,0,,0,,,0,h,Ja. Green S.FOUL (P2.T3) (J.Schroeder),Foul,Shooting,1,0,65,0022400491
0022400491,88,PT03M03.00S,1,1610612747,LAL,1629003,Milton,S. Milton,0,0,0,,0,23,20,43,v,Milton Free Throw 1 of 2 (1 PTS),Free Throw,Free Throw 1 of 2,1,0,66,0022400491
0022400491,89,PT03M03.00S,1,1610612747,LAL,1629003,Milton,S. Milton,0,0,0,,0,,,0,v,MISS Milton Free Throw 2 of 2,Free Throw,Free Throw 2 of 2,1,0,67,0022400491
0022400491,90,PT03M03.00S,1,1610612747,LAL,1629003,Milton,S. Milton,0,0,0,,0,,,0,v,Milton REBOUND (Off:1 Def:0),Rebound,Unknown,0,0,68,0022400491
0022400491,91,PT03M00.00S,1,1610612747,LAL,1629003,Milton,S. Milton,0,0,0,,0,,,0,v,Milton Out of Bounds - Bad Pass Turnover Turnover (P1.T3),Turnover,Out of Bounds - Bad Pass Turnover,1,0,69,0022400491
0022400491,92,PT02M48.00S,1,1610612745,HOU,1630224,Green,J. Green,71,38,8,Made,1,25,20,45,h,Ja. Green 8' Driving Finger Roll Layup (12 PTS) (Tate 1 AST),Made Shot,Driving Finger Roll Layup Shot,1,2,70,0022400491
0022400491,94,PT02M28.00S,1,1610612747,LAL,203076,Davis,A. Davis,54,106,12,Missed,1,,,0,v,MISS Davis 12' Turnaround Fadeaway Shot,Missed Shot,Turnaround Fadeaway shot,1,2,71,0022400491
0022400491,95,PT02M28.00S,1,1610612745,HOU,1627832,VanVleet,F. VanVleet,0,0,0,,0,,,0,h,VanVleet REBOUND (Off:0 Def:2),Rebound,Unknown,1,0,72,0022400491
0022400491,96,PT02M21.00S,1,1610612747,LAL,203076,Davis,A. Davis,0,0,0,,0,,,0,v,Davis P.FOUL (P1.T1) (S.Wright),Foul,Personal,1,0,73,0022400491
0022400491,98,PT02M21.00S,1,0,,1610612747,,,0,0,0,,0,,,0,v,Lakers Timeout: Regular (Reg.1 Short 0),Timeout,Regular,0,0,74,0022400491
0022400491,99,PT02M21.00S,1,1610612745,HOU,1627832,VanVleet,F. VanVleet,0,0,0,,0,,,0,h,SUB: Whitmore FOR VanVleet,Substitution,,0,0,75,0022400491
0022400491,100,PT02M21.00S,1,1610612745,HOU,1628415,Brooks,D. Brooks,0,0,0,,0,,,0,h,SUB: Thompson FOR Brooks,Substitution,,0,0,76,0022400491
0022400491,101,PT02M21.00S,1,1610612747,LAL,1630559,Reaves,A. Reaves,0,0,0,,0,,,0,v,SUB: L. James FOR Reaves,Substitution,,0,0,77,0022400491
0022400491,105,PT02M17.00S,1,1610612747,LAL,1629629,Reddish,C. Reddish,0,0,0,,0,,,0,v,Reddish P.FOUL (P1.T2) (J.Schroeder),Foul,Personal,1,0,78,0022400491
0022400491,107,PT02M12.00S,1,1610612745,HOU,1630224,Green,J. Green,12,15,2,Made,1,27,20,47,h,Ja. Green 2' Driving Finger Roll Layup (14 PTS),Made Shot,Driving Finger Roll Layup Shot,1,2,79,0022400491
0022400491,108,PT02M12.00S,1,1610612747,LAL,2544,James,L. James,0,0,0,,0,,,0,v,L. James S.FOUL (P1.T3) (R.Acosta),Foul,Shooting,1,0,80,0022400491
0022400491,110,PT02M12.00S,1,1610612745,HOU,1630224,Green,J. Green,0,0,0,,0,28,20,48,h,Ja. Green Free Throw 1 of 1 (15 PTS),Free Throw,Free Throw 1 of 1,1,0,81,0022400491
0022400491,111,PT01M54.00S,1,1610612747,LAL,1627827,Finney-Smith,D. Finney-Smith,5,243,24,Missed,1,,,0,v,MISS Finney-Smith 24' 3PT Jump Shot,Missed Shot,Jump Shot,1,3,82,0022400491
0022400491,112,PT01M53.00S,1,1610612745,HOU,1641715,Whitmore,C. Whitmore,0,0,0,,0,,,0,h,Whitmore REBOUND (Off:0 Def:1),Rebound,Unknown,1,0,83,0022400491
0022400491,113,PT01M41.00S,1,1610612745,HOU,203500,Adams,S. Adams,-9,0,1,Made,1,30,20,50,h,Adams 1' Driving Finger Roll Layup (2 PTS),Made Shot,Driving Finger Roll Layup Shot,1,2,84,0022400491
0022400491,114,PT01M25.00S,1,1610612747,LAL,1627827,Finney-Smith,D. Finney-Smith,13,4,1,Made,1,30,22,52,v,Finney-Smith 1' Driving Reverse Layup (4 PTS) (L. James 2 AST),Made Shot,Driving Reverse Layup Shot,1,2,85,0022400491
0022400491,116,PT01M14.00S,1,1610612745,HOU,1641708,Thompson,A. Thompson,-38,127,13,Missed,1,,,0,h,MISS Thompson 13' Step Back Jump Shot,Missed Shot,Step Back Jump shot,1,2,86,0022400491
0022400491,116,PT01M14.00S,1,1610612747,LAL,203076,Davis,A. Davis,0,0,0,,0,,,0,v,Davis BLOCK (2 BLK),,,1,2,87,0022400491
0022400491,118,PT01M13.00S,1,1610612747,LAL,203076,Davis,A. Davis,0,0,0,,0,,,0,v,Davis REBOUND (Off:0 Def:2),Rebound,Unknown,1,0,88,0022400491
0022400491,119,PT01M02.00S,1,1610612747,LAL,2544,James,L. James,-93,10,9,Missed,1,,,0,v,MISS L. James 9' Turnaround Fadeaway Shot,Missed Shot,Turnaround Fadeaway shot,1,2,89,0022400491
0022400491,120,PT01M00.00S,1,1610612745,HOU,1641708,Thompson,A. Thompson,0,0,0,,0,,,0,h,Thompson REBOUND (Off:2 Def:2),Rebound,Unknown,1,0,90,0022400491
0022400491,121,PT00M55.30S,1,1610612745,HOU,1641708,Thompson,A. Thompson,22,31,4,Missed,1,,,0,h,MISS Thompson 4' Running Layup,Missed Shot,Running Layup Shot,1,2,91,0022400491
0022400491,121,PT00M55.30S,1,1610612747,LAL,203076,Davis,A. Davis,0,0,0,,0,,,0,v,Davis BLOCK (3 BLK),,,1,2,92,0022400491
0022400491,123,PT00M55.30S,1,1610612745,HOU,203500,Adams,S. Adams,0,0,0,,0,,,0,h,Adams REBOUND (Off:1 Def:0),Rebound,Unknown,1,0,93,0022400491
0022400491,124,PT00M37.90S,1,1610612745,HOU,1630224,Green,J. Green,-28,294,30,Made,1,33,22,55,h,Ja. Green 30' 3PT Pullup Jump Shot (18 PTS),Made Shot,Pullup Jump shot,1,3,94,0022400491
0022400491,125,PT00M34.60S,1,1610612745,HOU,1630256,Tate,J. Tate,0,0,0,,0,,,0,h,Tate P.FOUL (P1.T4) (J.Schroeder),Foul,Personal,1,0,95,0022400491
0022400491,127,PT00M23.50S,1,1610612747,LAL,203076,Davis,A. Davis,-232,26,0,Missed,1,,,0,v,MISS Davis 3PT Jump Shot,Missed Shot,Jump Shot,1,3,96,0022400491
0022400491,128,PT00M22.20S,1,1610612747,LAL,1627827,Finney-Smith,D. Finney-Smith,0,0,0,,0,,,0,v,Finney-Smith REBOUND (Off:1 Def:0),Rebound,Unknown,1,0,97,0022400491
0022400491,129,PT00M17.30S,1,1610612747,LAL,1629003,Milton,S. Milton,0,0,0,,0,,,0,v,Milton Step Out of Bounds Turnover (P2.T4),Turnover,Step Out of Bounds Turnover,1,0,98,0022400491
0022400491,130,PT00M01.00S,1,1610612745,HOU,1630256,Tate,J. Tate,227,69,24,Made,1,36,22,58,h,Tate 24' 3PT Jump Shot (3 PTS) (Thompson 1 AST),Made Shot,Jump Shot,1,3,99,0022400491
0022400491,132,PT00M00.00S,1,0,,130,,,0,0,0,,0,36,22,58,,Instant Replay1st Period (7:36 PM EST),Instant Replay,Support Ruling,0,0,100,0022400491
0022400491,133,PT00M00.00S,1,0,,0,,,0,0,0,,0,36,22,58,,End of 1st Period (7:36 PM EST),period,end,1,0,101,0022400491
0022400491,144,PT12M00.00S,2,0,,0,,,0,0,0,,0,36,22,58,,Start of 2nd Period (7:39 PM EST),period,start,0,0,102,0022400491
0022400491,145,PT11M52.00S,2,1610612747,LAL,1630559,Reaves,A. Reaves,0,0,0,,0,,,0,v,Reaves S.FOUL (P1.T1) (J.Schroeder),Foul,Shooting,1,0,103,0022400491
0022400491,147,PT11M52.00S,2,1610612745,HOU,1641708,Thompson,A. Thompson,0,0,0,,0,,,0,h,MISS Thompson Free Throw 1 of 2,Free Throw,Free Throw 1 of 2,1,0,104,0022400491
0022400491,148,PT11M52.00S,2,0,,1610612745,,,0,0,0,,0,,,0,h,ROCKETS Rebound,Rebound,Normal Rebound,0,0,105,0022400491
0022400491,149,PT11M52.00S,2,1610612745,HOU,1641708,Thompson,A. Thompson,0,0,0,,0,37,22,59,h,Thompson Free Throw 2 of 2 (9 PTS),Free Throw,Free Throw 2 of 2,1,0,106,0022400491
0022400491,150,PT11M37.00S,2,1610612747,LAL,1630559,Reaves,A. Reaves,58,27,6,Missed,1,,,0,v,MISS Reaves 6' Driving Floating Jump Shot,Missed Shot,Driving Floating Jump Shot,1,2,107,0022400491
0022400491,150,PT11M37.00S,2,1610612745,HOU,1641715,Whitmore,C. Whitmore,0,0,0,,0,,,0,h,Whitmore BLOCK (1 BLK),,,1,2,108,0022400491
0022400491,152,PT11M37.00S,2,0,,1610612747,,,0,0,0,,0,,,0,v,Lakers Rebound,Rebound,Unknown,0,0,109,0022400491
0022400491,154,PT11M30.00S,2,1610612747,LAL,2544,James,L. James,-34,82,9,Missed,1,,,0,v,MISS L. James 9' Turnaround Fadeaway Shot,Missed Shot,Turnaround Fadeaway shot,1,2,110,0022400491
0022400491,155,PT11M29.00S,2,1610612745,HOU,203500,Adams,S. Adams,0,0,0,,0,,,0,h,Adams REBOUND (Off:1 Def:1),Rebound,Unknown,1,0,111,0022400491
0022400491,156,PT11M23.00S,2,1610612747,LAL,1629637,Hayes,J. Hayes,0,0,0,,0,,,0,v,Hayes S.FOUL (P1.T2) (R.Acosta),Foul,Shooting,1,0,112,0022400491
0022400491,158,PT11M23.00S,2,1610612745,HOU,1641708,Thompson,A. Thompson,0,0,0,,0,,,0,h,MISS Thompson Free Throw 1 of 2,Free Throw,Free Throw 1 of 2,1,0,113,0022400491
0022400491,159,PT11M23.00S,2,0,,1610612745,,,0,0,0,,0,,,0,h,ROCKETS Rebound,Rebound,Normal Rebound,0,0,114,0022400491
0022400491,160,PT11M23.00S,2,1610612745,HOU,1641708,Thompson,A. Thompson,0,0,0,,0,,,0,h,MISS Thompson Free Throw 2 of 2,Free Throw,Free Throw 2 of 2,1,0,115,0022400491
0022400491,161,PT11M23.00S,2,1610612745,HOU,1641708,Thompson,A. Thompson,0,0,0,,0,,,0,h,Thompson REBOUND (Off:3 Def:2),Rebound,Unknown,1,0,116,0022400491
0022400491,162,PT11M20.00S,2,1610612745,HOU,1641708,Thompson,A. Thompson,-13,17,2,Made,1,39,22,61,h,Thompson 2' Putback Layup (11 PTS),Made Shot,Putback Layup Shot,1,2,117,0022400491
0022400491,163,PT11M01.00S,2,1610612747,LAL,1630559,Reaves,A. Reaves,116,227,25,Missed,1,,,0,v,MISS Reaves 25' 3PT Pullup Jump Shot,Missed Shot,Pullup Jump shot,1,3,118,0022400491
0022400491,164,PT10M59.00S,2,1610612747,LAL,1629637,Hayes,J. Hayes,0,0,0,,0,,,0,v,Hayes REBOUND (Off:1 Def:0),Rebound,Unknown,1,0,119,0022400491
0022400491,165,PT10M56.00S,2,1610612747,LAL,2544,James,L. James,-199,180,27,Missed,1,,,0,v,MISS L. James 27' 3PT Jump Shot,Missed Shot,Jump Shot,1,3,120,0022400491
0022400491,166,PT10M54.00S,2,1610612745,HOU,1641715,Whitmore,C. Whitmore,0,0,0,,0,,,0,h,Whitmore REBOUND (Off:0 Def:2),Rebound,Unknown,1,0,121,0022400491
0022400491,167,PT10M45.00S,2,1610612745,HOU,1628988,Holiday,A. Holiday,-56,15,6,Missed,1,,,0,h,MISS Holiday 6' Turnaround Fadeaway Shot,Missed Shot,Turnaround Fadeaway shot,1,2,122,0022400491
0022400491,168,PT10M44.00S,2,1610612745,HOU,1641708,Thompson,A. Thompson,0,0,0,,0,,,0,h,Thompson REBOUND (Off:4 Def:2),Rebound,Unknown,1,0,123,0022400491
0022400491,169,PT10M40.00S,2,1610612745,HOU,1641708,Thompson,A. Thompson,0,0,0,,0,,,0,h,Thompson Bad Pass Turnover (P2.T3),Turnover,Bad Pass,1,0,124,0022400491
0022400491,169,PT10M40.00S,2,1610612747,LAL,1627827,Finney-Smith,D. Finney-Smith,0,0,0,,0,,,0,v,Finney-Smith STEAL (1 STL),,,1,0,125,0022400491
0022400491,171,PT10M39.00S,2,1610612747,LAL,1627827,Finney-Smith,D. Finney-Smith,0,0,0,,0,,,0,v,SUB: Christie FOR Finney-Smith,Substitution,,0,0,126,0022400491
0022400491,173,PT10M33.00S,2,1610612747,LAL,1642261,Knecht,D. Knecht,5,121,12,Missed,1,,,0,v,MISS Knecht 12' Pullup Jump Shot,Missed Shot,Pullup Jump shot,1,2,127,0022400491
0022400491,174,PT10M32.00S,2,1610612745,HOU,203500,Adams,S. Adams,0,0,0,,0,,,0,h,Adams REBOUND (Off:1 Def:2),Rebound,Unknown,1,0,128,0022400491
0022400491,175,PT10M16.00S,2,1610612745,HOU,1641715,Whitmore,C. Whitmore,146,235,28,Missed,1,,,0,h,MISS Whitmore 28' 3PT Step Back Jump Shot,Missed Shot,Step Back Jump shot,1,3,129,0022400491
0022400491,176,PT10M15.00S,2,0,,1610612745,,,0,0,0,,0,,,0,h,ROCKETS Rebound,Rebound,Unknown,0,0,130,0022400491
0022400491,177,PT10M15.00S,2,1610612747,LAL,1629637,Hayes,J. Hayes,0,0,0,,0,,,0,v,Hayes L.B.FOUL (P2.T3) (S.Wright),Foul,Loose Ball,1,0,131,0022400491
0022400491,179,PT10M04.00S,2,1610612745,HOU,1627832,VanVleet,F. VanVleet,154,202,25,Missed,1,,,0,h,MISS VanVleet 25' 3PT Pullup Jump Shot,Missed Shot,Pullup Jump shot,1,3,132,0022400491
0022400491,180,PT10M04.00S,2,1610612745,HOU,203500,Adams,S. Adams,0,0,0,,0,,,0,h,Adams REBOUND (Off:2 Def:2),Rebound,Unknown,1,0,133,0022400491
0022400491,181,PT10M03.00S,2,1610612745,HOU,203500,Adams,S. Adams,0,0,0,Made,1,41,22,63,h,Adams Tip Dunk Shot (4 PTS),Made Shot,Tip Dunk Shot,1,2,134,0022400491
0022400491,182,PT10M01.00S,2,0,,1610612747,,,0,0,0,,0,,,0,v,Lakers Timeout: Regular (Reg.2 Short 0),Timeout,Regular,0,0,135,0022400491
0022400491,183,PT09M41.00S,2,1610612747,LAL,2544,James,L. James,-75,35,8,Made,1,41,24,65,v,L. James 8' Pullup Jump Shot (4 PTS) (Hayes 1 AST),Made Shot,Pullup Jump shot,1,2,136,0022400491
0022400491,185,PT09M21.00S,2,1610612745,HOU,1628988,Holiday,A. Holiday,-141,158,21,Made,1,43,24,67,h,Holiday 21' Pullup Jump Shot (2 PTS),Made Shot,Pullup Jump shot,1,2,137,0022400491
0022400491,186,PT09M09.00S,2,1610612747,LAL,1630559,Reaves,A. Reaves,53,74,9,Made,1,43,26,69,v,Reaves 9' Pullup Jump Shot (7 PTS),Made Shot,Pullup Jump shot,1,2,138,0022400491
0022400491,187,PT08M46.00S,2,1610612745,HOU,1628988,Holiday,A. Holiday,114,2,11,Made,1,45,26,71,h,Holiday 11' Step Back Jump Shot (4 PTS),Made Shot,Step Back Jump shot,1,2,139,0022400491
0022400491,188,PT08M38.00S,2,1610612745,HOU,1641715,Whitmore,C. Whitmore,0,0,0,,0,,,0,h,Whitmore S.FOUL (P1.T1) (S.Wright),Foul,Shooting,1,0,140,0022400491
0022400491,190,PT08M38.00S,2,1610612747,LAL,1629637,Hayes,J. Hayes,0,0,0,,0,45,27,72,v,Hayes Free Throw 1 of 2 (1 PTS),Free Throw,Free Throw 1 of 2,1,0,141,0022400491
0022400491,191,PT08M38.00S,2,1610612745,HOU,203500,Adams,S. Adams,0,0,0,,0,,,0,h,SUB: Sengun FOR Adams,Substitution,,0,0,142,0022400491
0022400491,193,PT08M38.00S,2,1610612747,LAL,1629637,Hayes,J. Hayes,0,0,0,,0,45,28,73,v,Hayes Free Throw 2 of 2 (2 PTS),Free Throw,Free Throw 2 of 2,1,0,143,0022400491
0022400491,194,PT08M28.00S,2,1610612745,HOU,1627832,VanVleet,F. VanVleet,78,265,28,Made,1,48,28,76,h,VanVleet 28' 3PT Pullup Jump Shot (6 PTS),Made Shot,Pullup Jump shot,1,3,144,0022400491
0022400491,195,PT08M05.00S,2,1610612747,LAL,1631108,Christie,M. Christie,7,-5,1,Made,1,48,30,78,v,Christie 1' Driving Layup (2 PTS) (L. James 3 AST),Made Shot,Driving Layup Shot,1,2,145,0022400491
0022400491,197,PT07M44.00S,2,1610612745,HOU,1641715,Whitmore,C. Whitmore,233,4,0,Missed,1,,,0,h,MISS Whitmore 3PT Jump Shot,Missed Shot,Jump Shot,1,3,146,0022400491
0022400491,198,PT07M43.00S,2,1610612747,LAL,1629637,Hayes,J. Hayes,0,0,0,,0,,,0,v,Hayes REBOUND (Off:1 Def:1),Rebound,Unknown,1,0,147,0022400491
0022400491,199,PT07M37.00S,2,1610612747,LAL,1631108,Christie,M. Christie,5,15,2,Made,1,48,32,80,v,Christie 2' Cutting Dunk Shot (4 PTS) (L. James 4 AST),Made Shot,Cutting Dunk Shot,1,2,148,0022400491
0022400491,201,PT07M37.00S,2,0,,1610612745,,,0,0,0,,0,,,0,h,ROCKETS Timeout: Regular (Full 2 Short 0),Timeout,Regular,0,0,149,0022400491
0022400491,203,PT07M37.00S,2,1610612745,HOU,1627832,VanVleet,F. VanVleet,0,0,0,,0,,,0,h,SUB: Ja. Green FOR VanVleet,Substitution,,0,0,150,0022400491
0022400491,204,PT07M37.00S,2,1610612745,HOU,1641715,Whitmore,C. Whitmore,0,0,0,,0,,,0,h,SUB: Brooks FOR Whitmore,Substitution,,0,0,151,0022400491
0022400491,205,PT07M37.00S,2,1610612747,LAL,1629637,Hayes,J. Hayes,0,0,0,,0,,,0,v,SUB: Hachimura FOR Hayes,Substitution,,0,0,152,0022400491
0022400491,209,PT07M16.00S,2,1610612745,HOU,1628415,Brooks,D. Brooks,-194,195,28,Missed,1,,,0,h,MISS Brooks 28' 3PT Jump Shot,Missed Shot,Jump Shot,1,3,153,0022400491
0022400491,210,PT07M15.00S,2,1610612745,HOU,1630224,Green,J. Green,0,0,0,,0,,,0,h,Ja. Green REBOUND (Off:1 Def:2),Rebound,Unknown,1,0,154,0022400491
0022400491,211,PT07M07.00S,2,1610612745,HOU,1628988,Holiday,A. Holiday,96,260,28,Missed,1,,,0,h,MISS Holiday 28' 3PT Jump Shot,Missed Shot,Jump Shot,1,3,155,0022400491
0022400491,212,PT07M05.00S,2,1610612747,LAL,2544,James,L. James,0,0,0,,0,,,0,v,L. James REBOUND (Off:0 Def:5),Rebound,Unknown,1,0,156,0022400491
0022400491,213,PT06M58.00S,2,1610612747,LAL,1642261,Knecht,D. Knecht,-199,167,26,Missed,1,,,0,v,MISS Knecht 26' 3PT Running Jump Shot,Missed Shot,Running Jump Shot,1,3,157,0022400491
0022400491,214,PT06M57.00S,2,1610612747,LAL,2544,James,L. James,0,0,0,,0,,,0,v,L. James REBOUND (Off:1 Def:5),Rebound,Unknown,1,0,158,0022400491
0022400491,215,PT06M56.00S,2,1610612745,HOU,1630224,Green,J. Green,0,0,0,,0,,,0,h,Ja. Green P.FOUL (P3.T2) (J.Schroeder),Foul,Personal,1,0,159,0022400491
0022400491,217,PT06M50.00S,2,1610612747,LAL,1629060,Hachimura,R. Hachimura,-183,169,25,Missed,1,,,0,v,MISS Hachimura 25' 3PT Jump Shot,Missed Shot,Jump Shot,1,3,160,0022400491
0022400491,218,PT06M48.00S,2,1610612745,HOU,1641708,Thompson,A. Thompson,0,0,0,,0,,,0,h,Thompson REBOUND (Off:4 Def:3),Rebound,Unknown,1,0,161,0022400491
0022400491,219,PT06M41.00S,2,1610612745,HOU,1641708,Thompson,A. Thompson,27,12,3,Made,1,50,32,82,h,Thompson 3' Running Finger Roll Layup (13 PTS),Made Shot,Running Finger Roll Layup Shot,1,2,162,0022400491
0022400491,220,PT06M34.00S,2,1610612747,LAL,1629060,Hachimura,R. Hachimura,0,0,0,,0,,,0,v,Hachimura Step Out of Bounds Turnover (P1.T5),Turnover,Step Out of Bounds Turnover,1,0,163,0022400491
0022400491,221,PT06M34.00S,2,1610612745,HOU,1628988,Holiday,A. Holiday,0,0,0,,0,,,0,h,SUB: Tate FOR Holiday,Substitution,,0,0,164,0022400491
0022400491,222,PT06M34.00S,2,1610612747,LAL,2544,James,L. James,0,0,0,,0,,,0,v,SUB: Davis FOR L. James,Substitution,,0,0,165,0022400491
0022400491,225,PT06M22.00S,2,1610612745,HOU,1641708,Thompson,A. Thompson,-25,38,5,Made,1,52,32,84,h,Thompson 5' Driving Layup (15 PTS),Made Shot,Driving Layup Shot,1,2,166,0022400491
0022400491,226,PT06M06.00S,2,1610612745,HOU,1630256,Tate,J. Tate,0,0,0,,0,,,0,h,Tate S.FOUL (P2.T3) (S.Wright),Foul,Shooting,1,0,167,0022400491
0022400491,228,PT06M06.00S,2,1610612747,LAL,1629060,Hachimura,R. Hachimura,0,0,0,,0,,,0,v,MISS Hachimura Free Throw 1 of 2,Free Throw,Free Throw 1 of 2,1,0,168,0022400491
0022400491,229,PT06M06.00S,2,0,,1610612747,,,0,0,0,,0,,,0,v,Lakers Rebound,Rebound,Normal Rebound,0,0,169,0022400491
0022400491,230,PT06M06.00S,2,1610612745,HOU,1630224,Green,J. Green,0,0,0,,0,,,0,h,SUB: VanVleet FOR Ja. Green,Substitution,,0,0,170,0022400491
0022400491,232,PT06M06.00S,2,1610612747,LAL,1629060,Hachimura,R. Hachimura,0,0,0,,0,,,0,v,MISS Hachimura Free Throw 2 of 2,Free Throw,Free Throw 2 of 2,1,0,171,0022400491
0022400491,233,PT06M06.00S,2,1610612745,HOU,1641708,Thompson,A. Thompson,0,0,0,,0,,,0,h,Thompson REBOUND (Off:4 Def:4),Rebound,Unknown,1,0,172,0022400491
0022400491,234,PT05M50.00S,2,1610612745,HOU,1628415,Brooks,D. Brooks,-228,130,26,Missed,1,,,0,h,MISS Brooks 26' 3PT Jump Shot,Missed Shot,Jump Shot,1,3,173,0022400491
0022400491,235,PT05M49.00S,2,1610612745,HOU,1630256,Tate,J. Tate,0,0,0,,0,,,0,h,Tate REBOUND (Off:1 Def:0),Rebound,Unknown,1,0,174,0022400491
0022400491,236,PT05M44.00S,2,1610612745,HOU,1630578,Sengun,A. Sengun,0,0,0,,0,,,0,h,Sengun Out of Bounds - Bad Pass Turnover Turnover (P2.T4),Turnover,Out of Bounds - Bad Pass Turnover,1,0,175,0022400491
0022400491,237,PT05M44.00S,2,1610612745,HOU,1641708,Thompson,A. Thompson,0,0,0,,0,,,0,h,SUB: Ja. Green FOR Thompson,Substitution,,0,0,176,0022400491
0022400491,239,PT05M36.00S,2,1610612747,LAL,1630559,Reaves,A. Reaves,156,198,25,Missed,1,,,0,v,MISS Reaves 25' 3PT Pullup Jump Shot,Missed Shot,Pullup Jump shot,1,3,177,0022400491
0022400491,240,PT05M34.00S,2,1610612745,HOU,1630578,Sengun,A. Sengun,0,0,0,,0,,,0,h,Sengun REBOUND (Off:0 Def:3),Rebound,Unknown,1,0,178,0022400491
0022400491,241,PT05M20.00S,2,1610612745,HOU,1630578,Sengun,A. Sengun,-27,163,17,Made,1,54,32,86,h,Sengun 17' Jump Shot (4 PTS) (Ja. Green 1 AST),Made Shot,Jump Shot,1,2,179,0022400491
0022400491,244,PT04M55.00S,2,1610612747,LAL,1631108,Christie,M. Christie,32,287,29,Made,1,54,35,89,v,Christie 29' 3PT Jump Shot (7 PTS) (Reaves 2 AST),Made Shot,Jump Shot,1,3,180,0022400491
0022400491,246,PT04M34.00S,2,1610612745,HOU,1630224,Green,J. Green,142,220,26,Missed,1,,,0,h,MISS Ja. Green 26' 3PT Step Back Jump Shot,Missed Shot,Step Back Jump shot,1,3,181,0022400491
0022400491,247,PT04M31.00S,2,1610612747,LAL,203076,Davis,A. Davis,0,0,0,,0,,,0,v,Davis REBOUND (Off:0 Def:3),Rebound,Unknown,1,0,182,0022400491
0022400491,248,PT04M16.00S,2,1610612747,LAL,1630559,Reaves,A. Reaves,-12,74,7,Made,1,54,37,91,v,Reaves 7' Floating Jump Shot (9 PTS),Made Shot,Floating Jump shot,1,2,183,0022400491
0022400491,249,PT04M16.00S,2,1610612745,HOU,1630256,Tate,J. Tate,0,0,0,,0,,,0,h,Tate S.FOUL (P3.T4) (S.Wright),Foul,Shooting,1,0,184,0022400491
0022400491,251,PT04M16.00S,2,1610612747,LAL,1630559,Reaves,A. Reaves,0,0,0,,0,54,38,92,v,Reaves Free Throw 1 of 1 (10 PTS),Free Throw,Free Throw 1 of 1,1,0,185,0022400491
0022400491,252,PT03M55.00S,2,1610612745,HOU,1627832,VanVleet,F. VanVleet,228,21,0,Missed,1,,,0,h,MISS VanVleet 3PT Jump Shot,Missed Shot,Jump Shot,1,3,186,0022400491
0022400491,253,PT03M54.00S,2,1610612745,HOU,1628415,Brooks,D. Brooks,0,0,0,,0,,,0,h,Brooks REBOUND (Off:1 Def:1),Rebound,Unknown,1,0,187,0022400491
0022400491,254,PT03M51.00S,2,1610612745,HOU,1630578,Sengun,A. Sengun,4,63,6,Missed,1,,,0,h,MISS Sengun 6' Hook Shot,Missed Shot,Hook Shot,1,2,188,0022400491
0022400491,255,PT03M50.00S,2,1610612747,LAL,203076,Davis,A. Davis,0,0,0,,0,,,0,v,Davis REBOUND (Off:0 Def:4),Rebound,Unknown,1,0,189,0022400491
0022400491,256,PT03M34.00S,2,1610612747,LAL,203076,Davis,A. Davis,-67,63,9,Made,1,54,40,94,v,Davis 9' Driving Floating Bank Jump Shot (4 PTS) (Reaves 3 AST),Made Shot,Driving Floating Bank Jump Shot,1,2,190,0022400491
0022400491,258,PT03M20.00S,2,1610612745,HOU,1630578,Sengun,A. Sengun,-48,131,14,Made,1,56,40,96,h,Sengun 14' Jump Shot (6 PTS) (Ja. Green 2 AST),Made Shot,Jump Shot,1,2,191,0022400491
0022400491,260,PT03M04.00S,2,1610612747,LAL,203076,Davis,A. Davis,0,88,9,Made,1,56,42,98,v,Davis 9' Turnaround Fadeaway (6 PTS) (Reaves 4 AST),Made Shot,Turnaround Fadeaway shot,1,2,192,0022400491
0022400491,262,PT02M44.00S,2,1610612745,HOU,1630224,Green,J. Green,56,118,13,Missed,1,,,0,h,MISS Ja. Green 13' Turnaround Fadeaway Shot,Missed Shot,Turnaround Fadeaway shot,1,2,193,0022400491
0022400491,263,PT02M43.00S,2,1610612745,HOU,1630578,Sengun,A. Sengun,0,0,0,,0,,,0,h,Sengun REBOUND (Off:1 Def:3),Rebound,Unknown,1,0,194,0022400491
0022400491,264,PT02M42.00S,2,1610612747,LAL,1629060,Hachimura,R. Hachimura,0,0,0,,0,,,0,v,Hachimura S.FOUL (P1.T4) (S.Wright),Foul,Shooting,1,0,195,0022400491
0022400491,266,PT02M42.00S,2,0,,1610612745,,,0,0,0,,0,,,0,h,ROCKETS Violation: Delay of game Violation,Violation,Delay Of Game,0,0,196,0022400491
0022400491,267,PT02M42.00S,2,1610612745,HOU,1630578,Sengun,A. Sengun,0,0,0,,0,,,0,h,MISS Sengun Free Throw 1 of 2,Free Throw,Free Throw 1 of 2,1,0,197,0022400491
0022400491,268,PT02M42.00S,2,0,,1610612745,,,0,0,0,,0,,,0,h,ROCKETS Rebound,Rebound,Normal Rebound,0,0,198,0022400491
0022400491,269,PT02M42.00S,2,1610612745,HOU,1630224,Green,J. Green,0,0,0,,0,,,0,h,SUB: Thompson FOR Ja. Green,Substitution,,0,0,199,0022400491
0022400491,270,PT02M42.00S,2,1610612747,LAL,1642261,Knecht,D. Knecht,0,0,0,,0,,,0,v,SUB: L. James FOR Knecht,Substitution,,0,0,200,0022400491
0022400491,273,PT02M42.00S,2,1610612745,HOU,1630578,Sengun,A. Sengun,0,0,0,,0,57,42,99,h,Sengun Free Throw 2 of 2 (7 PTS),Free Throw,Free Throw 2 of 2,1,0,201,0022400491
0022400491,274,PT02M24.00S,2,1610612747,LAL,203076,Davis,A. Davis,0,61,6,Made,1,57,44,101,v,Davis 6' Turnaround Hook Shot (8 PTS) (Reaves 5 AST),Made Shot,Turnaround Hook Shot,1,2,202,0022400491
0022400491,276,PT02M08.00S,2,1610612745,HOU,1630256,Tate,J. Tate,-130,227,26,Missed,1,,,0,h,MISS Tate 26' 3PT Jump Shot,Missed Shot,Jump Shot,1,3,203,0022400491
0022400491,277,PT02M07.00S,2,1610612745,HOU,1630578,Sengun,A. Sengun,0,0,0,,0,,,0,h,Sengun REBOUND (Off:2 Def:3),Rebound,Unknown,1,0,204,0022400491
0022400491,278,PT02M02.00S,2,1610612745,HOU,1628415,Brooks,D. Brooks,-150,128,20,Made,1,59,44,103,h,Brooks 20' Step Back Jump Shot (2 PTS),Made Shot,Step Back Jump shot,1,2,205,0022400491
0022400491,280,PT01M44.00S,2,1610612747,LAL,1629060,Hachimura,R. Hachimura,-23,6,2,Made,1,59,46,105,v,Hachimura 2' Cutting Layup Shot (10 PTS) (Reaves 6 AST),Made Shot,Cutting Layup Shot,1,2,206,0022400491
0022400491,282,PT01M24.00S,2,1610612745,HOU,1630578,Sengun,A. Sengun,56,112,13,Made,1,61,46,107,h,Sengun 13' Turnaround Fadeaway (9 PTS),Made Shot,Turnaround Fadeaway shot,1,2,207,0022400491
0022400491,283,PT01M10.00S,2,1610612745,HOU,1641708,Thompson,A. Thompson,0,0,0,,0,,,0,h,Thompson P.FOUL (P1.PN) (R.Acosta),Foul,Personal,1,0,208,0022400491
0022400491,285,PT01M10.00S,2,1610612747,LAL,2544,James,L. James,0,0,0,,0,,,0,v,MISS L. James Free Throw 1 of 2,Free Throw,Free Throw 1 of 2,1,0,209,0022400491
0022400491,286,PT01M10.00S,2,0,,1610612747,,,0,0,0,,0,,,0,v,Lakers Rebound,Rebound,Normal Rebound,0,0,210,0022400491
0022400491,287,PT01M10.00S,2,1610612747,LAL,2544,James,L. James,0,0,0,,0,61,47,108,v,L. James Free Throw 2 of 2 (5 PTS),Free Throw,Free Throw 2 of 2,1,0,211,0022400491
0022400491,288,PT00M55.10S,2,1610612745,HOU,1628415,Brooks,D. Brooks,230,62,24,Made,1,64,47,111,h,Brooks 24' 3PT Jump Shot (5 PTS) (Sengun 2 AST),Made Shot,Jump Shot,1,3,212,0022400491
0022400491,290,PT00M37.60S,2,1610612747,LAL,1629060,Hachimura,R. Hachimura,-233,26,0,Missed,1,,,0,v,MISS Hachimura 3PT Jump Shot,Missed Shot,Jump Shot,1,3,213,0022400491
0022400491,291,PT00M36.00S,2,1610612745,HOU,1641708,Thompson,A. Thompson,0,0,0,,0,,,0,h,Thompson REBOUND (Off:4 Def:5),Rebound,Unknown,1,0,214,0022400491
0022400491,292,PT00M26.40S,2,1610612745,HOU,1627832,VanVleet,F. VanVleet,102,249,27,Made,1,67,47,114,h,VanVleet 27' 3PT Jump Shot (9 PTS) (Sengun 3 AST),Made Shot,Jump Shot,1,3,215,0022400491
0022400491,294,PT00M01.90S,2,1610612745,HOU,1630256,Tate,J. Tate,0,0,0,,0,,,0,h,Tate P.FOUL (P4.PN) (J.Schroeder),Foul,Personal,1,0,216,0022400491
0022400491,296,PT00M01.90S,2,1610612747,LAL,1630559,Reaves,A. Reaves,0,0,0,,0,67,48,115,v,Reaves Free Throw 1 of 2 (11 PTS),Free Throw,Free Throw 1 of 2,1,0,217,0022400491
0022400491,297,PT00M01.90S,2,1610612745,HOU,1630256,Tate,J. Tate,0,0,0,,0,,,0,h,SUB: Adams FOR Tate,Substitution,,0,0,218,0022400491
0022400491,299,PT00M01.90S,2,1610612747,LAL,1630559,Reaves,A. Reaves,0,0,0,,0,67,49,116,v,Reaves Free Throw 2 of 2 (12 PTS),Free Throw,Free Throw 2 of 2,1,0,219,0022400491
0022400491,300,PT00M00.50S,2,1610612745,HOU,1627832,VanVleet,F. VanVleet,-9,545,55,Missed,1,,,0,h,MISS VanVleet 55' 3PT Jump Shot,Missed Shot,Jump Shot,1,3,220,0022400491
0022400491,301,PT00M00.10S,2,0,,1610612745,,,0,0,0,,0,,,0,h,ROCKETS Rebound,Rebound,Unknown,1,0,221,0022400491
0022400491,302,PT00M00.00S,2,0,,0,,,0,0,0,,0,67,49,116,,End of 2nd Period (8:07 PM EST),period,end,1,0,222,0022400491
0022400491,305,PT12M00.00S,3,0,,0,,,0,0,0,,0,67,49,116,,Start of 3rd Period (8:22 PM EST),period,start,0,0,223,0022400491
0022400491,306,PT11M49.00S,3,1610612745,HOU,1630224,Green,J. Green,7,24,3,Missed,1,,,0,h,MISS Ja. Green 3' Driving Dunk,Missed Shot,Driving Dunk Shot,1,2,224,0022400491
0022400491,307,PT11M48.00S,3,1610612747,LAL,1631108,Christie,M. Christie,0,0,0,,0,,,0,v,Christie REBOUND (Off:0 Def:1),Rebound,Unknown,1,0,225,0022400491
0022400491,308,PT11M41.00S,3,1610612747,LAL,1629060,Hachimura,R. Hachimura,-232,-5,0,Missed,1,,,0,v,MISS Hachimura 3PT Jump Shot,Missed Shot,Jump Shot,1,3,226,0022400491
0022400491,309,PT11M40.00S,3,1610612745,HOU,1641708,Thompson,A. Thompson,0,0,0,,0,,,0,h,Thompson REBOUND (Off:4 Def:6),Rebound,Unknown,1,0,227,0022400491
0022400491,310,PT11M35.00S,3,1610612745,HOU,1630224,Green,J. Green,-27,5,3,Made,1,69,49,118,h,Ja. Green 3' Running Finger Roll Layup (20 PTS),Made Shot,Running Finger Roll Layup Shot,1,2,228,0022400491
0022400491,311,PT11M23.00S,3,1610612747,LAL,1631108,Christie,M. Christie,206,143,25,Missed,1,,,0,v,MISS Christie 25' 3PT Jump Shot,Missed Shot,Jump Shot,1,3,229,0022400491
0022400491,312,PT11M21.00S,3,1610612747,LAL,1629060,Hachimura,R. Hachimura,0,0,0,,0,,,0,v,Hachimura REBOUND (Off:1 Def:0),Rebound,Unknown,1,0,230,0022400491
0022400491,314,PT11M18.00S,3,1610612745,HOU,1628415,Brooks,D. Brooks,0,0,0,,0,,,0,h,Brooks P.FOUL (P1.T1) (R.Acosta),Foul,Personal,1,0,231,0022400491
0022400491,316,PT11M10.00S,3,1610612745,HOU,1627832,VanVleet,F. VanVleet,0,0,0,,0,,,0,h,VanVleet S.FOUL (P1.T2) (S.Wright),Foul,Shooting,1,0,232,0022400491
0022400491,318,PT11M10.00S,3,1610612747,LAL,1631108,Christie,M. Christie,0,0,0,,0,69,50,119,v,Christie Free Throw 1 of 2 (8 PTS),Free Throw,Free Throw 1 of 2,1,0,233,0022400491
0022400491,319,PT11M10.00S,3,1610612747,LAL,1629060,Hachimura,R. Hachimura,0,0,0,,0,,,0,v,SUB: Finney-Smith FOR Hachimura,Substitution,,0,0,234,0022400491
0022400491,321,PT11M10.00S,3,1610612747,LAL,1631108,Christie,M. Christie,0,0,0,,0,69,51,120,v,Christie Free Throw 2 of 2 (9 PTS),Free Throw,Free Throw 2 of 2,1,0,235,0022400491
0022400491,322,PT10M57.00S,3,1610612745,HOU,1630224,Green,J. Green,86,164,19,Missed,1,,,0,h,MISS Ja. Green 19' Pullup Jump Shot,Missed Shot,Pullup Jump shot,1,2,236,0022400491
0022400491,323,PT10M56.00S,3,1610612747,LAL,1631108,Christie,M. Christie,0,0,0,,0,,,0,v,Christie REBOUND (Off:0 Def:2),Rebound,Unknown,1,0,237,0022400491
0022400491,324,PT10M40.00S,3,1610612747,LAL,1630559,Reaves,A. Reaves,-227,-8,0,Made,1,69,54,123,v,Reaves 3PT Jump Shot (15 PTS) (Christie 2 AST),Made Shot,Jump Shot,1,3,238,0022400491
0022400491,326,PT10M21.00S,3,1610612745,HOU,1630578,Sengun,A. Sengun,5,98,10,Made,1,71,54,125,h,Sengun 10' Turnaround Hook Shot (11 PTS) (Ja. Green 3 AST),Made Shot,Turnaround Hook Shot,1,2,239,0022400491
0022400491,328,PT10M01.00S,3,1610612747,LAL,1627827,Finney-Smith,D. Finney-Smith,189,184,26,Missed,1,,,0,v,MISS Finney-Smith 26' 3PT Jump Shot,Missed Shot,Jump Shot,1,3,240,0022400491
0022400491,329,PT10M00.00S,3,1610612745,HOU,1628415,Brooks,D. Brooks,0,0,0,,0,,,0,h,Brooks REBOUND (Off:1 Def:2),Rebound,Unknown,1,0,241,0022400491
0022400491,330,PT09M49.00S,3,1610612745,HOU,1630224,Green,J. Green,200,180,27,Missed,1,,,0,h,MISS Ja. Green 27' 3PT Jump Shot,Missed Shot,Jump Shot,1,3,242,0022400491
0022400491,331,PT09M48.00S,3,1610612747,LAL,203076,Davis,A. Davis,0,0,0,,0,,,0,v,Davis REBOUND (Off:0 Def:5),Rebound,Unknown,1,0,243,0022400491
0022400491,332,PT09M39.00S,3,1610612747,LAL,2544,James,L. James,-194,162,25,Made,1,71,57,128,v,L. James 25' 3PT Pullup Jump Shot (8 PTS),Made Shot,Pullup Jump shot,1,3,244,0022400491
0022400491,333,PT09M37.00S,3,0,,1610612745,,,0,0,0,,0,,,0,h,ROCKETS Timeout: Regular (Full 3 Short 0),Timeout,Regular,0,0,245,0022400491
0022400491,334,PT09M21.00S,3,1610612745,HOU,1627832,VanVleet,F. VanVleet,-169,189,25,Missed,1,,,0,h,MISS VanVleet 25' 3PT Pullup Jump Shot,Missed Shot,Pullup Jump shot,1,3,246,0022400491
0022400491,335,PT09M19.00S,3,1610612747,LAL,2544,James,L. James,0,0,0,,0,,,0,v,L. James REBOUND (Off:1 Def:6),Rebound,Unknown,1,0,247,0022400491
0022400491,336,PT09M12.00S,3,1610612747,LAL,1630559,Reaves,A. Reaves,-185,173,25,Made,1,71,60,131,v,Reaves 25' 3PT Pullup Jump Shot (18 PTS) (L. James 5 AST),Made Shot,Pullup Jump shot,1,3,248,0022400491
0022400491,338,PT08M55.00S,3,1610612745,HOU,1630224,Green,J. Green,-123,142,19,Made,1,73,60,133,h,Ja. Green 19' Step Back Jump Shot (22 PTS),Made Shot,Step Back Jump shot,1,2,249,0022400491
0022400491,339,PT08M33.00S,3,1610612747,LAL,203076,Davis,A. Davis,0,0,0,,0,,,0,v,Davis Lost Ball Turnover (P3.T6),Turnover,Lost Ball,1,0,250,0022400491
0022400491,339,PT08M33.00S,3,1610612745,HOU,1641708,Thompson,A. Thompson,0,0,0,,0,,,0,h,Thompson STEAL (1 STL),,,1,0,251,0022400491
0022400491,341,PT08M33.00S,3,1610612747,LAL,203076,Davis,A. Davis,0,0,0,,0,,,0,v,Davis L.B.FOUL (P2.T1) (R.Acosta),Foul,Loose Ball,1,0,252,0022400491
0022400491,343,PT08M12.00S,3,1610612745,HOU,1641708,Thompson,A. Thompson,0,0,0,,0,,,0,h,Thompson Lost Ball Turnover (P3.T5),Turnover,Lost Ball,1,0,253,0022400491
0022400491,343,PT08M12.00S,3,1610612747,LAL,1627827,Finney-Smith,D. Finney-Smith,0,0,0,,0,,,0,v,Finney-Smith STEAL (2 STL),,,1,0,254,0022400491
0022400491,345,PT08M06.00S,3,1610612747,LAL,2544,James,L. James,87,34,9,Made,1,73,62,135,v,L. James 9' Running Layup (10 PTS) (Finney-Smith 1 AST),Made Shot,Running Layup Shot,1,2,255,0022400491
0022400491,347,PT07M54.00S,3,1610612747,LAL,2544,James,L. James,0,0,0,,0,,,0,v,L. James P.FOUL (P2.T2) (S.Wright),Foul,Personal,1,0,256,0022400491
0022400491,349,PT07M47.00S,3,1610612745,HOU,1641708,Thompson,A. Thompson,229,26,0,Missed,1,,,0,h,MISS Thompson 3PT Jump Shot,Missed Shot,Jump Shot,1,3,257,0022400491
0022400491,350,PT07M46.00S,3,1610612747,LAL,2544,James,L. James,0,0,0,,0,,,0,v,L. James REBOUND (Off:1 Def:7),Rebound,Unknown,1,0,258,0022400491
0022400491,351,PT07M31.00S,3,1610612747,LAL,2544,James,L. James,-138,275,31,Made,1,73,65,138,v,L. James 31' 3PT Pullup Jump Shot (13 PTS),Made Shot,Pullup Jump shot,1,3,259,0022400491
0022400491,352,PT07M06.00S,3,1610612745,HOU,1641708,Thompson,A. Thompson,13,67,7,Made,1,75,65,140,h,Thompson 7' Driving Floating Jump Shot (17 PTS) (Sengun 4 AST),Made Shot,Driving Floating Jump Shot,1,2,260,0022400491
0022400491,354,PT06M51.00S,3,1610612747,LAL,2544,James,L. James,140,211,25,Missed,1,,,0,v,MISS L. James 25' 3PT Pullup Jump Shot,Missed Shot,Pullup Jump shot,1,3,261,0022400491
0022400491,355,PT06M50.00S,3,1610612745,HOU,1641708,Thompson,A. Thompson,0,0,0,,0,,,0,h,Thompson REBOUND (Off:4 Def:7),Rebound,Unknown,1,0,262,0022400491
0022400491,356,PT06M42.00S,3,1610612745,HOU,1641708,Thompson,A. Thompson,0,0,0,,0,,,0,h,Thompson Bad Pass Turnover (P4.T6),Turnover,Bad Pass,1,0,263,0022400491
0022400491,356,PT06M42.00S,3,1610612747,LAL,1631108,Christie,M. Christie,0,0,0,,0,,,0,v,Christie STEAL (1 STL),,,1,0,264,0022400491
0022400491,358,PT06M28.00S,3,1610612747,LAL,203076,Davis,A. Davis,-15,15,2,Made,1,75,67,142,v,Davis 2' Alley Oop Dunk (10 PTS) (L. James 6 AST),Made Shot,Alley Oop Dunk Shot,1,2,265,0022400491
0022400491,360,PT06M11.00S,3,1610612745,HOU,1630578,Sengun,A. Sengun,81,237,25,Missed,1,,,0,h,MISS Sengun 25' 3PT Jump Shot,Missed Shot,Jump Shot,1,3,266,0022400491
0022400491,361,PT06M10.00S,3,1610612747,LAL,1631108,Christie,M. Christie,0,0,0,,0,,,0,v,Christie REBOUND (Off:0 Def:3),Rebound,Unknown,1,0,267,0022400491
0022400491,362,PT05M55.00S,3,1610612747,LAL,203076,Davis,A. Davis,-194,160,25,Made,1,75,70,145,v,Davis 25' 3PT Jump Shot (13 PTS) (L. James 7 AST),Made Shot,Jump Shot,1,3,268,0022400491
0022400491,364,PT05M53.00S,3,0,,1610612745,,,0,0,0,,0,,,0,h,ROCKETS Timeout: Regular (Full 4 Short 0),Timeout,Regular,0,0,269,0022400491
0022400491,365,PT05M34.00S,3,1610612745,HOU,1628415,Brooks,D. Brooks,-74,62,10,Missed,1,,,0,h,MISS Brooks 10' Turnaround Fadeaway Shot,Missed Shot,Turnaround Fadeaway shot,1,2,270,0022400491
0022400491,366,PT05M32.00S,3,1610612747,LAL,203076,Davis,A. Davis,0,0,0,,0,,,0,v,Davis REBOUND (Off:0 Def:6),Rebound,Unknown,1,0,271,0022400491
0022400491,367,PT05M16.00S,3,1610612747,LAL,1631108,Christie,M. Christie,16,47,5,Missed,1,,,0,v,MISS Christie 5' Driving Reverse Layup,Missed Shot,Driving Reverse Layup Shot,1,2,272,0022400491
0022400491,367,PT05M16.00S,3,1610612745,HOU,1630224,Green,J. Green,0,0,0,,0,,,0,h,Ja. Green BLOCK (1 BLK),,,1,2,273,0022400491
0022400491,369,PT05M15.00S,3,1610612745,HOU,1630224,Green,J. Green,0,0,0,,0,,,0,h,Ja. Green REBOUND (Off:1 Def:3),Rebound,Unknown,1,0,274,0022400491
0022400491,370,PT05M10.00S,3,1610612745,HOU,1641708,Thompson,A. Thompson,-18,24,3,Made,1,77,70,147,h,Thompson 3' Running Alley Oop Dunk Shot (19 PTS) (Ja. Green 4 AST),Made Shot,Running Alley Oop Dunk Shot,1,2,275,0022400491
0022400491,372,PT04M51.00S,3,1610612747,LAL,2544,James,L. James,202,148,25,Made,1,77,73,150,v,L. James 25' 3PT Pullup Jump Shot (16 PTS),Made Shot,Pullup Jump shot,1,3,276,0022400491
0022400491,373,PT04M38.00S,3,1610612745,HOU,1630224,Green,J. Green,-105,245,27,Made,1,80,73,153,h,Ja. Green 27' 3PT Pullup Jump Shot (25 PTS),Made Shot,Pullup Jump shot,1,3,277,0022400491
0022400491,374,PT04M19.00S,3,1610612747,LAL,2544,James,L. James,-161,205,26,Made,1,80,76,156,v,L. James 26' 3PT Pullup Jump Shot (19 PTS) (Finney-Smith 2 AST),Made Shot,Pullup Jump shot,1,3,278,0022400491
0022400491,376,PT04M00.00S,3,1610612747,LAL,1631108,Christie,M. Christie,0,0,0,,0,,,0,v,Christie S.FOUL (P1.T3) (S.Wright),Foul,Shooting,1,0,279,0022400491
0022400491,378,PT04M00.00S,3,0,,1610612747,,,0,0,0,,0,,,0,v,Lakers Timeout: Regular (Reg.3 Short 0),Timeout,Regular,0,0,280,0022400491
0022400491,379,PT04M00.00S,3,0,,376,Montross,E. Montross,0,0,0,,0,80,76,156,,Instant Replay3rd Period (8:39 PM EST),Instant Replay,Coach Challenge Support Ruling,1,0,281,0022400491
0022400491,380,PT04M00.00S,3,1610612745,HOU,1641708,Thompson,A. Thompson,0,0,0,,0,,,0,h,SUB: Tate FOR Thompson,Substitution,,0,0,282,0022400491
0022400491,381,PT04M00.00S,3,1610612745,HOU,1630578,Sengun,A. Sengun,0,0,0,,0,,,0,h,SUB: Adams FOR Sengun,Substitution,,0,0,283,0022400491
0022400491,384,PT04M00.00S,3,1610612745,HOU,1630224,Green,J. Green,0,0,0,,0,81,76,157,h,Ja. Green Free Throw 1 of 3 (26 PTS),Free Throw,Free Throw 1 of 3,1,0,284,0022400491
0022400491,385,PT04M00.00S,3,1610612745,HOU,1630224,Green,J. Green,0,0,0,,0,82,76,158,h,Ja. Green Free Throw 2 of 3 (27 PTS),Free Throw,Free Throw 2 of 3,1,0,285,0022400491
0022400491,386,PT04M00.00S,3,1610612745,HOU,1630224,Green,J. Green,0,0,0,,0,83,76,159,h,Ja. Green Free Throw 3 of 3 (28 PTS),Free Throw,Free Throw 3 of 3,1,0,286,0022400491
0022400491,387,PT03M49.00S,3,1610612747,LAL,1627827,Finney-Smith,D. Finney-Smith,-132,237,27,Missed,1,,,0,v,MISS Finney-Smith 27' 3PT Jump Shot,Missed Shot,Jump Shot,1,3,287,0022400491
0022400491,388,PT03M48.00S,3,1610612745,HOU,1630224,Green,J. Green,0,0,0,,0,,,0,h,Ja. Green REBOUND (Off:1 Def:4),Rebound,Unknown,1,0,288,0022400491
0022400491,389,PT03M40.00S,3,1610612745,HOU,1630224,Green,J. Green,-150,201,25,Missed,1,,,0,h,MISS Ja. Green 25' 3PT Step Back Jump Shot,Missed Shot,Step Back Jump shot,1,3,289,0022400491
0022400491,390,PT03M38.00S,3,0,,1610612745,,,0,0,0,,0,,,0,h,ROCKETS Rebound,Rebound,Unknown,1,0,290,0022400491
0022400491,391,PT03M38.00S,3,1610612747,LAL,203076,Davis,A. Davis,0,0,0,,0,,,0,v,Davis L.B.FOUL (P3.T4) (R.Acosta),Foul,Loose Ball,1,0,291,0022400491
0022400491,393,PT03M38.00S,3,1610612747,LAL,1631108,Christie,M. Christie,0,0,0,,0,,,0,v,SUB: Knecht FOR Christie,Substitution,,0,0,292,0022400491
0022400491,395,PT03M28.00S,3,1610612745,HOU,1630256,Tate,J. Tate,-229,40,0,Made,1,86,76,162,h,Tate 3PT Jump Shot (6 PTS) (Adams 1 AST),Made Shot,Jump Shot,1,3,293,0022400491
0022400491,397,PT03M15.00S,3,1610612745,HOU,1630256,Tate,J. Tate,0,0,0,,0,,,0,h,Tate P.FOUL (P5.T3) (S.Wright),Foul,Personal,1,0,294,0022400491
0022400491,399,PT03M15.00S,3,1610612747,LAL,2544,James,L. James,0,0,0,,0,,,0,v,SUB: Hachimura FOR L. James,Substitution,,0,0,295,0022400491
0022400491,401,PT03M09.00S,3,1610612745,HOU,1630224,Green,J. Green,0,0,0,,0,,,0,h,Ja. Green S.FOUL (P4.T4) (R.Acosta),Foul,Shooting,1,0,296,0022400491
0022400491,403,PT03M09.00S,3,1610612747,LAL,1630559,Reaves,A. Reaves,0,0,0,,0,86,77,163,v,Reaves Free Throw 1 of 2 (19 PTS),Free Throw,Free Throw 1 of 2,1,0,297,0022400491
0022400491,404,PT03M09.00S,3,1610612747,LAL,1630559,Reaves,A. Reaves,0,0,0,,0,,,0,v,MISS Reaves Free Throw 2 of 2,Free Throw,Free Throw 2 of 2,1,0,298,0022400491
0022400491,405,PT03M09.00S,3,1610612745,HOU,1630224,Green,J. Green,0,0,0,,0,,,0,h,Ja. Green REBOUND (Off:1 Def:5),Rebound,Unknown,1,0,299,0022400491
0022400491,406,PT02M56.00S,3,1610612745,HOU,1630224,Green,J. Green,103,140,17,Missed,1,,,0,h,MISS Ja. Green 17' Pullup Jump Shot,Missed Shot,Pullup Jump shot,1,2,300,0022400491
0022400491,407,PT02M54.00S,3,0,,1610612745,,,0,0,0,,0,,,0,h,ROCKETS Rebound,Rebound,Unknown,1,0,301,0022400491
0022400491,408,PT02M54.00S,3,1610612747,LAL,1627827,Finney-Smith,D. Finney-Smith,0,0,0,,0,,,0,v,Finney-Smith L.B.FOUL (P1.PN) (R.Acosta),Foul,Loose Ball,1,0,302,0022400491
0022400491,410,PT02M54.00S,3,1610612745,HOU,203500,Adams,S. Adams,0,0,0,,0,,,0,h,MISS Adams Free Throw 1 of 2,Free Throw,Free Throw 1 of 2,1,0,303,0022400491
0022400491,411,PT02M54.00S,3,0,,1610612745,,,0,0,0,,0,,,0,h,ROCKETS Rebound,Rebound,Normal Rebound,0,0,304,0022400491
0022400491,412,PT02M54.00S,3,1610612745,HOU,1628415,Brooks,D. Brooks,0,0,0,,0,,,0,h,SUB: Whitmore FOR Brooks,Substitution,,0,0,305,0022400491
0022400491,414,PT02M54.00S,3,1610612745,HOU,203500,Adams,S. Adams,0,0,0,,0,87,77,164,h,Adams Free Throw 2 of 2 (5 PTS),Free Throw,Free Throw 2 of 2,1,0,306,0022400491
0022400491,415,PT02M42.00S,3,1610612747,LAL,1627827,Finney-Smith,D. Finney-Smith,58,252,26,Made,1,87,80,167,v,Finney-Smith 26' 3PT Jump Shot (7 PTS) (Reaves 7 AST),Made Shot,Jump Shot,1,3,307,0022400491
0022400491,417,PT02M19.00S,3,1610612745,HOU,1641715,Whitmore,C. Whitmore,-98,253,27,Missed,1,,,0,h,MISS Whitmore 27' 3PT Jump Shot,Missed Shot,Jump Shot,1,3,308,0022400491
0022400491,418,PT02M18.00S,3,1610612745,HOU,203500,Adams,S. Adams,0,0,0,,0,,,0,h,Adams REBOUND (Off:3 Def:2),Rebound,Unknown,1,0,309,0022400491
0022400491,419,PT02M18.00S,3,1610612747,LAL,1627827,Finney-Smith,D. Finney-Smith,0,0,0,,0,,,0,v,Finney-Smith S.FOUL (P2.PN) (J.Schroeder),Foul,Shooting,1,0,310,0022400491
0022400491,421,PT02M18.00S,3,1610612745,HOU,203500,Adams,S. Adams,0,0,0,,0,,,0,h,MISS Adams Free Throw 1 of 2,Free Throw,Free Throw 1 of 2,1,0,311,0022400491
0022400491,422,PT02M18.00S,3,0,,1610612745,,,0,0,0,,0,,,0,h,ROCKETS Rebound,Rebound,Normal Rebound,0,0,312,0022400491
0022400491,423,PT02M18.00S,3,1610612745,HOU,1627832,VanVleet,F. VanVleet,0,0,0,,0,,,0,h,SUB: Thompson FOR VanVleet,Substitution,,0,0,313,0022400491
0022400491,424,PT02M18.00S,3,1610612747,LAL,1627827,Finney-Smith,D. Finney-Smith,0,0,0,,0,,,0,v,SUB: Christie FOR Finney-Smith,Substitution,,0,0,314,0022400491
0022400491,427,PT02M18.00S,3,1610612745,HOU,203500,Adams,S. Adams,0,0,0,,0,88,80,168,h,Adams Free Throw 2 of 2 (6 PTS),Free Throw,Free Throw 2 of 2,1,0,315,0022400491
0022400491,428,PT02M06.00S,3,1610612747,LAL,203076,Davis,A. Davis,-165,217,27,Missed,1,,,0,v,MISS Davis 27' 3PT Jump Shot,Missed Shot,Jump Shot,1,3,316,0022400491
0022400491,429,PT02M05.00S,3,1610612747,LAL,1631108,Christie,M. Christie,0,0,0,,0,,,0,v,Christie REBOUND (Off:1 Def:3),Rebound,Unknown,1,0,317,0022400491
0022400491,430,PT01M58.00S,3,1610612747,LAL,1642261,Knecht,D. Knecht,175,205,27,Missed,1,,,0,v,MISS Knecht 27' 3PT Jump Shot,Missed Shot,Jump Shot,1,3,318,0022400491
0022400491,431,PT01M56.00S,3,1610612745,HOU,1641715,Whitmore,C. Whitmore,0,0,0,,0,,,0,h,Whitmore REBOUND (Off:0 Def:3),Rebound,Unknown,1,0,319,0022400491
0022400491,432,PT01M39.00S,3,1610612745,HOU,1641715,Whitmore,C. Whitmore,-154,230,28,Made,1,91,80,171,h,Whitmore 28' 3PT Jump Shot (3 PTS) (Tate 2 AST),Made Shot,Jump Shot,1,3,320,0022400491
0022400491,433,PT01M23.00S,3,1610612747,LAL,1630559,Reaves,A. Reaves,-27,15,3,Missed,1,,,0,v,MISS Reaves 3' Driving Finger Roll Layup,Missed Shot,Driving Finger Roll Layup Shot,1,2,321,0022400491
0022400491,434,PT01M22.00S,3,1610612747,LAL,203076,Davis,A. Davis,0,0,0,,0,,,0,v,Davis REBOUND (Off:1 Def:6),Rebound,Unknown,1,0,322,0022400491
0022400491,437,PT01M18.00S,3,1610612747,LAL,203076,Davis,A. Davis,0,0,0,Made,1,91,82,173,v,Davis Putback Layup (15 PTS),Made Shot,Putback Layup Shot,1,2,323,0022400491
0022400491,439,PT01M00.00S,3,1610612745,HOU,1641708,Thompson,A. Thompson,-80,11,8,Missed,1,,,0,h,MISS Thompson 8' Driving Floating Jump Shot,Missed Shot,Driving Floating Jump Shot,1,2,324,0022400491
0022400491,440,PT00M58.80S,3,1610612747,LAL,1642261,Knecht,D. Knecht,0,0,0,,0,,,0,v,Knecht REBOUND (Off:0 Def:1),Rebound,Unknown,1,0,325,0022400491
0022400491,441,PT00M51.00S,3,1610612747,LAL,1631108,Christie,M. Christie,-229,27,0,Made,1,91,85,176,v,Christie 3PT Jump Shot (12 PTS) (Reaves 8 AST),Made Shot,Jump Shot,1,3,326,0022400491
0022400491,443,PT00M34.60S,3,1610612745,HOU,1630224,Green,J. Green,-167,215,27,Missed,1,,,0,h,MISS Ja. Green 27' 3PT Pullup Jump Shot,Missed Shot,Pullup Jump shot,1,3,327,0022400491
0022400491,444,PT00M32.80S,3,0,,1610612747,,,0,0,0,,0,,,0,v,Lakers Rebound,Rebound,Unknown,0,0,328,0022400491
0022400491,445,PT00M32.80S,3,1610612745,HOU,203500,Adams,S. Adams,0,0,0,,0,,,0,h,Adams L.B.FOUL (P1.PN) (S.Wright),Foul,Loose Ball,1,0,329,0022400491
0022400491,447,PT00M32.80S,3,1610612747,LAL,203076,Davis,A. Davis,0,0,0,,0,91,86,177,v,Davis Free Throw 1 of 2 (16 PTS),Free Throw,Free Throw 1 of 2,1,0,330,0022400491
0022400491,448,PT00M32.80S,3,1610612745,HOU,1630256,Tate,J. Tate,0,0,0,,0,,,0,h,SUB: VanVleet FOR Tate,Substitution,,0,0,331,0022400491
0022400491,450,PT00M32.80S,3,1610612747,LAL,203076,Davis,A. Davis,0,0,0,,0,91,87,178,v,Davis Free Throw 2 of 2 (17 PTS),Free Throw,Free Throw 2 of 2,1,0,332,0022400491
0022400491,451,PT00M16.90S,3,1610612745,HOU,1630224,Green,J. Green,-55,100,11,Missed,1,,,0,h,MISS Ja. Green 11' Driving Floating Jump Shot,Missed Shot,Driving Floating Jump Shot,1,2,333,0022400491
0022400491,452,PT00M14.70S,3,1610612745,HOU,203500,Adams,S. Adams,0,0,0,,0,,,0,h,Adams REBOUND (Off:4 Def:2),Rebound,Unknown,1,0,334,0022400491
0022400491,453,PT00M14.70S,3,1610612745,HOU,203500,Adams,S. Adams,0,0,0,Missed,1,,,0,h,MISS Adams Tip Layup Shot,Missed Shot,Tip Layup Shot,1,2,335,0022400491
0022400491,454,PT00M14.70S,3,0,,1610612747,,,0,0,0,,0,,,0,v,Lakers Rebound,Rebound,Unknown,0,0,336,0022400491
0022400491,455,PT00M14.70S,3,1610612745,HOU,1630224,Green,J. Green,0,0,0,,0,,,0,h,Ja. Green L.B.FOUL (P5.PN) (J.Schroeder),Foul,Loose Ball,1,0,337,0022400491
0022400491,457,PT00M14.70S,3,1610612747,LAL,203076,Davis,A. Davis,0,0,0,,0,91,88,179,v,Davis Free Throw 1 of 2 (18 PTS),Free Throw,Free Throw 1 of 2,1,0,338,0022400491
0022400491,458,PT00M14.70S,3,1610612745,HOU,1630224,Green,J. Green,0,0,0,,0,,,0,h,SUB: Holiday FOR Ja. Green,Substitution,,0,0,339,0022400491
0022400491,459,PT00M14.70S,3,1610612747,LAL,1630559,Reaves,A. Reaves,0,0,0,,0,,,0,v,SUB: Finney-Smith FOR Reaves,Substitution,,0,0,340,0022400491
0022400491,462,PT00M14.70S,3,1610612747,LAL,203076,Davis,A. Davis,0,0,0,,0,91,89,180,v,Davis Free Throw 2 of 2 (19 PTS),Free Throw,Free Throw 2 of 2,1,0,341,0022400491
0022400491,463,PT00M01.90S,3,1610612745,HOU,1627832,VanVleet,F. VanVleet,22,87,9,Missed,1,,,0,h,MISS VanVleet 9' Driving Hook Shot,Missed Shot,Driving Hook Shot,1,2,342,0022400491
0022400491,464,PT00M00.30S,3,1610612747,LAL,203076,Davis,A. Davis,0,0,0,,0,,,0,v,Davis REBOUND (Off:1 Def:7),Rebound,Unknown,1,0,343,0022400491
0022400491,465,PT00M00.00S,3,0,,0,,,0,0,0,,0,91,89,180,,End of 3rd Period (8:51 PM EST),period,end,1,0,344,0022400491
0022400491,470,PT12M00.00S,4,0,,0,,,0,0,0,,0,91,89,180,,Start of 4th Period (8:54 PM EST),period,start,0,0,345,0022400491
0022400491,471,PT11M43.00S,4,1610612747,LAL,1629637,Hayes,J. Hayes,-20,12,2,Missed,1,,,0,v,MISS Hayes 2' Cutting Layup Shot,Missed Shot,Cutting Layup Shot,1,2,346,0022400491
0022400491,472,PT11M42.00S,4,1610612745,HOU,1641708,Thompson,A. Thompson,0,0,0,,0,,,0,h,Thompson REBOUND (Off:4 Def:8),Rebound,Unknown,1,0,347,0022400491
0022400491,473,PT11M37.00S,4,1610612745,HOU,1628988,Holiday,A. Holiday,-190,216,29,Missed,1,,,0,h,MISS Holiday 29' 3PT Running Jump Shot,Missed Shot,Running Jump Shot,1,3,348,0022400491
0022400491,474,PT11M36.00S,4,1610612745,HOU,1641708,Thompson,A. Thompson,0,0,0,,0,,,0,h,Thompson REBOUND (Off:5 Def:8),Rebound,Unknown,1,0,349,0022400491
0022400491,475,PT11M33.00S,4,1610612745,HOU,1628988,Holiday,A. Holiday,-235,24,24,Made,1,94,89,183,h,Holiday 24' 3PT Jump Shot (7 PTS) (Thompson 2 AST),Made Shot,Jump Shot,1,3,350,0022400491
0022400491,477,PT11M19.00S,4,1610612747,LAL,1629637,Hayes,J. Hayes,-61,36,7,Missed,1,,,0,v,MISS Hayes 7' Hook Shot,Missed Shot,Hook Shot,1,2,351,0022400491
0022400491,481,PT11M14.00S,4,0,,1610612745,,,0,0,0,,0,,,0,h,ROCKETS Rebound,Rebound,Unknown,1,0,352,0022400491
0022400491,478,PT11M14.00S,4,1610612745,HOU,203500,Adams,S. Adams,0,0,0,,0,,,0,h,Jump Ball Adams vs. Hayes: Tip to Holiday,Jump Ball,,1,0,353,0022400491
0022400491,482,PT10M57.00S,4,1610612745,HOU,1628988,Holiday,A. Holiday,6,11,1,Missed,1,,,0,h,MISS Holiday 1' Driving Reverse Layup,Missed Shot,Driving Reverse Layup Shot,1,2,354,0022400491
0022400491,483,PT10M56.00S,4,1610612745,HOU,203500,Adams,S. Adams,0,0,0,,0,,,0,h,Adams REBOUND (Off:5 Def:2),Rebound,Unknown,1,0,355,0022400491
0022400491,484,PT10M53.00S,4,1610612745,HOU,203500,Adams,S. Adams,0,0,0,Made,1,96,89,185,h,Adams Tip Layup Shot (8 PTS),Made Shot,Tip Layup Shot,1,2,356,0022400491
0022400491,485,PT10M41.00S,4,1610612747,LAL,1631108,Christie,M. Christie,-146,220,26,Missed,1,,,0,v,MISS Christie 26' 3PT Pullup Jump Shot,Missed Shot,Pullup Jump shot,1,3,357,0022400491
0022400491,486,PT10M40.00S,4,1610612745,HOU,1641715,Whitmore,C. Whitmore,0,0,0,,0,,,0,h,Whitmore REBOUND (Off:0 Def:4),Rebound,Unknown,1,0,358,0022400491
0022400491,487,PT10M27.00S,4,1610612745,HOU,1641715,Whitmore,C. Whitmore,27,8,3,Missed,1,,,0,h,MISS Whitmore 3' Driving Layup,Missed Shot,Driving Layup Shot,1,2,359,0022400491
0022400491,488,PT10M27.00S,4,0,,1610612747,,,0,0,0,,0,,,0,v,Lakers Rebound,Rebound,Unknown,1,0,360,0022400491
0022400491,490,PT10M27.00S,4,1610612747,LAL,1629637,Hayes,J. Hayes,0,0,0,,0,,,0,v,SUB: Finney-Smith FOR Hayes,Substitution,,0,0,361,0022400491
0022400491,492,PT10M18.00S,4,1610612747,LAL,2544,James,L. James,-58,104,12,Missed,1,,,0,v,MISS L. James 12' Fadeaway Jumper,Missed Shot,Fadeaway Jump Shot,1,2,362,0022400491
0022400491,493,PT10M17.00S,4,1610612745,HOU,1641708,Thompson,A. Thompson,0,0,0,,0,,,0,h,Thompson REBOUND (Off:5 Def:9),Rebound,Unknown,1,0,363,0022400491
0022400491,494,PT09M55.00S,4,1610612745,HOU,1641715,Whitmore,C. Whitmore,-232,52,24,Made,1,99,89,188,h,Whitmore 24' 3PT Jump Shot (6 PTS) (VanVleet 1 AST),Made Shot,Jump Shot,1,3,364,0022400491
0022400491,496,PT09M54.00S,4,0,,1610612747,,,0,0,0,,0,,,0,v,Lakers Timeout: Regular (Reg.4 Short 0),Timeout,Regular,0,0,365,0022400491
0022400491,497,PT09M44.00S,4,1610612747,LAL,2544,James,L. James,0,0,0,,0,,,0,v,L. James Bad Pass Turnover (P1.T7),Turnover,Bad Pass,1,0,366,0022400491
0022400491,497,PT09M44.00S,4,1610612745,HOU,203500,Adams,S. Adams,0,0,0,,0,,,0,h,Adams STEAL (1 STL),,,1,0,367,0022400491
0022400491,499,PT09M34.00S,4,1610612745,HOU,1641708,Thompson,A. Thompson,42,20,5,Missed,1,,,0,h,MISS Thompson 5' Driving Floating Bank Jump Shot,Missed Shot,Driving Floating Bank Jump Shot,1,2,368,0022400491
0022400491,500,PT09M31.00S,4,1610612745,HOU,203500,Adams,S. Adams,0,0,0,,0,,,0,h,Adams REBOUND (Off:6 Def:2),Rebound,Unknown,1,0,369,0022400491
0022400491,501,PT09M21.00S,4,1610612745,HOU,1641715,Whitmore,C. Whitmore,-156,-21,16,Made,1,101,89,190,h,Whitmore 16' Step Back Jump Shot (8 PTS) (Thompson 3 AST),Made Shot,Step Back Jump shot,1,2,370,0022400491
0022400491,503,PT09M06.00S,4,1610612747,LAL,1627827,Finney-Smith,D. Finney-Smith,-13,260,26,Made,1,101,92,193,v,Finney-Smith 26' 3PT Jump Shot (10 PTS) (L. James 8 AST),Made Shot,Jump Shot,1,3,371,0022400491
0022400491,505,PT08M42.00S,4,1610612745,HOU,1627832,VanVleet,F. VanVleet,-39,17,4,Made,1,103,92,195,h,VanVleet 4' Driving Layup (11 PTS),Made Shot,Driving Layup Shot,1,2,372,0022400491
0022400491,506,PT08M30.00S,4,1610612747,LAL,1629060,Hachimura,R. Hachimura,-105,233,26,Made,1,103,95,198,v,Hachimura 26' 3PT Jump Shot (13 PTS) (L. James 9 AST),Made Shot,Jump Shot,1,3,373,0022400491
0022400491,508,PT08M11.00S,4,1610612745,HOU,1627832,VanVleet,F. VanVleet,26,14,3,Missed,1,,,0,h,MISS VanVleet 3' Driving Reverse Layup,Missed Shot,Driving Reverse Layup Shot,1,2,374,0022400491
0022400491,509,PT08M10.00S,4,1610612745,HOU,203500,Adams,S. Adams,0,0,0,,0,,,0,h,Adams REBOUND (Off:7 Def:2),Rebound,Unknown,1,0,375,0022400491
0022400491,510,PT08M05.00S,4,1610612745,HOU,1641715,Whitmore,C. Whitmore,31,40,5,Missed,1,,,0,h,MISS Whitmore 5' Driving Finger Roll Layup,Missed Shot,Driving Finger Roll Layup Shot,1,2,376,0022400491
0022400491,511,PT08M04.00S,4,1610612747,LAL,2544,James,L. James,0,0,0,,0,,,0,v,L. James REBOUND (Off:1 Def:8),Rebound,Unknown,1,0,377,0022400491
0022400491,512,PT07M56.00S,4,1610612747,LAL,2544,James,L. James,64,33,7,Missed,1,,,0,v,MISS L. James 7' Driving Finger Roll Layup,Missed Shot,Driving Finger Roll Layup Shot,1,2,378,0022400491
0022400491,513,PT07M54.00S,4,1610612745,HOU,1641708,Thompson,A. Thompson,0,0,0,,0,,,0,h,Thompson REBOUND (Off:5 Def:10),Rebound,Unknown,1,0,379,0022400491
0022400491,514,PT07M54.00S,4,1610612747,LAL,1627827,Finney-Smith,D. Finney-Smith,0,0,0,,0,,,0,v,Finney-Smith Transition Take Foul (P3.T1) (S.Wright),Foul,Transition Take,1,0,380,0022400491
0022400491,516,PT07M54.00S,4,1610612745,HOU,1627832,VanVleet,F. VanVleet,0,0,0,,0,104,95,199,h,VanVleet Free Throw 1 of 1 (12 PTS),Free Throw,Free Throw 1 of 1,1,0,381,0022400491
0022400491,517,PT07M54.00S,4,1610612747,LAL,1642261,Knecht,D. Knecht,0,0,0,,0,,,0,v,SUB: Reaves FOR Knecht,Substitution,,0,0,382,0022400491
0022400491,519,PT07M54.00S,4,1610612747,LAL,1631108,Christie,M. Christie,0,0,0,,0,,,0,v,SUB: Davis FOR Christie,Substitution,,0,0,383,0022400491
0022400491,521,PT07M37.00S,4,1610612745,HOU,1641708,Thompson,A. Thompson,228,41,0,Missed,1,,,0,h,MISS Thompson 3PT Jump Shot,Missed Shot,Jump Shot,1,3,384,0022400491
0022400491,522,PT07M35.00S,4,0,,1610612745,,,0,0,0,,0,,,0,h,ROCKETS Rebound,Rebound,Unknown,1,0,385,0022400491
0022400491,523,PT07M35.00S,4,1610612747,LAL,1629060,Hachimura,R. Hachimura,0,0,0,,0,,,0,v,Hachimura L.B.FOUL (P2.T2) (S.Wright),Foul,Loose Ball,1,0,386,0022400491
0022400491,525,PT07M27.00S,4,1610612745,HOU,1641708,Thompson,A. Thompson,-25,6,3,Made,1,106,95,201,h,Thompson 3' Cutting Finger Roll Layup Shot (21 PTS) (VanVleet 2 AST),Made Shot,Cutting Finger Roll Layup Shot,1,2,387,0022400491
0022400491,527,PT07M17.00S,4,1610612747,LAL,2544,James,L. James,70,43,8,Missed,1,,,0,v,MISS L. James 8' Driving Layup,Missed Shot,Driving Layup Shot,1,2,388,0022400491
0022400491,527,PT07M17.00S,4,1610612745,HOU,203500,Adams,S. Adams,0,0,0,,0,,,0,h,Adams BLOCK (1 BLK),,,1,2,389,0022400491
0022400491,529,PT07M16.00S,4,1610612747,LAL,203076,Davis,A. Davis,0,0,0,,0,,,0,v,Davis REBOUND (Off:2 Def:7),Rebound,Unknown,1,0,390,0022400491
0022400491,530,PT07M13.00S,4,1610612747,LAL,203076,Davis,A. Davis,16,5,2,Made,1,106,97,203,v,Davis 2' Putback Layup (21 PTS),Made Shot,Putback Layup Shot,1,2,391,0022400491
0022400491,531,PT06M47.00S,4,1610612745,HOU,1641708,Thompson,A. Thompson,238,82,25,Missed,1,,,0,h,MISS Thompson 25' 3PT Jump Shot,Missed Shot,Jump Shot,1,3,392,0022400491
0022400491,532,PT06M46.00S,4,1610612747,LAL,2544,James,L. James,0,0,0,,0,,,0,v,L. James REBOUND (Off:1 Def:9),Rebound,Unknown,1,0,393,0022400491
0022400491,533,PT06M26.00S,4,1610612745,HOU,203500,Adams,S. Adams,0,0,0,,0,,,0,h,Adams P.FOUL (P2.T1) (S.Wright),Foul,Personal,1,0,394,0022400491
0022400491,535,PT06M26.00S,4,1610612745,HOU,203500,Adams,S. Adams,0,0,0,,0,,,0,h,SUB: Sengun FOR Adams,Substitution,,0,0,395,0022400491
0022400491,537,PT06M18.00S,4,1610612745,HOU,1641708,Thompson,A. Thompson,0,0,0,,0,,,0,h,Thompson S.FOUL (P2.T2) (J.Schroeder),Foul,Shooting,1,0,396,0022400491
0022400491,539,PT06M18.00S,4,1610612747,LAL,1630559,Reaves,A. Reaves,0,0,0,,0,106,98,204,v,Reaves Free Throw 1 of 2 (20 PTS),Free Throw,Free Throw 1 of 2,1,0,397,0022400491
0022400491,540,PT06M18.00S,4,1610612745,HOU,1628988,Holiday,A. Holiday,0,0,0,,0,,,0,h,SUB: Brooks FOR Holiday,Substitution,,0,0,398,0022400491
0022400491,541,PT06M18.00S,4,1610612747,LAL,2544,James,L. James,0,0,0,,0,,,0,v,SUB: Christie FOR L. James,Substitution,,0,0,399,0022400491
0022400491,544,PT06M18.00S,4,1610612747,LAL,1630559,Reaves,A. Reaves,0,0,0,,0,106,99,205,v,Reaves Free Throw 2 of 2 (21 PTS),Free Throw,Free Throw 2 of 2,1,0,400,0022400491
0022400491,545,PT06M03.00S,4,1610612745,HOU,1627832,VanVleet,F. VanVleet,-13,269,27,Missed,1,,,0,h,MISS VanVleet 27' 3PT Pullup Jump Shot,Missed Shot,Pullup Jump shot,1,3,401,0022400491
0022400491,546,PT06M01.00S,4,1610612747,LAL,203076,Davis,A. Davis,0,0,0,,0,,,0,v,Davis REBOUND (Off:2 Def:8),Rebound,Unknown,1,0,402,0022400491
0022400491,547,PT05M50.00S,4,1610612747,LAL,203076,Davis,A. Davis,-62,112,13,Missed,1,,,0,v,MISS Davis 13' Floating Jump Shot,Missed Shot,Floating Jump shot,1,2,403,0022400491
0022400491,548,PT05M49.00S,4,1610612745,HOU,1628415,Brooks,D. Brooks,0,0,0,,0,,,0,h,Brooks REBOUND (Off:1 Def:3),Rebound,Unknown,1,0,404,0022400491
0022400491,549,PT05M29.00S,4,1610612745,HOU,1630578,Sengun,A. Sengun,-60,47,8,Missed,1,,,0,h,MISS Sengun 8' Cutting Layup Shot,Missed Shot,Cutting Layup Shot,1,2,405,0022400491
0022400491,549,PT05M29.00S,4,1610612747,LAL,203076,Davis,A. Davis,0,0,0,,0,,,0,v,Davis BLOCK (4 BLK),,,1,2,406,0022400491
0022400491,551,PT05M28.00S,4,1610612747,LAL,1631108,Christie,M. Christie,0,0,0,,0,,,0,v,Christie REBOUND (Off:1 Def:4),Rebound,Unknown,1,0,407,0022400491
0022400491,552,PT05M21.00S,4,1610612747,LAL,1627827,Finney-Smith,D. Finney-Smith,22,253,25,Missed,1,,,0,v,MISS Finney-Smith 25' 3PT Jump Shot,Missed Shot,Jump Shot,1,3,408,0022400491
0022400491,553,PT05M20.00S,4,1610612747,LAL,203076,Davis,A. Davis,0,0,0,,0,,,0,v,Davis REBOUND (Off:3 Def:8),Rebound,Unknown,1,0,409,0022400491
0022400491,554,PT05M18.00S,4,1610612747,LAL,203076,Davis,A. Davis,0,0,0,Missed,1,,,0,v,MISS Davis Tip Layup Shot,Missed Shot,Tip Layup Shot,1,2,410,0022400491
0022400491,555,PT05M17.00S,4,1610612747,LAL,203076,Davis,A. Davis,0,0,0,,0,,,0,v,Davis REBOUND (Off:4 Def:8),Rebound,Unknown,1,0,411,0022400491
0022400491,556,PT05M17.00S,4,1610612747,LAL,203076,Davis,A. Davis,0,0,0,Made,1,106,101,207,v,Davis Tip Layup Shot (23 PTS),Made Shot,Tip Layup Shot,1,2,412,0022400491
0022400491,557,PT05M17.00S,4,0,,1610612745,,,0,0,0,,0,,,0,h,ROCKETS Timeout: Regular (Full 5 Short 0),Timeout,Regular,0,0,413,0022400491
0022400491,558,PT05M17.00S,4,1610612745,HOU,1641715,Whitmore,C. Whitmore,0,0,0,,0,,,0,h,SUB: Ja. Green FOR Whitmore,Substitution,,0,0,414,0022400491
0022400491,560,PT04M59.00S,4,1610612745,HOU,1630578,Sengun,A. Sengun,13,93,9,Made,1,108,101,209,h,Sengun 9' Turnaround Hook Shot (13 PTS),Made Shot,Turnaround Hook Shot,1,2,415,0022400491
0022400491,561,PT04M41.00S,4,1610612745,HOU,1630578,Sengun,A. Sengun,0,0,0,,0,,,0,h,Sengun S.FOUL (P2.T3) (J.Schroeder),Foul,Shooting,1,0,416,0022400491
0022400491,563,PT04M41.00S,4,1610612747,LAL,203076,Davis,A. Davis,0,0,0,,0,108,102,210,v,Davis Free Throw 1 of 2 (24 PTS),Free Throw,Free Throw 1 of 2,1,0,417,0022400491
0022400491,564,PT04M41.00S,4,1610612747,LAL,203076,Davis,A. Davis,0,0,0,,0,108,103,211,v,Davis Free Throw 2 of 2 (25 PTS),Free Throw,Free Throw 2 of 2,1,0,418,0022400491
0022400491,565,PT04M18.00S,4,1610612745,HOU,1630578,Sengun,A. Sengun,2,80,8,Missed,1,,,0,h,MISS Sengun 8' Turnaround Hook Shot,Missed Shot,Turnaround Hook Shot,1,2,419,0022400491
0022400491,565,PT04M18.00S,4,1610612747,LAL,203076,Davis,A. Davis,0,0,0,,0,,,0,v,Davis BLOCK (5 BLK),,,1,2,420,0022400491
0022400491,567,PT04M17.00S,4,1610612747,LAL,1627827,Finney-Smith,D. Finney-Smith,0,0,0,,0,,,0,v,Finney-Smith REBOUND (Off:1 Def:1),Rebound,Unknown,1,0,421,0022400491
0022400491,568,PT04M05.00S,4,1610612747,LAL,1627827,Finney-Smith,D. Finney-Smith,-71,29,8,Made,1,108,105,213,v,Finney-Smith 8' Driving Floating Bank Jump Shot (12 PTS) (Reaves 9 AST),Made Shot,Driving Floating Bank Jump Shot,1,2,422,0022400491
0022400491,570,PT04M05.00S,4,1610612745,HOU,1630578,Sengun,A. Sengun,0,0,0,,0,,,0,h,Sengun S.FOUL (P3.T4) (R.Acosta),Foul,Shooting,1,0,423,0022400491
0022400491,572,PT04M05.00S,4,1610612747,LAL,1629060,Hachimura,R. Hachimura,0,0,0,,0,,,0,v,SUB: L. James FOR Hachimura,Substitution,,0,0,424,0022400491
0022400491,574,PT04M05.00S,4,1610612747,LAL,1627827,Finney-Smith,D. Finney-Smith,0,0,0,,0,108,106,214,v,Finney-Smith Free Throw 1 of 1 (13 PTS),Free Throw,Free Throw 1 of 1,1,0,425,0022400491
0022400491,575,PT03M51.00S,4,1610612747,LAL,1631108,Christie,M. Christie,0,0,0,,0,,,0,v,Christie P.FOUL (P2.T3) (S.Wright),Foul,Personal,1,0,426,0022400491
0022400491,577,PT03M39.00S,4,1610612745,HOU,1630224,Green,J. Green,230,21,0,Missed,1,,,0,h,MISS Ja. Green 3PT Step Back Jump Shot,Missed Shot,Step Back Jump shot,1,3,427,0022400491
0022400491,578,PT03M37.00S,4,1610612745,HOU,1641708,Thompson,A. Thompson,0,0,0,,0,,,0,h,Thompson REBOUND (Off:6 Def:10),Rebound,Unknown,1,0,428,0022400491
0022400491,579,PT03M36.00S,4,1610612745,HOU,1641708,Thompson,A. Thompson,0,0,0,Made,1,110,106,216,h,Thompson Tip Dunk Shot (23 PTS),Made Shot,Tip Dunk Shot,1,2,429,0022400491
0022400491,580,PT03M30.00S,4,0,,1610612747,,,0,0,0,,0,,,0,v,Lakers Timeout: Regular (Reg.5 Short 0),Timeout,Regular,0,0,430,0022400491
0022400491,581,PT03M30.00S,4,1610612745,HOU,1630224,Green,J. Green,0,0,0,,0,,,0,h,SUB: Holiday FOR Ja. Green,Substitution,,0,0,431,0022400491
0022400491,583,PT03M17.00S,4,1610612747,LAL,1630559,Reaves,A. Reaves,-235,38,24,Missed,1,,,0,v,MISS Reaves 24' 3PT Step Back Jump Shot,Missed Shot,Step Back Jump shot,1,3,432,0022400491
0022400491,584,PT03M16.00S,4,1610612745,HOU,1628415,Brooks,D. Brooks,0,0,0,,0,,,0,h,Brooks REBOUND (Off:1 Def:4),Rebound,Unknown,1,0,433,0022400491
0022400491,585,PT02M54.00S,4,1610612745,HOU,1627832,VanVleet,F. VanVleet,1,159,16,Made,1,112,106,218,h,VanVleet 16' Step Back Jump Shot (14 PTS),Made Shot,Step Back Jump shot,1,2,434,0022400491
0022400491,586,PT02M47.00S,4,1610612745,HOU,1628415,Brooks,D. Brooks,0,0,0,,0,,,0,h,Brooks P.FOUL (P2.PN) (S.Wright),Foul,Personal,1,0,435,0022400491
0022400491,588,PT02M47.00S,4,1610612747,LAL,203076,Davis,A. Davis,0,0,0,,0,112,107,219,v,Davis Free Throw 1 of 2 (26 PTS),Free Throw,Free Throw 1 of 2,1,0,436,0022400491
0022400491,589,PT02M47.00S,4,1610612745,HOU,1628988,Holiday,A. Holiday,0,0,0,,0,,,0,h,SUB: Ja. Green FOR Holiday,Substitution,,0,0,437,0022400491
0022400491,591,PT02M47.00S,4,1610612747,LAL,203076,Davis,A. Davis,0,0,0,,0,112,108,220,v,Davis Free Throw 2 of 2 (27 PTS),Free Throw,Free Throw 2 of 2,1,0,438,0022400491
0022400491,592,PT02M33.00S,4,1610612745,HOU,1630224,Green,J. Green,0,287,29,Made,1,115,108,223,h,Ja. Green 29' 3PT Pullup Jump Shot (31 PTS),Made Shot,Pullup Jump shot,1,3,439,0022400491
0022400491,593,PT02M13.00S,4,1610612745,HOU,1630578,Sengun,A. Sengun,0,0,0,,0,,,0,h,Sengun S.FOUL (P4.PN) (R.Acosta),Foul,Shooting,1,0,440,0022400491
0022400491,595,PT02M13.00S,4,1610612747,LAL,1631108,Christie,M. Christie,0,0,0,,0,115,109,224,v,Christie Free Throw 1 of 2 (13 PTS),Free Throw,Free Throw 1 of 2,1,0,441,0022400491
0022400491,596,PT02M13.00S,4,1610612747,LAL,1631108,Christie,M. Christie,0,0,0,,0,115,110,225,v,Christie Free Throw 2 of 2 (14 PTS),Free Throw,Free Throw 2 of 2,1,0,442,0022400491
0022400491,597,PT01M58.00S,4,1610612745,HOU,1630224,Green,J. Green,45,92,10,Made,1,117,110,227,h,Ja. Green 10' Turnaround Fadeaway (33 PTS),Made Shot,Turnaround Fadeaway shot,1,2,443,0022400491
0022400491,598,PT01M46.00S,4,1610612747,LAL,2544,James,L. James,-154,220,27,Missed,1,,,0,v,MISS L. James 27' 3PT Pullup Jump Shot,Missed Shot,Pullup Jump shot,1,3,444,0022400491
0022400491,599,PT01M45.00S,4,1610612745,HOU,1630578,Sengun,A. Sengun,0,0,0,,0,,,0,h,Sengun REBOUND (Off:2 Def:4),Rebound,Unknown,1,0,445,0022400491
0022400491,600,PT01M28.00S,4,1610612745,HOU,1630224,Green,J. Green,176,185,26,Missed,1,,,0,h,MISS Ja. Green 26' 3PT Step Back Jump Shot,Missed Shot,Step Back Jump shot,1,3,446,0022400491
0022400491,601,PT01M27.00S,4,1610612747,LAL,2544,James,L. James,0,0,0,,0,,,0,v,L. James REBOUND (Off:1 Def:10),Rebound,Unknown,1,0,447,0022400491
0022400491,602,PT01M11.00S,4,1610612747,LAL,203076,Davis,A. Davis,43,253,26,Made,1,117,113,230,v,Davis 26' 3PT Jump Shot (30 PTS) (Reaves 10 AST),Made Shot,Jump Shot,1,3,448,0022400491
0022400491,604,PT00M49.40S,4,1610612745,HOU,1630578,Sengun,A. Sengun,-12,53,5,Missed,1,,,0,h,MISS Sengun 5' Turnaround Hook Shot,Missed Shot,Turnaround Hook Shot,1,2,449,0022400491
0022400491,605,PT00M48.20S,4,1610612747,LAL,203076,Davis,A. Davis,0,0,0,,0,,,0,v,Davis REBOUND (Off:4 Def:9),Rebound,Unknown,1,0,450,0022400491
0022400491,606,PT00M38.60S,4,1610612747,LAL,2544,James,L. James,0,0,0,,0,,,0,v,L. James OFF.Foul (P3) (J.Schroeder),Foul,Offensive,1,0,451,0022400491
0022400491,608,PT00M38.60S,4,1610612747,LAL,2544,James,L. James,0,0,0,,0,,,0,v,L. James Offensive Foul Turnover (P2.T8),Turnover,Offensive Foul Turnover,1,0,452,0022400491
0022400491,609,PT00M17.50S,4,1610612745,HOU,1628415,Brooks,D. Brooks,-21,126,13,Missed,1,,,0,h,MISS Brooks 13' Pullup Jump Shot,Missed Shot,Pullup Jump shot,1,2,453,0022400491
0022400491,610,PT00M15.80S,4,1610612747,LAL,1631108,Christie,M. Christie,0,0,0,,0,,,0,v,Christie REBOUND (Off:1 Def:5),Rebound,Unknown,1,0,454,0022400491
0022400491,611,PT00M08.00S,4,1610612747,LAL,2544,James,L. James,65,22,7,Made,1,117,115,232,v,L. James 7' Driving Finger Roll Layup (21 PTS),Made Shot,Driving Finger Roll Layup Shot,1,2,455,0022400491
0022400491,612,PT00M08.00S,4,1610612747,LAL,1630559,Reaves,A. Reaves,0,0,0,,0,,,0,v,Reaves Personal Take Foul (P2.T4) (J.Schroeder),Foul,Personal Take,1,0,456,0022400491
0022400491,614,PT00M07.40S,4,1610612747,LAL,203076,Davis,A. Davis,0,0,0,,0,,,0,v,Davis Personal Take Foul (P4.PN) (S.Wright),Foul,Personal Take,1,0,457,0022400491
0022400491,616,PT00M07.40S,4,1610612745,HOU,1630578,Sengun,A. Sengun,0,0,0,,0,118,115,233,h,Sengun Free Throw 1 of 2 (14 PTS),Free Throw,Free Throw 1 of 2,1,0,458,0022400491
0022400491,617,PT00M07.40S,4,1610612747,LAL,1631108,Christie,M. Christie,0,0,0,,0,,,0,v,SUB: Hayes FOR Christie,Substitution,,0,0,459,0022400491
0022400491,618,PT00M07.40S,4,1610612747,LAL,1630559,Reaves,A. Reaves,0,0,0,,0,,,0,v,SUB: Hachimura FOR Reaves,Substitution,,0,0,460,0022400491
0022400491,621,PT00M07.40S,4,1610612745,HOU,1630578,Sengun,A. Sengun,0,0,0,,0,,,0,h,MISS Sengun Free Throw 2 of 2,Free Throw,Free Throw 2 of 2,1,0,461,0022400491
0022400491,622,PT00M07.40S,4,1610612747,LAL,2544,James,L. James,0,0,0,,0,,,0,v,L. James REBOUND (Off:1 Def:11),Rebound,Unknown,1,0,462,0022400491
0022400491,623,PT00M07.10S,4,0,,1610612747,,,0,0,0,,0,,,0,v,Lakers Timeout: Regular (Reg.6 Short 0),Timeout,Regular,0,0,463,0022400491
0022400491,624,PT00M07.10S,4,1610612745,HOU,1630224,Green,J. Green,0,0,0,,0,,,0,h,SUB: Tate FOR Ja. Green,Substitution,,0,0,464,0022400491
0022400491,625,PT00M07.10S,4,1610612745,HOU,1630578,Sengun,A. Sengun,0,0,0,,0,,,0,h,SUB: Holiday FOR Sengun,Substitution,,0,0,465,0022400491
0022400491,626,PT00M07.10S,4,1610612747,LAL,1629637,Hayes,J. Hayes,0,0,0,,0,,,0,v,SUB: Reaves FOR Hayes,Substitution,,0,0,466,0022400491
0022400491,627,PT00M07.10S,4,1610612747,LAL,1629060,Hachimura,R. Hachimura,0,0,0,,0,,,0,v,SUB: Christie FOR Hachimura,Substitution,,0,0,467,0022400491
0022400491,632,PT00M05.70S,4,1610612747,LAL,1631108,Christie,M. Christie,0,0,0,,0,,,0,v,Christie Bad Pass Turnover (P1.T9),Turnover,Bad Pass,1,0,468,0022400491
0022400491,632,PT00M05.70S,4,1610612745,HOU,1627832,VanVleet,F. VanVleet,0,0,0,,0,,,0,h,VanVleet STEAL (1 STL),,,1,0,469,0022400491
0022400491,634,PT00M05.70S,4,1610612747,LAL,2544,James,L. James,0,0,0,,0,,,0,v,L. James P.FOUL (P4.PN) (S.Wright),Foul,Personal,1,0,470,0022400491
0022400491,636,PT00M05.70S,4,1610612745,HOU,1627832,VanVleet,F. VanVleet,0,0,0,,0,119,115,234,h,VanVleet Free Throw 1 of 2 (15 PTS),Free Throw,Free Throw 1 of 2,1,0,471,0022400491
0022400491,637,PT00M05.70S,4,1610612745,HOU,1627832,VanVleet,F. VanVleet,0,0,0,,0,,,0,h,MISS VanVleet Free Throw 2 of 2,Free Throw,Free Throw 2 of 2,1,0,472,0022400491
0022400491,638,PT00M05.70S,4,1610612747,LAL,2544,James,L. James,0,0,0,,0,,,0,v,L. James REBOUND (Off:1 Def:12),Rebound,Unknown,1,0,473,0022400491
0022400491,639,PT00M05.40S,4,0,,1610612747,,,0,0,0,,0,,,0,v,Lakers Timeout: Regular (Reg.7 Short 0),Timeout,Regular,0,0,474,0022400491
0022400491,640,PT00M05.40S,4,1610612745,HOU,1630256,Tate,J. Tate,0,0,0,,0,,,0,h,SUB: Adams FOR Tate,Substitution,,0,0,475,0022400491
0022400491,642,PT00M04.70S,4,1610612747,LAL,203076,Davis,A. Davis,0,0,0,,0,,,0,v,Davis OFF.Foul (P5) (R.Acosta),Foul,Offensive,1,0,476,0022400491
0022400491,644,PT00M04.70S,4,1610612747,LAL,203076,Davis,A. Davis,0,0,0,,0,,,0,v,Davis Offensive Foul Turnover (P4.T10),Turnover,Offensive Foul Turnover,1,0,477,0022400491
0022400491,645,PT00M04.70S,4,1610612745,HOU,1641708,Thompson,A. Thompson,0,0,0,,0,,,0,h,SUB: Sengun FOR Thompson,Substitution,,0,0,478,0022400491
0022400491,646,PT00M04.70S,4,1610612745,HOU,203500,Adams,S. Adams,0,0,0,,0,,,0,h,SUB: Ja. Green FOR Adams,Substitution,,0,0,479,0022400491
0022400491,649,PT00M00.00S,4,0,,0,,,0,0,0,,0,119,115,234,,End of 4th Period (9:27 PM EST),period,end,1,0,480,0022400491
