gameId,actionNumber,clock,period,teamId,teamTricode,personId,playerName,playerNameI,xLegacy,yLegacy,shotDistance,shotResult,isFieldGoal,scoreHome,scoreAway,pointsTotal,location,description,actionType,subType,videoAvailable,shotValue,actionId,game_id
0042400165,2,PT12M00.00S,1,0,,0,,,0,0,0,,0,0,0,0,,Start of 1st Period (10:13 PM EST),period,start,1,0,1,0042400165
0042400165,4,PT12M00.00S,1,1610612747,LAL,1629060,Hachimura,R. Hachimura,0,0,0,,0,,,0,h,Jump Ball Hachimura vs. Gobert: Tip to Randle,Jump Ball,,1,0,2,0042400165
0042400165,7,PT11M45.00S,1,1610612750,MIN,203944,Randle,J. Randle,-58,145,16,Made,1,0,2,2,v,Randle 16' Step Back Jump Shot (2 PTS),Made Shot,Step Back Jump shot,1,2,3,0042400165
0042400165,8,PT11M26.00S,1,1610612747,LAL,1629029,Dončić,L. Dončić,189,167,25,Missed,1,,,0,h,MISS Doncic 25' 3PT Step Back Jump Shot,Missed Shot,Step Back Jump shot,1,3,4,0042400165
0042400165,9,PT11M22.00S,1,1610612750,MIN,203497,Gobert,R. Gobert,0,0,0,,0,,,0,v,Gobert REBOUND (Off:0 Def:1),Rebound,Unknown,1,0,5,0042400165
0042400165,10,PT11M18.00S,1,1610612750,MIN,1630162,Edwards,A. Edwards,94,267,28,Missed,1,,,0,v,MISS Edwards 28' 3PT Running Pull-Up Jump Shot,Missed Shot,Running Pull-Up Jump Shot,1,3,6,0042400165
0042400165,11,PT11M17.00S,1,1610612747,LAL,1629029,Dončić,L. Dončić,0,0,0,,0,,,0,h,Doncic REBOUND (Off:0 Def:1),Rebound,Unknown,1,0,7,0042400165
0042400165,14,PT11M15.00S,1,1610612747,LAL,1629029,Dončić,L. Dončić,0,0,0,,0,,,0,h,Doncic Lost Ball Turnover (P1.T1),Turnover,Lost Ball,1,0,8,0042400165
0042400165,14,PT11M15.00S,1,1610612750,MIN,203944,Randle,J. Randle,0,0,0,,0,,,0,v,Randle STEAL (1 STL),,,1,0,9,0042400165
0042400165,16,PT11M14.00S,1,1610612750,MIN,203497,Gobert,R. Gobert,-1,6,1,Made,1,0,4,4,v,Gobert 1' Reverse Layup (2 PTS),Made Shot,Reverse Layup Shot,1,2,10,0042400165
0042400165,17,PT10M57.00S,1,1610612750,MIN,1630162,Edwards,A. Edwards,0,0,0,,0,,,0,v,Edwards P.FOUL (P1.T1) (J.Williams),Foul,Personal,1,0,11,0042400165
0042400165,80,PT10M50.00S,1,1610612747,LAL,1630559,Reaves,A. Reaves,0,0,0,,0,,,0,h,Reaves Out of Bounds Lost Ball Turnover (P1.T2),Turnover,Out of Bounds Lost Ball Turnover,1,0,12,0042400165
0042400165,23,PT10M31.00S,1,1610612750,MIN,203497,Gobert,R. Gobert,27,27,4,Made,1,0,6,6,v,Gobert 4' Cutting Finger Roll Layup Shot (4 PTS) (Randle 1 AST),Made Shot,Cutting Finger Roll Layup Shot,1,2,13,0042400165
0042400165,25,PT10M15.00S,1,1610612750,MIN,1630183,McDaniels,J. McDaniels,0,0,0,,0,,,0,v,McDaniels S.FOUL (P1.T2) (J.Goble),Foul,Shooting,1,0,14,0042400165
0042400165,27,PT10M15.00S,1,1610612747,LAL,1629029,Dončić,L. Dončić,0,0,0,,0,1,6,7,h,Doncic Free Throw 1 of 2 (1 PTS),Free Throw,Free Throw 1 of 2,1,0,15,0042400165
0042400165,28,PT10M15.00S,1,1610612747,LAL,1629029,Dončić,L. Dončić,0,0,0,,0,2,6,8,h,Doncic Free Throw 2 of 2 (2 PTS),Free Throw,Free Throw 2 of 2,1,0,16,0042400165
0042400165,29,PT10M01.00S,1,1610612750,MIN,201144,Conley,M. Conley,234,37,24,Missed,1,,,0,v,MISS Conley 24' 3PT Jump Shot,Missed Shot,Jump Shot,1,3,17,0042400165
0042400165,30,PT09M57.00S,1,1610612747,LAL,1629029,Dončić,L. Dončić,0,0,0,,0,,,0,h,Doncic REBOUND (Off:0 Def:2),Rebound,Unknown,1,0,18,0042400165
0042400165,31,PT09M50.00S,1,1610612747,LAL,1630559,Reaves,A. Reaves,-229,-17,0,Missed,1,,,0,h,MISS Reaves 3PT Jump Shot,Missed Shot,Jump Shot,1,3,19,0042400165
0042400165,32,PT09M45.00S,1,1610612750,MIN,1630162,Edwards,A. Edwards,0,0,0,,0,,,0,v,Edwards REBOUND (Off:0 Def:1),Rebound,Unknown,1,0,20,0042400165
0042400165,33,PT09M32.00S,1,1610612750,MIN,203944,Randle,J. Randle,173,214,28,Missed,1,,,0,v,MISS Randle 28' 3PT Pullup Jump Shot,Missed Shot,Pullup Jump shot,1,3,21,0042400165
0042400165,34,PT09M27.00S,1,1610612750,MIN,1630183,McDaniels,J. McDaniels,0,0,0,,0,,,0,v,McDaniels REBOUND (Off:1 Def:0),Rebound,Unknown,1,0,22,0042400165
0042400165,35,PT09M25.00S,1,1610612750,MIN,1630162,Edwards,A. Edwards,25,277,28,Missed,1,,,0,v,MISS Edwards 28' 3PT Jump Shot,Missed Shot,Jump Shot,1,3,23,0042400165
0042400165,36,PT09M20.00S,1,1610612750,MIN,203944,Randle,J. Randle,0,0,0,,0,,,0,v,Randle REBOUND (Off:1 Def:0),Rebound,Unknown,1,0,24,0042400165
0042400165,37,PT09M19.00S,1,1610612750,MIN,201144,Conley,M. Conley,234,36,24,Missed,1,,,0,v,MISS Conley 24' 3PT Jump Shot,Missed Shot,Jump Shot,1,3,25,0042400165
0042400165,38,PT09M13.00S,1,1610612750,MIN,1630162,Edwards,A. Edwards,0,0,0,,0,,,0,v,Edwards REBOUND (Off:1 Def:1),Rebound,Unknown,1,0,26,0042400165
0042400165,39,PT09M09.00S,1,1610612750,MIN,1630183,McDaniels,J. McDaniels,-151,194,25,Missed,1,,,0,v,MISS McDaniels 25' 3PT Jump Shot,Missed Shot,Jump Shot,1,3,27,0042400165
0042400165,40,PT09M06.00S,1,1610612747,LAL,2544,James,L. James,0,0,0,,0,,,0,h,L. James REBOUND (Off:0 Def:1),Rebound,Unknown,1,0,28,0042400165
0042400165,41,PT08M59.00S,1,1610612747,LAL,1630559,Reaves,A. Reaves,-45,70,8,Made,1,4,6,10,h,Reaves 8' Driving Floating Jump Shot (2 PTS) (L. James 1 AST),Made Shot,Driving Floating Jump Shot,1,2,29,0042400165
0042400165,43,PT08M45.00S,1,1610612750,MIN,1630162,Edwards,A. Edwards,211,220,30,Missed,1,,,0,v,MISS Edwards 30' 3PT Jump Shot,Missed Shot,Jump Shot,1,3,30,0042400165
0042400165,44,PT08M42.00S,1,1610612747,LAL,2544,James,L. James,0,0,0,,0,,,0,h,L. James REBOUND (Off:0 Def:2),Rebound,Unknown,1,0,31,0042400165
0042400165,45,PT08M36.00S,1,1610612747,LAL,1629060,Hachimura,R. Hachimura,-9,142,14,Missed,1,,,0,h,MISS Hachimura 14' Step Back Jump Shot,Missed Shot,Step Back Jump shot,1,2,32,0042400165
0042400165,46,PT08M30.00S,1,1610612750,MIN,1630183,McDaniels,J. McDaniels,0,0,0,,0,,,0,v,McDaniels REBOUND (Off:1 Def:1),Rebound,Unknown,1,0,33,0042400165
0042400165,47,PT08M27.00S,1,1610612750,MIN,203944,Randle,J. Randle,-26,31,4,Made,1,4,8,12,v,Randle 4' Running Layup (4 PTS),Made Shot,Running Layup Shot,1,2,34,0042400165
0042400165,48,PT08M27.00S,1,1610612747,LAL,1629029,Dončić,L. Dončić,0,0,0,,0,,,0,h,Doncic S.FOUL (P1.T1) (J.Williams),Foul,Shooting,1,0,35,0042400165
0042400165,50,PT08M27.00S,1,1610612750,MIN,203944,Randle,J. Randle,0,0,0,,0,4,9,13,v,Randle Free Throw 1 of 1 (5 PTS),Free Throw,Free Throw 1 of 1,1,0,36,0042400165
0042400165,51,PT08M14.00S,1,1610612750,MIN,1630183,McDaniels,J. McDaniels,0,0,0,,0,,,0,v,McDaniels S.FOUL (P2.T3) (J.Williams),Foul,Shooting,1,0,37,0042400165
0042400165,53,PT08M14.00S,1,1610612747,LAL,1629029,Dončić,L. Dončić,0,0,0,,0,,,0,h,MISS Doncic Free Throw 1 of 2,Free Throw,Free Throw 1 of 2,1,0,38,0042400165
0042400165,54,PT08M14.00S,1,0,,1610612747,,,0,0,0,,0,,,0,h,LAKERS Rebound,Rebound,Normal Rebound,0,0,39,0042400165
0042400165,55,PT08M14.00S,1,1610612747,LAL,1629029,Dončić,L. Dončić,0,0,0,,0,5,9,14,h,Doncic Free Throw 2 of 2 (3 PTS),Free Throw,Free Throw 2 of 2,1,0,40,0042400165
0042400165,56,PT07M56.00S,1,1610612750,MIN,1630183,McDaniels,J. McDaniels,6,4,1,Made,1,5,11,16,v,McDaniels 1' Driving Dunk (2 PTS) (Conley 1 AST),Made Shot,Driving Dunk Shot,1,2,41,0042400165
0042400165,58,PT07M38.00S,1,1610612747,LAL,2544,James,L. James,-60,104,12,Missed,1,,,0,h,MISS L. James 12' Fadeaway Jumper,Missed Shot,Fadeaway Jump Shot,1,2,42,0042400165
0042400165,59,PT07M34.00S,1,1610612750,MIN,203944,Randle,J. Randle,0,0,0,,0,,,0,v,Randle REBOUND (Off:1 Def:1),Rebound,Unknown,1,0,43,0042400165
0042400165,60,PT07M29.00S,1,1610612747,LAL,1629029,Dončić,L. Dončić,0,0,0,,0,,,0,h,Doncic S.FOUL (P2.T2) (R.Acosta),Foul,Shooting,1,0,44,0042400165
0042400165,62,PT07M29.00S,1,1610612750,MIN,203497,Gobert,R. Gobert,0,0,0,,0,,,0,v,MISS Gobert Free Throw 1 of 2,Free Throw,Free Throw 1 of 2,1,0,45,0042400165
0042400165,63,PT07M29.00S,1,0,,1610612750,,,0,0,0,,0,,,0,v,Timberwolves Rebound,Rebound,Normal Rebound,0,0,46,0042400165
0042400165,64,PT07M29.00S,1,1610612750,MIN,1630183,McDaniels,J. McDaniels,0,0,0,,0,,,0,v,SUB: DiVincenzo FOR McDaniels,Substitution,,0,0,47,0042400165
0042400165,66,PT07M29.00S,1,1610612750,MIN,203497,Gobert,R. Gobert,0,0,0,,0,5,12,17,v,Gobert Free Throw 2 of 2 (5 PTS),Free Throw,Free Throw 2 of 2,1,0,48,0042400165
0042400165,67,PT07M16.00S,1,1610612747,LAL,1629060,Hachimura,R. Hachimura,1,15,2,Made,1,7,12,19,h,Hachimura 2' Driving Dunk (2 PTS) (Doncic 1 AST),Made Shot,Driving Dunk Shot,1,2,49,0042400165
0042400165,69,PT07M02.00S,1,1610612750,MIN,203944,Randle,J. Randle,0,0,0,,0,,,0,v,Randle Out of Bounds - Bad Pass Turnover Turnover (P1.T1),Turnover,Out of Bounds - Bad Pass Turnover,1,0,50,0042400165
0042400165,70,PT06M52.00S,1,1610612747,LAL,1629060,Hachimura,R. Hachimura,-75,267,28,Missed,1,,,0,h,MISS Hachimura 28' 3PT Jump Shot,Missed Shot,Jump Shot,1,3,51,0042400165
0042400165,71,PT06M48.00S,1,1610612747,LAL,1629060,Hachimura,R. Hachimura,0,0,0,,0,,,0,h,Hachimura REBOUND (Off:1 Def:0),Rebound,Unknown,1,0,52,0042400165
0042400165,72,PT06M46.00S,1,1610612747,LAL,1629060,Hachimura,R. Hachimura,-13,8,2,Made,1,9,12,21,h,Hachimura 2' Putback Layup (4 PTS),Made Shot,Putback Layup Shot,1,2,53,0042400165
0042400165,73,PT06M29.00S,1,1610612750,MIN,203944,Randle,J. Randle,129,253,28,Made,1,9,15,24,v,Randle 28' 3PT Jump Shot (8 PTS) (Edwards 1 AST),Made Shot,Jump Shot,1,3,54,0042400165
0042400165,76,PT06M10.00S,1,1610612747,LAL,1627827,Finney-Smith,D. Finney-Smith,0,0,0,,0,,,0,h,Finney-Smith OFF.Foul (P1) (R.Acosta),Foul,Offensive,1,0,55,0042400165
0042400165,78,PT06M10.00S,1,1610612747,LAL,1627827,Finney-Smith,D. Finney-Smith,0,0,0,,0,,,0,h,Finney-Smith Offensive Foul Turnover (P1.T3),Turnover,Offensive Foul Turnover,1,0,56,0042400165
0042400165,79,PT06M10.00S,1,0,,1610612747,,,0,0,0,,0,,,0,h,LAKERS Timeout: Regular (Full 1 Short 0),Timeout,Regular,0,0,57,0042400165
0042400165,81,PT06M10.00S,1,1610612750,MIN,201144,Conley,M. Conley,0,0,0,,0,,,0,v,SUB: Alexander-Walker FOR Conley,Substitution,,0,0,58,0042400165
0042400165,82,PT06M10.00S,1,1610612750,MIN,203497,Gobert,R. Gobert,0,0,0,,0,,,0,v,SUB: Reid FOR Gobert,Substitution,,0,0,59,0042400165
0042400165,85,PT05M59.00S,1,1610612750,MIN,1628978,DiVincenzo,D. DiVincenzo,-174,187,26,Made,1,9,18,27,v,DiVincenzo 26' 3PT Jump Shot (3 PTS) (Randle 2 AST),Made Shot,Jump Shot,1,3,60,0042400165
0042400165,87,PT05M37.00S,1,1610612747,LAL,2544,James,L. James,5,62,6,Missed,1,,,0,h,MISS L. James 6' Driving Layup,Missed Shot,Driving Layup Shot,1,2,61,0042400165
0042400165,87,PT05M37.00S,1,1610612750,MIN,1629675,Reid,N. Reid,0,0,0,,0,,,0,v,Reid BLOCK (1 BLK),,,1,2,62,0042400165
0042400165,89,PT05M34.00S,1,1610612750,MIN,1628978,DiVincenzo,D. DiVincenzo,0,0,0,,0,,,0,v,DiVincenzo REBOUND (Off:0 Def:1),Rebound,Unknown,1,0,63,0042400165
0042400165,90,PT05M31.00S,1,1610612750,MIN,203944,Randle,J. Randle,0,0,0,,0,,,0,v,Randle Lost Ball Turnover (P2.T2),Turnover,Lost Ball,1,0,64,0042400165
0042400165,90,PT05M31.00S,1,1610612747,LAL,1629029,Dončić,L. Dončić,0,0,0,,0,,,0,h,Doncic STEAL (1 STL),,,1,0,65,0042400165
0042400165,92,PT05M22.00S,1,1610612747,LAL,1630559,Reaves,A. Reaves,-159,209,26,Missed,1,,,0,h,MISS Reaves 26' 3PT Jump Shot,Missed Shot,Jump Shot,1,3,66,0042400165
0042400165,93,PT05M18.00S,1,1610612750,MIN,1628978,DiVincenzo,D. DiVincenzo,0,0,0,,0,,,0,v,DiVincenzo REBOUND (Off:0 Def:2),Rebound,Unknown,1,0,67,0042400165
0042400165,94,PT05M10.00S,1,1610612750,MIN,1629638,Alexander-Walker,N. Alexander-Walker,-225,19,0,Made,1,9,21,30,v,Alexander-Walker 3PT Jump Shot (3 PTS) (Randle 3 AST),Made Shot,Jump Shot,1,3,68,0042400165
0042400165,97,PT04M52.00S,1,1610612747,LAL,1630559,Reaves,A. Reaves,0,0,0,,0,,,0,h,Reaves OFF.Foul (P1) (J.Williams),Foul,Offensive,1,0,69,0042400165
0042400165,99,PT04M52.00S,1,1610612747,LAL,1630559,Reaves,A. Reaves,0,0,0,,0,,,0,h,Reaves Offensive Foul Turnover (P2.T4),Turnover,Offensive Foul Turnover,1,0,70,0042400165
0042400165,100,PT04M52.00S,1,1610612747,LAL,2544,James,L. James,0,0,0,,0,,,0,h,SUB: Vanderbilt FOR L. James,Substitution,,0,0,71,0042400165
0042400165,101,PT04M52.00S,1,1610612747,LAL,1629060,Hachimura,R. Hachimura,0,0,0,,0,,,0,h,SUB: Vincent FOR Hachimura,Substitution,,0,0,72,0042400165
0042400165,104,PT04M42.00S,1,1610612750,MIN,1629675,Reid,N. Reid,82,282,29,Missed,1,,,0,v,MISS Reid 29' 3PT Jump Shot,Missed Shot,Jump Shot,1,3,73,0042400165
0042400165,105,PT04M39.00S,1,1610612747,LAL,1629029,Dončić,L. Dončić,0,0,0,,0,,,0,h,Doncic REBOUND (Off:0 Def:3),Rebound,Unknown,1,0,74,0042400165
0042400165,106,PT04M32.00S,1,1610612747,LAL,1629029,Dončić,L. Dončić,53,132,14,Missed,1,,,0,h,MISS Doncic 14' Turnaround Fadeaway Shot,Missed Shot,Turnaround Fadeaway shot,1,2,75,0042400165
0042400165,107,PT04M27.00S,1,1610612750,MIN,1630162,Edwards,A. Edwards,0,0,0,,0,,,0,v,Edwards REBOUND (Off:1 Def:2),Rebound,Unknown,1,0,76,0042400165
0042400165,108,PT04M16.00S,1,1610612750,MIN,1629638,Alexander-Walker,N. Alexander-Walker,227,-8,0,Missed,1,,,0,v,MISS Alexander-Walker 3PT Jump Shot,Missed Shot,Jump Shot,1,3,77,0042400165
0042400165,109,PT04M12.00S,1,1610612747,LAL,1629020,Vanderbilt,J. Vanderbilt,0,0,0,,0,,,0,h,Vanderbilt REBOUND (Off:0 Def:1),Rebound,Unknown,1,0,78,0042400165
0042400165,110,PT04M09.00S,1,1610612747,LAL,1627827,Finney-Smith,D. Finney-Smith,0,8,1,Made,1,11,21,32,h,Finney-Smith 1' Running Alley Oop Layup Shot (2 PTS) (Doncic 2 AST),Made Shot,Running Alley Oop Layup Shot,1,2,79,0042400165
0042400165,112,PT03M53.00S,1,1610612750,MIN,1630162,Edwards,A. Edwards,2,16,2,Made,1,11,23,34,v,Edwards 2' Driving Layup (2 PTS),Made Shot,Driving Layup Shot,1,2,80,0042400165
0042400165,113,PT03M40.00S,1,1610612747,LAL,1629029,Dončić,L. Dončić,-9,293,29,Missed,1,,,0,h,MISS Doncic 29' 3PT Step Back Jump Shot,Missed Shot,Step Back Jump shot,1,3,81,0042400165
0042400165,113,PT03M40.00S,1,1610612750,MIN,1629675,Reid,N. Reid,0,0,0,,0,,,0,v,Reid BLOCK (2 BLK),,,1,3,82,0042400165
0042400165,115,PT03M34.00S,1,1610612750,MIN,1629638,Alexander-Walker,N. Alexander-Walker,0,0,0,,0,,,0,v,Alexander-Walker REBOUND (Off:0 Def:1),Rebound,Unknown,1,0,83,0042400165
0042400165,116,PT03M33.00S,1,1610612750,MIN,1629675,Reid,N. Reid,21,27,3,Missed,1,,,0,v,MISS Reid 3' Running Layup,Missed Shot,Running Layup Shot,1,2,84,0042400165
0042400165,117,PT03M30.00S,1,1610612750,MIN,203944,Randle,J. Randle,0,0,0,,0,,,0,v,Randle REBOUND (Off:2 Def:1),Rebound,Unknown,1,0,85,0042400165
0042400165,118,PT03M27.00S,1,1610612750,MIN,1629638,Alexander-Walker,N. Alexander-Walker,-146,196,24,Missed,1,,,0,v,MISS Alexander-Walker 24' 3PT Jump Shot,Missed Shot,Jump Shot,1,3,86,0042400165
0042400165,119,PT03M25.00S,1,1610612747,LAL,1629216,Vincent,G. Vincent,0,0,0,,0,,,0,h,Vincent REBOUND (Off:0 Def:1),Rebound,Unknown,1,0,87,0042400165
0042400165,120,PT03M19.00S,1,1610612747,LAL,1630559,Reaves,A. Reaves,-55,257,26,Made,1,14,23,37,h,Reaves 26' 3PT Pullup Jump Shot (5 PTS),Made Shot,Pullup Jump shot,1,3,88,0042400165
0042400165,121,PT03M18.00S,1,0,,1610612750,,,0,0,0,,0,,,0,v,Timberwolves Timeout: Regular (Reg.1 Short 0),Timeout,Regular,0,0,89,0042400165
0042400165,122,PT03M18.00S,1,1610612747,LAL,1627827,Finney-Smith,D. Finney-Smith,0,0,0,,0,,,0,h,SUB: L. James FOR Finney-Smith,Substitution,,0,0,90,0042400165
0042400165,123,PT03M18.00S,1,1610612750,MIN,203944,Randle,J. Randle,0,0,0,,0,,,0,v,SUB: Gobert FOR Randle,Substitution,,0,0,91,0042400165
0042400165,126,PT03M04.00S,1,1610612750,MIN,1629638,Alexander-Walker,N. Alexander-Walker,0,0,0,,0,,,0,v,Alexander-Walker Bad Pass Turnover (P1.T3),Turnover,Bad Pass,1,0,92,0042400165
0042400165,126,PT03M04.00S,1,1610612747,LAL,1629020,Vanderbilt,J. Vanderbilt,0,0,0,,0,,,0,h,Vanderbilt STEAL (1 STL),,,1,0,93,0042400165
0042400165,128,PT03M02.00S,1,1610612747,LAL,2544,James,L. James,0,0,0,,0,,,0,h,L. James Bad Pass Turnover (P1.T5),Turnover,Bad Pass,1,0,94,0042400165
0042400165,128,PT03M02.00S,1,1610612750,MIN,1629638,Alexander-Walker,N. Alexander-Walker,0,0,0,,0,,,0,v,Alexander-Walker STEAL (1 STL),,,1,0,95,0042400165
0042400165,130,PT03M02.00S,1,1610612747,LAL,1629020,Vanderbilt,J. Vanderbilt,0,0,0,,0,,,0,h,Vanderbilt S.FOUL (P1.T3) (J.Williams),Foul,Shooting,1,0,96,0042400165
0042400165,132,PT03M02.00S,1,1610612750,MIN,1629638,Alexander-Walker,N. Alexander-Walker,0,0,0,,0,14,24,38,v,Alexander-Walker Free Throw 1 of 2 (4 PTS),Free Throw,Free Throw 1 of 2,1,0,97,0042400165
0042400165,133,PT03M02.00S,1,1610612750,MIN,1629638,Alexander-Walker,N. Alexander-Walker,0,0,0,,0,14,25,39,v,Alexander-Walker Free Throw 2 of 2 (5 PTS),Free Throw,Free Throw 2 of 2,1,0,98,0042400165
0042400165,134,PT02M48.00S,1,1610612750,MIN,1629675,Reid,N. Reid,0,0,0,,0,,,0,v,Reid S.FOUL (P1.T4) (J.Williams),Foul,Shooting,1,0,99,0042400165
0042400165,136,PT02M48.00S,1,1610612747,LAL,2544,James,L. James,0,0,0,,0,,,0,h,MISS L. James Free Throw 1 of 2,Free Throw,Free Throw 1 of 2,1,0,100,0042400165
0042400165,137,PT02M48.00S,1,0,,1610612747,,,0,0,0,,0,,,0,h,LAKERS Rebound,Rebound,Normal Rebound,0,0,101,0042400165
0042400165,138,PT02M48.00S,1,1610612747,LAL,1630559,Reaves,A. Reaves,0,0,0,,0,,,0,h,SUB: Kleber FOR Reaves,Substitution,,0,0,102,0042400165
0042400165,140,PT02M48.00S,1,1610612747,LAL,2544,James,L. James,0,0,0,,0,15,25,40,h,L. James Free Throw 2 of 2 (1 PTS),Free Throw,Free Throw 2 of 2,1,0,103,0042400165
0042400165,142,PT02M27.00S,1,1610612750,MIN,1629675,Reid,N. Reid,18,74,8,Made,1,15,27,42,v,Reid 8' Turnaround Hook Shot (2 PTS) (Alexander-Walker 1 AST),Made Shot,Turnaround Hook Shot,1,2,104,0042400165
0042400165,144,PT02M00.00S,1,1610612747,LAL,1629216,Vincent,G. Vincent,-183,200,27,Missed,1,,,0,h,MISS Vincent 27' 3PT Jump Shot,Missed Shot,Jump Shot,1,3,105,0042400165
0042400165,145,PT01M58.00S,1,0,,1610612750,,,0,0,0,,0,,,0,v,Timberwolves Rebound,Rebound,Unknown,0,0,106,0042400165
0042400165,146,PT01M58.00S,1,1610612747,LAL,1628467,Kleber,M. Kleber,0,0,0,,0,,,0,h,Kleber L.B.FOUL (P1.T4) (R.Acosta),Foul,Loose Ball,1,0,107,0042400165
0042400165,148,PT01M46.00S,1,1610612750,MIN,203497,Gobert,R. Gobert,-4,6,1,Made,1,15,29,44,v,Gobert 1' Dunk (7 PTS) (Reid 1 AST),Made Shot,Dunk Shot,1,2,108,0042400165
0042400165,150,PT01M37.00S,1,1610612747,LAL,2544,James,L. James,0,0,0,,0,,,0,h,L. James Bad Pass Turnover (P2.T6),Turnover,Bad Pass,1,0,109,0042400165
0042400165,150,PT01M37.00S,1,1610612750,MIN,1628978,DiVincenzo,D. DiVincenzo,0,0,0,,0,,,0,v,DiVincenzo STEAL (1 STL),,,1,0,110,0042400165
0042400165,152,PT01M33.00S,1,1610612750,MIN,1628978,DiVincenzo,D. DiVincenzo,0,0,0,,0,,,0,v,DiVincenzo Bad Pass Turnover (P1.T4),Turnover,Bad Pass,1,0,111,0042400165
0042400165,152,PT01M33.00S,1,1610612747,LAL,2544,James,L. James,0,0,0,,0,,,0,h,L. James STEAL (1 STL),,,1,0,112,0042400165
0042400165,154,PT01M29.00S,1,1610612747,LAL,2544,James,L. James,12,43,4,Made,1,17,29,46,h,L. James 4' Driving Layup (3 PTS),Made Shot,Driving Layup Shot,1,2,113,0042400165
0042400165,155,PT01M23.00S,1,1610612750,MIN,1628978,DiVincenzo,D. DiVincenzo,-154,220,27,Missed,1,,,0,v,MISS DiVincenzo 27' 3PT Jump Shot,Missed Shot,Jump Shot,1,3,114,0042400165
0042400165,156,PT01M21.00S,1,1610612747,LAL,1629020,Vanderbilt,J. Vanderbilt,0,0,0,,0,,,0,h,Vanderbilt REBOUND (Off:0 Def:2),Rebound,Unknown,1,0,115,0042400165
0042400165,157,PT01M21.00S,1,1610612750,MIN,203497,Gobert,R. Gobert,0,0,0,,0,,,0,v,Gobert P.FOUL (P1.PN) (J.Williams),Foul,Personal,1,0,116,0042400165
0042400165,159,PT01M21.00S,1,1610612747,LAL,1628467,Kleber,M. Kleber,0,0,0,,0,18,29,47,h,Kleber Free Throw 1 of 2 (1 PTS),Free Throw,Free Throw 1 of 2,1,0,117,0042400165
0042400165,160,PT01M21.00S,1,1610612747,LAL,1628467,Kleber,M. Kleber,0,0,0,,0,19,29,48,h,Kleber Free Throw 2 of 2 (2 PTS),Free Throw,Free Throw 2 of 2,1,0,118,0042400165
0042400165,161,PT01M09.00S,1,1610612750,MIN,1628978,DiVincenzo,D. DiVincenzo,0,0,0,,0,,,0,v,DiVincenzo Out of Bounds - Bad Pass Turnover Turnover (P2.T5),Turnover,Out of Bounds - Bad Pass Turnover,1,0,119,0042400165
0042400165,162,PT00M58.10S,1,1610612747,LAL,1629029,Dončić,L. Dončić,37,32,5,Missed,1,,,0,h,MISS Doncic 5' Turnaround Bank Shot,Missed Shot,Turnaround Bank shot,1,2,120,0042400165
0042400165,163,PT00M56.40S,1,1610612750,MIN,203497,Gobert,R. Gobert,0,0,0,,0,,,0,v,Gobert REBOUND (Off:0 Def:2),Rebound,Unknown,1,0,121,0042400165
0042400165,164,PT00M51.80S,1,1610612750,MIN,203497,Gobert,R. Gobert,13,14,2,Made,1,19,31,50,v,Gobert 2' Running Finger Roll Layup (9 PTS) (DiVincenzo 1 AST),Made Shot,Running Finger Roll Layup Shot,1,2,122,0042400165
0042400165,166,PT00M44.10S,1,1610612747,LAL,2544,James,L. James,-5,196,20,Missed,1,,,0,h,MISS L. James 20' Fadeaway Jumper,Missed Shot,Fadeaway Jump Shot,1,2,123,0042400165
0042400165,167,PT00M42.40S,1,1610612750,MIN,1629675,Reid,N. Reid,0,0,0,,0,,,0,v,Reid REBOUND (Off:0 Def:1),Rebound,Unknown,1,0,124,0042400165
0042400165,170,PT00M23.00S,1,1610612750,MIN,1629638,Alexander-Walker,N. Alexander-Walker,154,218,27,Missed,1,,,0,v,MISS Alexander-Walker 27' 3PT Jump Shot,Missed Shot,Jump Shot,1,3,125,0042400165
0042400165,171,PT00M20.00S,1,0,,1610612747,,,0,0,0,,0,,,0,h,LAKERS Rebound,Rebound,Unknown,0,0,126,0042400165
0042400165,173,PT00M20.00S,1,1610612747,LAL,1629020,Vanderbilt,J. Vanderbilt,0,0,0,,0,,,0,h,SUB: Reaves FOR Vanderbilt,Substitution,,0,0,127,0042400165
0042400165,175,PT00M20.00S,1,1610612750,MIN,203497,Gobert,R. Gobert,0,0,0,,0,,,0,v,SUB: Randle FOR Gobert,Substitution,,0,0,128,0042400165
0042400165,177,PT00M02.90S,1,1610612750,MIN,203944,Randle,J. Randle,0,0,0,,0,,,0,v,Randle S.FOUL (P1.PN) (J.Goble),Foul,Shooting,1,0,129,0042400165
0042400165,179,PT00M02.90S,1,1610612747,LAL,1629029,Dončić,L. Dončić,0,0,0,,0,20,31,51,h,Doncic Free Throw 1 of 3 (4 PTS),Free Throw,Free Throw 1 of 3,1,0,130,0042400165
0042400165,180,PT00M02.90S,1,1610612747,LAL,1629029,Dončić,L. Dončić,0,0,0,,0,21,31,52,h,Doncic Free Throw 2 of 3 (5 PTS),Free Throw,Free Throw 2 of 3,1,0,131,0042400165
0042400165,181,PT00M02.90S,1,1610612747,LAL,1630559,Reaves,A. Reaves,0,0,0,,0,,,0,h,SUB: Vanderbilt FOR Reaves,Substitution,,0,0,132,0042400165
0042400165,183,PT00M02.90S,1,1610612747,LAL,1629029,Dončić,L. Dončić,0,0,0,,0,22,31,53,h,Doncic Free Throw 3 of 3 (6 PTS),Free Throw,Free Throw 3 of 3,1,0,133,0042400165
0042400165,184,PT00M01.20S,1,1610612750,MIN,1628978,DiVincenzo,D. DiVincenzo,114,460,47,Missed,1,,,0,v,MISS DiVincenzo 47' 3PT Pullup Jump Shot,Missed Shot,Pullup Jump shot,1,3,134,0042400165
0042400165,185,PT00M00.10S,1,0,,1610612750,,,0,0,0,,0,,,0,v,Timberwolves Rebound,Rebound,Unknown,0,0,135,0042400165
0042400165,186,PT00M00.00S,1,0,,0,,,0,0,0,,0,22,31,53,,End of 1st Period (10:44 PM EST),period,end,1,0,136,0042400165
0042400165,195,PT12M00.00S,2,0,,0,,,0,0,0,,0,22,31,53,,Start of 2nd Period (10:48 PM EST),period,start,0,0,137,0042400165
0042400165,196,PT11M47.00S,2,1610612747,LAL,2544,James,L. James,-4,6,1,Made,1,24,31,55,h,L. James 1' Driving Dunk (5 PTS) (Vincent 1 AST),Made Shot,Driving Dunk Shot,1,2,138,0042400165
0042400165,198,PT11M32.00S,2,1610612750,MIN,1628978,DiVincenzo,D. DiVincenzo,-223,2,0,Missed,1,,,0,v,MISS DiVincenzo 3PT Jump Shot,Missed Shot,Jump Shot,1,3,139,0042400165
0042400165,199,PT11M28.00S,2,1610612750,MIN,1630183,McDaniels,J. McDaniels,0,0,0,,0,,,0,v,McDaniels REBOUND (Off:2 Def:1),Rebound,Unknown,1,0,140,0042400165
0042400165,200,PT11M27.00S,2,1610612750,MIN,203944,Randle,J. Randle,152,219,27,Missed,1,,,0,v,MISS Randle 27' 3PT Jump Shot,Missed Shot,Jump Shot,1,3,141,0042400165
0042400165,201,PT11M24.00S,2,1610612750,MIN,1628978,DiVincenzo,D. DiVincenzo,0,0,0,,0,,,0,v,DiVincenzo REBOUND (Off:1 Def:2),Rebound,Unknown,1,0,142,0042400165
0042400165,202,PT11M24.00S,2,1610612750,MIN,203944,Randle,J. Randle,0,0,0,,0,,,0,v,Randle Offensive Charge Foul (P2) (J.Williams),Foul,Offensive Charge,1,0,143,0042400165
0042400165,204,PT11M24.00S,2,1610612750,MIN,203944,Randle,J. Randle,0,0,0,,0,,,0,v,Randle Offensive Foul Turnover (P3.T6),Turnover,Offensive Foul Turnover,1,0,144,0042400165
0042400165,205,PT11M15.00S,2,1610612750,MIN,203944,Randle,J. Randle,0,0,0,,0,,,0,v,Randle P.FOUL (P3.T1) (J.Williams),Foul,Personal,1,0,145,0042400165
0042400165,207,PT11M15.00S,2,1610612750,MIN,203944,Randle,J. Randle,0,0,0,,0,,,0,v,SUB: Gobert FOR Randle,Substitution,,0,0,146,0042400165
0042400165,209,PT10M59.00S,2,1610612747,LAL,2544,James,L. James,53,118,13,Missed,1,,,0,h,MISS L. James 13' Turnaround Fadeaway Shot,Missed Shot,Turnaround Fadeaway shot,1,2,147,0042400165
0042400165,210,PT10M52.00S,2,1610612750,MIN,201144,Conley,M. Conley,0,0,0,,0,,,0,v,Conley REBOUND (Off:0 Def:1),Rebound,Unknown,1,0,148,0042400165
0042400165,211,PT10M45.00S,2,1610612750,MIN,1629675,Reid,N. Reid,0,0,0,,0,,,0,v,Reid Lost Ball Turnover (P1.T7),Turnover,Lost Ball,1,0,149,0042400165
0042400165,211,PT10M45.00S,2,1610612747,LAL,2544,James,L. James,0,0,0,,0,,,0,h,L. James STEAL (2 STL),,,1,0,150,0042400165
0042400165,213,PT10M41.00S,2,1610612747,LAL,1630559,Reaves,A. Reaves,10,23,3,Made,1,26,31,57,h,Reaves 3' Running Layup (7 PTS) (L. James 2 AST),Made Shot,Running Layup Shot,1,2,151,0042400165
0042400165,215,PT10M34.00S,2,1610612747,LAL,1629020,Vanderbilt,J. Vanderbilt,0,0,0,,0,,,0,h,Vanderbilt P.FOUL (P2.T1) (R.Acosta),Foul,Personal,1,0,152,0042400165
0042400165,218,PT10M24.00S,2,1610612747,LAL,1630559,Reaves,A. Reaves,0,0,0,,0,,,0,h,Reaves S.FOUL (P2.T2) (J.Goble),Foul,Shooting,1,0,153,0042400165
0042400165,220,PT10M24.00S,2,1610612750,MIN,1628978,DiVincenzo,D. DiVincenzo,0,0,0,,0,26,32,58,v,DiVincenzo Free Throw 1 of 2 (4 PTS),Free Throw,Free Throw 1 of 2,1,0,154,0042400165
0042400165,221,PT10M24.00S,2,1610612750,MIN,1628978,DiVincenzo,D. DiVincenzo,0,0,0,,0,,,0,v,MISS DiVincenzo Free Throw 2 of 2,Free Throw,Free Throw 2 of 2,1,0,155,0042400165
0042400165,222,PT10M21.00S,2,1610612747,LAL,2544,James,L. James,0,0,0,,0,,,0,h,L. James REBOUND (Off:0 Def:3),Rebound,Unknown,1,0,156,0042400165
0042400165,223,PT10M18.00S,2,1610612747,LAL,2544,James,L. James,11,12,2,Made,1,28,32,60,h,L. James 2' Running Layup (7 PTS) (Vincent 2 AST),Made Shot,Running Layup Shot,1,2,157,0042400165
0042400165,225,PT10M18.00S,2,1610612750,MIN,1630183,McDaniels,J. McDaniels,0,0,0,,0,,,0,v,McDaniels S.FOUL (P3.T2) (J.Goble),Foul,Shooting,1,0,158,0042400165
0042400165,227,PT10M18.00S,2,1610612750,MIN,1630183,McDaniels,J. McDaniels,0,0,0,,0,,,0,v,SUB: Edwards FOR McDaniels,Substitution,,0,0,159,0042400165
0042400165,229,PT10M18.00S,2,1610612747,LAL,2544,James,L. James,0,0,0,,0,29,32,61,h,L. James Free Throw 1 of 1 (8 PTS),Free Throw,Free Throw 1 of 1,1,0,160,0042400165
0042400165,230,PT10M03.00S,2,1610612750,MIN,1628978,DiVincenzo,D. DiVincenzo,96,252,27,Missed,1,,,0,v,MISS DiVincenzo 27' 3PT Step Back Jump Shot,Missed Shot,Step Back Jump shot,1,3,161,0042400165
0042400165,231,PT09M59.00S,2,1610612750,MIN,203497,Gobert,R. Gobert,0,0,0,,0,,,0,v,Gobert REBOUND (Off:1 Def:2),Rebound,Unknown,1,0,162,0042400165
0042400165,232,PT09M54.00S,2,1610612750,MIN,1630162,Edwards,A. Edwards,-205,172,27,Missed,1,,,0,v,MISS Edwards 27' 3PT Pullup Jump Shot,Missed Shot,Pullup Jump shot,1,3,163,0042400165
0042400165,233,PT09M50.00S,2,1610612750,MIN,203497,Gobert,R. Gobert,0,0,0,,0,,,0,v,Gobert REBOUND (Off:2 Def:2),Rebound,Unknown,1,0,164,0042400165
0042400165,234,PT09M50.00S,2,1610612750,MIN,203497,Gobert,R. Gobert,9,24,3,Made,1,29,34,63,v,Gobert 3' Putback Dunk (11 PTS),Made Shot,Putback Dunk Shot,1,2,165,0042400165
0042400165,235,PT09M50.00S,2,0,,1610612750,,,0,0,0,,0,,,0,v,Timberwolves Violation: Delay of game Violation,Violation,Delay Of Game,0,0,166,0042400165
0042400165,236,PT09M32.00S,2,1610612750,MIN,203497,Gobert,R. Gobert,0,0,0,,0,,,0,v,Gobert S.FOUL (P2.T3) (J.Goble),Foul,Shooting,1,0,167,0042400165
0042400165,238,PT09M32.00S,2,1610612747,LAL,1629020,Vanderbilt,J. Vanderbilt,0,0,0,,0,30,34,64,h,Vanderbilt Free Throw 1 of 2 (1 PTS),Free Throw,Free Throw 1 of 2,1,0,168,0042400165
0042400165,239,PT09M32.00S,2,1610612747,LAL,1629020,Vanderbilt,J. Vanderbilt,0,0,0,,0,31,34,65,h,Vanderbilt Free Throw 2 of 2 (2 PTS),Free Throw,Free Throw 2 of 2,1,0,169,0042400165
0042400165,240,PT09M14.00S,2,1610612750,MIN,1630162,Edwards,A. Edwards,12,15,2,Made,1,31,36,67,v,Edwards 2' Driving Layup (4 PTS),Made Shot,Driving Layup Shot,1,2,170,0042400165
0042400165,241,PT09M01.00S,2,1610612747,LAL,1629060,Hachimura,R. Hachimura,140,233,27,Made,1,34,36,70,h,Hachimura 27' 3PT Jump Shot (7 PTS) (Vanderbilt 1 AST),Made Shot,Jump Shot,1,3,171,0042400165
0042400165,243,PT08M44.00S,2,1610612750,MIN,1630162,Edwards,A. Edwards,23,24,3,Made,1,34,38,72,v,Edwards 3' Driving Layup (6 PTS) (DiVincenzo 2 AST),Made Shot,Driving Layup Shot,1,2,172,0042400165
0042400165,245,PT08M44.00S,2,1610612747,LAL,1629216,Vincent,G. Vincent,0,0,0,,0,,,0,h,Vincent S.FOUL (P1.T3) (J.Goble),Foul,Shooting,1,0,173,0042400165
0042400165,247,PT08M44.00S,2,1610612747,LAL,1629216,Vincent,G. Vincent,0,0,0,,0,,,0,h,SUB: Doncic FOR Vincent,Substitution,,0,0,174,0042400165
0042400165,249,PT08M44.00S,2,1610612747,LAL,1629020,Vanderbilt,J. Vanderbilt,0,0,0,,0,,,0,h,SUB: Finney-Smith FOR Vanderbilt,Substitution,,0,0,175,0042400165
0042400165,251,PT08M44.00S,2,1610612750,MIN,1630162,Edwards,A. Edwards,0,0,0,,0,,,0,v,MISS Edwards Free Throw 1 of 1,Free Throw,Free Throw 1 of 1,1,0,176,0042400165
0042400165,252,PT08M42.00S,2,0,,1610612750,,,0,0,0,,0,,,0,v,Timberwolves Rebound,Rebound,Unknown,1,0,177,0042400165
0042400165,254,PT08M42.00S,2,1610612750,MIN,1628978,DiVincenzo,D. DiVincenzo,0,0,0,,0,,,0,v,SUB: Alexander-Walker FOR DiVincenzo,Substitution,,0,0,178,0042400165
0042400165,256,PT08M41.00S,2,1610612747,LAL,1629060,Hachimura,R. Hachimura,0,0,0,,0,,,0,h,Hachimura P.FOUL (P1.T4) (J.Goble),Foul,Personal,1,0,179,0042400165
0042400165,258,PT08M29.00S,2,1610612750,MIN,201144,Conley,M. Conley,227,4,0,Made,1,34,41,75,v,Conley 3PT Jump Shot (3 PTS) (Reid 2 AST),Made Shot,Jump Shot,1,3,180,0042400165
0042400165,260,PT08M14.00S,2,1610612747,LAL,1630559,Reaves,A. Reaves,0,0,0,,0,,,0,h,Reaves Out of Bounds Lost Ball Turnover (P3.T7),Turnover,Out of Bounds Lost Ball Turnover,1,0,181,0042400165
0042400165,261,PT08M00.00S,2,1610612750,MIN,1629638,Alexander-Walker,N. Alexander-Walker,235,8,24,Missed,1,,,0,v,MISS Alexander-Walker 24' 3PT Jump Shot,Missed Shot,Jump Shot,1,3,182,0042400165
0042400165,262,PT07M56.00S,2,1610612747,LAL,2544,James,L. James,0,0,0,,0,,,0,h,L. James REBOUND (Off:0 Def:4),Rebound,Unknown,1,0,183,0042400165
0042400165,263,PT07M53.00S,2,1610612747,LAL,1629060,Hachimura,R. Hachimura,-34,41,5,Missed,1,,,0,h,MISS Hachimura 5' Running Layup,Missed Shot,Running Layup Shot,1,2,184,0042400165
0042400165,263,PT07M53.00S,2,1610612750,MIN,203497,Gobert,R. Gobert,0,0,0,,0,,,0,v,Gobert BLOCK (1 BLK),,,1,2,185,0042400165
0042400165,265,PT07M50.00S,2,1610612750,MIN,203497,Gobert,R. Gobert,0,0,0,,0,,,0,v,Gobert REBOUND (Off:2 Def:3),Rebound,Unknown,1,0,186,0042400165
0042400165,266,PT07M35.00S,2,1610612750,MIN,201144,Conley,M. Conley,-197,157,25,Missed,1,,,0,v,MISS Conley 25' 3PT Jump Shot,Missed Shot,Jump Shot,1,3,187,0042400165
0042400165,267,PT07M30.00S,2,1610612747,LAL,1629029,Dončić,L. Dončić,0,0,0,,0,,,0,h,Doncic REBOUND (Off:0 Def:4),Rebound,Unknown,1,0,188,0042400165
0042400165,268,PT07M15.00S,2,1610612747,LAL,1629060,Hachimura,R. Hachimura,-232,33,0,Made,1,37,41,78,h,Hachimura 3PT Jump Shot (10 PTS) (Doncic 3 AST),Made Shot,Jump Shot,1,3,189,0042400165
0042400165,270,PT07M01.00S,2,1610612750,MIN,1629638,Alexander-Walker,N. Alexander-Walker,237,26,24,Made,1,37,44,81,v,Alexander-Walker 24' 3PT Jump Shot (8 PTS) (Edwards 2 AST),Made Shot,Jump Shot,1,3,190,0042400165
0042400165,272,PT06M53.00S,2,0,,1610612747,,,0,0,0,,0,,,0,h,LAKERS Timeout: Regular (Full 2 Short 0),Timeout,Regular,0,0,191,0042400165
0042400165,273,PT06M53.00S,2,1610612747,LAL,2544,James,L. James,0,0,0,,0,,,0,h,SUB: Vanderbilt FOR L. James,Substitution,,0,0,192,0042400165
0042400165,274,PT06M53.00S,2,1610612750,MIN,201144,Conley,M. Conley,0,0,0,,0,,,0,v,SUB: DiVincenzo FOR Conley,Substitution,,0,0,193,0042400165
0042400165,277,PT06M41.00S,2,1610612747,LAL,1627827,Finney-Smith,D. Finney-Smith,-5,22,2,Made,1,39,44,83,h,Finney-Smith 2' Reverse Layup (4 PTS) (Vanderbilt 2 AST),Made Shot,Reverse Layup Shot,1,2,194,0042400165
0042400165,279,PT06M15.00S,2,1610612750,MIN,1630162,Edwards,A. Edwards,-169,194,26,Missed,1,,,0,v,MISS Edwards 26' 3PT Pullup Jump Shot,Missed Shot,Pullup Jump shot,1,3,195,0042400165
0042400165,280,PT06M11.00S,2,1610612747,LAL,1629020,Vanderbilt,J. Vanderbilt,0,0,0,,0,,,0,h,Vanderbilt REBOUND (Off:0 Def:3),Rebound,Unknown,1,0,196,0042400165
0042400165,281,PT06M04.00S,2,1610612747,LAL,1629029,Dončić,L. Dončić,-50,90,10,Made,1,41,44,85,h,Doncic 10' Step Back Jump Shot (8 PTS),Made Shot,Step Back Jump shot,1,2,197,0042400165
0042400165,282,PT05M43.00S,2,1610612750,MIN,1628978,DiVincenzo,D. DiVincenzo,230,58,24,Missed,1,,,0,v,MISS DiVincenzo 24' 3PT Jump Shot,Missed Shot,Jump Shot,1,3,198,0042400165
0042400165,283,PT05M40.00S,2,1610612750,MIN,203497,Gobert,R. Gobert,0,0,0,,0,,,0,v,Gobert REBOUND (Off:3 Def:3),Rebound,Unknown,1,0,199,0042400165
0042400165,284,PT05M40.00S,2,1610612750,MIN,203497,Gobert,R. Gobert,0,0,0,Missed,1,,,0,v,MISS Gobert Tip Layup Shot,Missed Shot,Tip Layup Shot,1,2,200,0042400165
0042400165,285,PT05M40.00S,2,0,,1610612750,,,0,0,0,,0,,,0,v,Timberwolves Rebound,Rebound,Unknown,0,0,201,0042400165
0042400165,290,PT05M28.00S,2,1610612750,MIN,203497,Gobert,R. Gobert,-11,51,5,Missed,1,,,0,v,MISS Gobert 5' Layup,Missed Shot,Layup Shot,1,2,202,0042400165
0042400165,292,PT05M27.00S,2,1610612750,MIN,203497,Gobert,R. Gobert,0,0,0,,0,,,0,v,Gobert REBOUND (Off:4 Def:3),Rebound,Unknown,0,0,203,0042400165
0042400165,287,PT05M26.00S,2,1610612750,MIN,203497,Gobert,R. Gobert,-42,13,4,Missed,1,,,0,v,MISS Gobert 4' Putback Layup,Missed Shot,Putback Layup Shot,1,2,204,0042400165
0042400165,287,PT05M26.00S,2,1610612747,LAL,1629060,Hachimura,R. Hachimura,0,0,0,,0,,,0,h,Hachimura BLOCK (1 BLK),,,1,2,205,0042400165
0042400165,289,PT05M26.00S,2,0,,1610612750,,,0,0,0,,0,,,0,v,Timberwolves Rebound,Rebound,Unknown,1,0,206,0042400165
0042400165,293,PT05M26.00S,2,0,,1610612750,,,0,0,0,,0,,,0,v,Timberwolves Turnover: Shot Clock (T#8),Turnover,Shot Clock Turnover,1,0,207,0042400165
0042400165,294,PT05M15.00S,2,1610612747,LAL,1629060,Hachimura,R. Hachimura,234,11,0,Missed,1,,,0,h,MISS Hachimura 3PT Jump Shot,Missed Shot,Jump Shot,1,3,208,0042400165
0042400165,295,PT05M11.00S,2,1610612750,MIN,1630162,Edwards,A. Edwards,0,0,0,,0,,,0,v,Edwards REBOUND (Off:1 Def:3),Rebound,Unknown,1,0,209,0042400165
0042400165,296,PT05M05.00S,2,1610612750,MIN,1628978,DiVincenzo,D. DiVincenzo,232,-12,0,Made,1,41,47,88,v,DiVincenzo 3PT Jump Shot (7 PTS) (Edwards 3 AST),Made Shot,Jump Shot,1,3,210,0042400165
0042400165,298,PT04M48.00S,2,1610612747,LAL,1630559,Reaves,A. Reaves,0,0,0,,0,,,0,h,Reaves Lost Ball Turnover (P4.T8),Turnover,Lost Ball,1,0,211,0042400165
0042400165,298,PT04M48.00S,2,1610612750,MIN,1630162,Edwards,A. Edwards,0,0,0,,0,,,0,v,Edwards STEAL (1 STL),,,1,0,212,0042400165
0042400165,300,PT04M34.00S,2,1610612750,MIN,1628978,DiVincenzo,D. DiVincenzo,180,260,32,Missed,1,,,0,v,MISS DiVincenzo 32' 3PT Jump Shot,Missed Shot,Jump Shot,1,3,213,0042400165
0042400165,301,PT04M30.00S,2,1610612747,LAL,1629020,Vanderbilt,J. Vanderbilt,0,0,0,,0,,,0,h,Vanderbilt REBOUND (Off:0 Def:4),Rebound,Unknown,1,0,214,0042400165
0042400165,302,PT04M28.00S,2,1610612747,LAL,1629029,Dončić,L. Dončić,-156,238,28,Missed,1,,,0,h,MISS Doncic 28' 3PT Running Pull-Up Jump Shot,Missed Shot,Running Pull-Up Jump Shot,1,3,215,0042400165
0042400165,303,PT04M21.00S,2,1610612747,LAL,1629060,Hachimura,R. Hachimura,0,0,0,,0,,,0,h,Hachimura REBOUND (Off:2 Def:0),Rebound,Unknown,1,0,216,0042400165
0042400165,304,PT04M21.00S,2,1610612747,LAL,1629060,Hachimura,R. Hachimura,0,0,0,,0,,,0,h,Hachimura Bad Pass Turnover (P1.T9),Turnover,Bad Pass,1,0,217,0042400165
0042400165,304,PT04M21.00S,2,1610612750,MIN,1628978,DiVincenzo,D. DiVincenzo,0,0,0,,0,,,0,v,DiVincenzo STEAL (2 STL),,,1,0,218,0042400165
0042400165,306,PT04M21.00S,2,1610612747,LAL,1627827,Finney-Smith,D. Finney-Smith,0,0,0,,0,,,0,h,Finney-Smith S.FOUL (P2.PN) (R.Acosta),Foul,Shooting,1,0,219,0042400165
0042400165,308,PT04M21.00S,2,0,,1610612747,,,0,0,0,,0,,,0,h,LAKERS Violation: Delay of game Violation,Violation,Delay Of Game,0,0,220,0042400165
0042400165,309,PT04M21.00S,2,1610612750,MIN,1630162,Edwards,A. Edwards,0,0,0,,0,41,48,89,v,Edwards Free Throw 1 of 2 (7 PTS),Free Throw,Free Throw 1 of 2,1,0,221,0042400165
0042400165,310,PT04M21.00S,2,1610612747,LAL,1630559,Reaves,A. Reaves,0,0,0,,0,,,0,h,SUB: Vincent FOR Reaves,Substitution,,0,0,222,0042400165
0042400165,311,PT04M21.00S,2,1610612747,LAL,1629060,Hachimura,R. Hachimura,0,0,0,,0,,,0,h,SUB: L. James FOR Hachimura,Substitution,,0,0,223,0042400165
0042400165,312,PT04M21.00S,2,1610612750,MIN,1629675,Reid,N. Reid,0,0,0,,0,,,0,v,SUB: Conley FOR Reid,Substitution,,0,0,224,0042400165
0042400165,316,PT04M21.00S,2,1610612750,MIN,1630162,Edwards,A. Edwards,0,0,0,,0,41,49,90,v,Edwards Free Throw 2 of 2 (8 PTS),Free Throw,Free Throw 2 of 2,1,0,225,0042400165
0042400165,317,PT04M08.00S,2,1610612747,LAL,1629029,Dončić,L. Dončić,56,155,16,Made,1,43,49,92,h,Doncic 16' Step Back Jump Shot (10 PTS),Made Shot,Step Back Jump shot,1,2,226,0042400165
0042400165,318,PT03M43.00S,2,1610612750,MIN,203497,Gobert,R. Gobert,0,3,0,Made,1,43,51,94,v,Gobert Alley Oop Dunk (13 PTS) (Alexander-Walker 2 AST),Made Shot,Alley Oop Dunk Shot,1,2,227,0042400165
0042400165,320,PT03M25.00S,2,1610612747,LAL,2544,James,L. James,0,0,0,,0,,,0,h,L. James Bad Pass Turnover (P3.T10),Turnover,Bad Pass,1,0,228,0042400165
0042400165,320,PT03M25.00S,2,1610612750,MIN,1630162,Edwards,A. Edwards,0,0,0,,0,,,0,v,Edwards STEAL (2 STL),,,1,0,229,0042400165
0042400165,322,PT03M25.00S,2,1610612747,LAL,1629020,Vanderbilt,J. Vanderbilt,0,0,0,,0,,,0,h,Vanderbilt P.FOUL (P3.PN) (R.Acosta),Foul,Personal,1,0,230,0042400165
0042400165,324,PT03M25.00S,2,1610612750,MIN,1630162,Edwards,A. Edwards,0,0,0,,0,43,52,95,v,Edwards Free Throw 1 of 2 (9 PTS),Free Throw,Free Throw 1 of 2,1,0,231,0042400165
0042400165,325,PT03M25.00S,2,1610612747,LAL,1629020,Vanderbilt,J. Vanderbilt,0,0,0,,0,,,0,h,SUB: Reaves FOR Vanderbilt,Substitution,,0,0,232,0042400165
0042400165,327,PT03M25.00S,2,1610612750,MIN,1630162,Edwards,A. Edwards,0,0,0,,0,43,53,96,v,Edwards Free Throw 2 of 2 (10 PTS),Free Throw,Free Throw 2 of 2,1,0,233,0042400165
0042400165,328,PT03M02.00S,2,1610612747,LAL,1630559,Reaves,A. Reaves,186,225,29,Missed,1,,,0,h,MISS Reaves 29' 3PT Jump Shot,Missed Shot,Jump Shot,1,3,234,0042400165
0042400165,329,PT02M59.00S,2,1610612750,MIN,201144,Conley,M. Conley,0,0,0,,0,,,0,v,Conley REBOUND (Off:0 Def:2),Rebound,Unknown,1,0,235,0042400165
0042400165,330,PT02M46.00S,2,1610612750,MIN,1628978,DiVincenzo,D. DiVincenzo,-180,190,26,Missed,1,,,0,v,MISS DiVincenzo 26' 3PT Jump Shot,Missed Shot,Jump Shot,1,3,236,0042400165
0042400165,331,PT02M44.00S,2,0,,1610612747,,,0,0,0,,0,,,0,h,LAKERS Rebound,Rebound,Unknown,0,0,237,0042400165
0042400165,332,PT02M44.00S,2,1610612750,MIN,1629638,Alexander-Walker,N. Alexander-Walker,0,0,0,,0,,,0,v,Alexander-Walker L.B.FOUL (P1.T4) (J.Goble),Foul,Loose Ball,1,0,238,0042400165
0042400165,334,PT02M44.00S,2,0,,1610612750,,,0,0,0,,0,,,0,v,Timberwolves Timeout: Regular (Reg.2 Short 0),Timeout,Regular,0,0,239,0042400165
0042400165,335,PT02M30.00S,2,1610612747,LAL,1630559,Reaves,A. Reaves,-2,262,26,Missed,1,,,0,h,MISS Reaves 26' 3PT Jump Shot,Missed Shot,Jump Shot,1,3,240,0042400165
0042400165,336,PT02M26.00S,2,1610612750,MIN,203497,Gobert,R. Gobert,0,0,0,,0,,,0,v,Gobert REBOUND (Off:4 Def:4),Rebound,Unknown,1,0,241,0042400165
0042400165,339,PT02M07.00S,2,1610612750,MIN,1629638,Alexander-Walker,N. Alexander-Walker,107,250,27,Missed,1,,,0,v,MISS Alexander-Walker 27' 3PT Jump Shot,Missed Shot,Jump Shot,1,3,242,0042400165
0042400165,340,PT02M02.00S,2,1610612747,LAL,1629029,Dončić,L. Dončić,0,0,0,,0,,,0,h,Doncic REBOUND (Off:0 Def:5),Rebound,Unknown,1,0,243,0042400165
0042400165,341,PT01M57.00S,2,1610612747,LAL,2544,James,L. James,0,15,2,Made,1,45,53,98,h,L. James 2' Driving Dunk (10 PTS) (Doncic 4 AST),Made Shot,Driving Dunk Shot,1,2,244,0042400165
0042400165,343,PT01M40.00S,2,1610612750,MIN,203497,Gobert,R. Gobert,6,16,2,Made,1,45,55,100,v,Gobert 2' Dunk (15 PTS) (DiVincenzo 3 AST),Made Shot,Dunk Shot,1,2,245,0042400165
0042400165,345,PT01M20.00S,2,1610612747,LAL,1630559,Reaves,A. Reaves,17,8,2,Made,1,47,55,102,h,Reaves 2' Driving Layup (9 PTS) (L. James 3 AST),Made Shot,Driving Layup Shot,1,2,246,0042400165
0042400165,347,PT01M11.00S,2,1610612747,LAL,1627827,Finney-Smith,D. Finney-Smith,0,0,0,,0,,,0,h,Jump Ball Finney-Smith vs. Conley: Tip to L. James,Jump Ball,,1,0,247,0042400165
0042400165,350,PT01M11.00S,2,1610612750,MIN,201144,Conley,M. Conley,0,0,0,,0,,,0,v,Conley Lost Ball Turnover (P1.T9),Turnover,Lost Ball,1,0,248,0042400165
0042400165,350,PT01M11.00S,2,1610612747,LAL,1627827,Finney-Smith,D. Finney-Smith,0,0,0,,0,,,0,h,Finney-Smith STEAL (1 STL),,,1,0,249,0042400165
0042400165,352,PT01M01.00S,2,1610612750,MIN,1628978,DiVincenzo,D. DiVincenzo,0,0,0,,0,,,0,v,DiVincenzo S.FOUL (P1.PN) (J.Williams),Foul,Shooting,1,0,250,0042400165
0042400165,354,PT01M01.00S,2,0,,352,,,0,0,0,,0,47,55,102,,Instant Replay2nd Period (11:17 PM EST),Instant Replay,Ruling Stands,0,0,251,0042400165
0042400165,355,PT01M01.00S,2,1610612747,LAL,1629029,Dončić,L. Dončić,0,0,0,,0,48,55,103,h,Doncic Free Throw 1 of 2 (11 PTS),Free Throw,Free Throw 1 of 2,1,0,252,0042400165
0042400165,356,PT01M01.00S,2,1610612747,LAL,1629029,Dončić,L. Dončić,0,0,0,,0,49,55,104,h,Doncic Free Throw 2 of 2 (12 PTS),Free Throw,Free Throw 2 of 2,1,0,253,0042400165
0042400165,357,PT01M00.00S,2,1610612747,LAL,1629216,Vincent,G. Vincent,0,0,0,,0,,,0,h,Vincent Transition Take Foul (P2.PN) (J.Williams),Foul,Transition Take,0,0,254,0042400165
0042400165,359,PT01M00.00S,2,1610612750,MIN,1630162,Edwards,A. Edwards,0,0,0,,0,,,0,v,MISS Edwards Free Throw 1 of 1,Free Throw,Free Throw 1 of 1,1,0,255,0042400165
0042400165,363,PT01M00.00S,2,0,,1610612750,,,0,0,0,,0,,,0,v,Timberwolves Rebound,Rebound,Unknown,0,0,256,0042400165
0042400165,361,PT01M00.00S,2,1610612747,LAL,1629029,Dončić,L. Dončić,0,0,0,,0,,,0,h,SUB: Hachimura FOR Doncic,Substitution,,0,0,257,0042400165
0042400165,364,PT00M44.10S,2,1610612750,MIN,1628978,DiVincenzo,D. DiVincenzo,-7,19,2,Made,1,49,57,106,v,DiVincenzo 2' Reverse Layup (9 PTS) (Edwards 4 AST),Made Shot,Reverse Layup Shot,1,2,258,0042400165
0042400165,366,PT00M36.50S,2,1610612747,LAL,1630559,Reaves,A. Reaves,38,279,28,Missed,1,,,0,h,MISS Reaves 28' 3PT Step Back Jump Shot,Missed Shot,Step Back Jump shot,1,3,259,0042400165
0042400165,367,PT00M33.20S,2,1610612750,MIN,1630162,Edwards,A. Edwards,0,0,0,,0,,,0,v,Edwards REBOUND (Off:1 Def:4),Rebound,Unknown,1,0,260,0042400165
0042400165,368,PT00M22.30S,2,1610612750,MIN,1629638,Alexander-Walker,N. Alexander-Walker,10,6,1,Made,1,49,59,108,v,Alexander-Walker 1' Driving Reverse Layup (10 PTS) (Edwards 5 AST),Made Shot,Driving Reverse Layup Shot,1,2,261,0042400165
0042400165,370,PT00M01.20S,2,1610612747,LAL,2544,James,L. James,-23,74,8,Missed,1,,,0,h,MISS L. James 8' Driving Floating Jump Shot,Missed Shot,Driving Floating Jump Shot,1,2,262,0042400165
0042400165,371,PT00M00.10S,2,0,,1610612747,,,0,0,0,,0,,,0,h,LAKERS Rebound,Rebound,Unknown,1,0,263,0042400165
0042400165,372,PT00M00.00S,2,0,,0,,,0,0,0,,0,49,59,108,,End of 2nd Period (11:22 PM EST),period,end,1,0,264,0042400165
0042400165,379,PT12M00.00S,3,0,,0,,,0,0,0,,0,49,59,108,,Start of 3rd Period (11:39 PM EST),period,start,0,0,265,0042400165
0042400165,380,PT11M43.00S,3,1610612747,LAL,2544,James,L. James,-141,53,15,Made,1,51,59,110,h,L. James 15' Jump Shot (12 PTS) (Doncic 5 AST),Made Shot,Jump Shot,1,2,266,0042400165
0042400165,382,PT11M29.00S,3,1610612750,MIN,203944,Randle,J. Randle,-36,262,26,Missed,1,,,0,v,MISS Randle 26' 3PT Step Back Jump Shot,Missed Shot,Step Back Jump shot,1,3,267,0042400165
0042400165,383,PT11M27.00S,3,1610612747,LAL,1629029,Dončić,L. Dončić,0,0,0,,0,,,0,h,Doncic REBOUND (Off:0 Def:6),Rebound,Unknown,1,0,268,0042400165
0042400165,384,PT11M24.00S,3,1610612747,LAL,1629029,Dončić,L. Dončić,0,0,0,,0,,,0,h,Doncic Bad Pass Turnover (P2.T11),Turnover,Bad Pass,1,0,269,0042400165
0042400165,384,PT11M24.00S,3,1610612750,MIN,1630183,McDaniels,J. McDaniels,0,0,0,,0,,,0,v,McDaniels STEAL (1 STL),,,1,0,270,0042400165
0042400165,386,PT11M19.00S,3,1610612750,MIN,1630162,Edwards,A. Edwards,138,239,28,Missed,1,,,0,v,MISS Edwards 28' 3PT Running Pull-Up Jump Shot,Missed Shot,Running Pull-Up Jump Shot,1,3,271,0042400165
0042400165,387,PT11M19.00S,3,0,,1610612747,,,0,0,0,,0,,,0,h,LAKERS Rebound,Rebound,Unknown,0,0,272,0042400165
0042400165,388,PT11M19.00S,3,1610612750,MIN,203497,Gobert,R. Gobert,0,0,0,,0,,,0,v,Gobert L.B.FOUL (P3.T1) (J.Goble),Foul,Loose Ball,1,0,273,0042400165
0042400165,390,PT10M57.00S,3,1610612747,LAL,2544,James,L. James,4,-2,0,Made,1,53,59,112,h,L. James Cutting Dunk Shot (14 PTS) (Finney-Smith 1 AST),Made Shot,Cutting Dunk Shot,1,2,274,0042400165
0042400165,392,PT10M41.00S,3,1610612750,MIN,1630162,Edwards,A. Edwards,-132,243,28,Missed,1,,,0,v,MISS Edwards 28' 3PT Pullup Jump Shot,Missed Shot,Pullup Jump shot,1,3,275,0042400165
0042400165,393,PT10M40.00S,3,0,,1610612747,,,0,0,0,,0,,,0,h,LAKERS Rebound,Rebound,Unknown,0,0,276,0042400165
0042400165,395,PT10M20.00S,3,1610612747,LAL,1630559,Reaves,A. Reaves,94,264,28,Missed,1,,,0,h,MISS Reaves 28' 3PT Jump Shot,Missed Shot,Jump Shot,1,3,277,0042400165
0042400165,396,PT10M15.00S,3,1610612750,MIN,201144,Conley,M. Conley,0,0,0,,0,,,0,v,Conley REBOUND (Off:0 Def:3),Rebound,Unknown,1,0,278,0042400165
0042400165,397,PT10M12.00S,3,1610612747,LAL,1630559,Reaves,A. Reaves,0,0,0,,0,,,0,h,Reaves S.FOUL (P3.T1) (J.Goble),Foul,Shooting,1,0,279,0042400165
0042400165,399,PT10M12.00S,3,1610612750,MIN,1630183,McDaniels,J. McDaniels,0,0,0,,0,53,60,113,v,McDaniels Free Throw 1 of 2 (3 PTS),Free Throw,Free Throw 1 of 2,1,0,280,0042400165
0042400165,400,PT10M12.00S,3,1610612750,MIN,1630183,McDaniels,J. McDaniels,0,0,0,,0,53,61,114,v,McDaniels Free Throw 2 of 2 (4 PTS),Free Throw,Free Throw 2 of 2,1,0,281,0042400165
0042400165,401,PT10M02.00S,3,1610612747,LAL,1629029,Dončić,L. Dončić,-126,55,14,Missed,1,,,0,h,MISS Doncic 14' Fadeaway Jumper,Missed Shot,Fadeaway Jump Shot,1,2,282,0042400165
0042400165,402,PT09M58.00S,3,1610612747,LAL,1630559,Reaves,A. Reaves,0,0,0,,0,,,0,h,Reaves REBOUND (Off:1 Def:0),Rebound,Unknown,1,0,283,0042400165
0042400165,403,PT09M57.00S,3,1610612747,LAL,1630559,Reaves,A. Reaves,0,0,0,,0,,,0,h,Reaves Bad Pass Turnover (P5.T12),Turnover,Bad Pass,1,0,284,0042400165
0042400165,403,PT09M57.00S,3,1610612750,MIN,1630162,Edwards,A. Edwards,0,0,0,,0,,,0,v,Edwards STEAL (3 STL),,,1,0,285,0042400165
0042400165,405,PT09M57.00S,3,0,,1610612750,,,0,0,0,,0,,,0,v,Timberwolves Timeout: Regular (Reg.3 Short 0),Timeout,Regular,0,0,286,0042400165
0042400165,406,PT09M41.00S,3,1610612747,LAL,2544,James,L. James,0,0,0,,0,,,0,h,L. James S.FOUL (P1.T2) (J.Williams),Foul,Shooting,1,0,287,0042400165
0042400165,408,PT09M41.00S,3,1610612750,MIN,203497,Gobert,R. Gobert,0,0,0,,0,53,62,115,v,Gobert Free Throw 1 of 2 (16 PTS),Free Throw,Free Throw 1 of 2,1,0,288,0042400165
0042400165,409,PT09M41.00S,3,1610612750,MIN,203497,Gobert,R. Gobert,0,0,0,,0,,,0,v,MISS Gobert Free Throw 2 of 2,Free Throw,Free Throw 2 of 2,1,0,289,0042400165
0042400165,410,PT09M37.00S,3,1610612747,LAL,1627827,Finney-Smith,D. Finney-Smith,0,0,0,,0,,,0,h,Finney-Smith REBOUND (Off:0 Def:1),Rebound,Unknown,1,0,290,0042400165
0042400165,411,PT09M22.00S,3,1610612747,LAL,1629029,Dončić,L. Dončić,16,281,28,Made,1,56,62,118,h,Doncic 28' 3PT Step Back Jump Shot (15 PTS),Made Shot,Step Back Jump shot,1,3,291,0042400165
0042400165,412,PT09M00.00S,3,1610612750,MIN,201144,Conley,M. Conley,138,209,25,Missed,1,,,0,v,MISS Conley 25' 3PT Jump Shot,Missed Shot,Jump Shot,1,3,292,0042400165
0042400165,413,PT08M55.00S,3,1610612747,LAL,1627827,Finney-Smith,D. Finney-Smith,0,0,0,,0,,,0,h,Finney-Smith REBOUND (Off:0 Def:2),Rebound,Unknown,1,0,293,0042400165
0042400165,415,PT08M46.00S,3,1610612747,LAL,1630559,Reaves,A. Reaves,-224,90,24,Missed,1,,,0,h,MISS Reaves 24' 3PT Jump Shot,Missed Shot,Jump Shot,1,3,294,0042400165
0042400165,416,PT08M43.00S,3,1610612750,MIN,203497,Gobert,R. Gobert,0,0,0,,0,,,0,v,Gobert REBOUND (Off:4 Def:5),Rebound,Unknown,1,0,295,0042400165
0042400165,417,PT08M36.00S,3,1610612750,MIN,1630183,McDaniels,J. McDaniels,15,65,7,Made,1,56,64,120,v,McDaniels 7' Driving Layup (6 PTS) (Conley 2 AST),Made Shot,Driving Layup Shot,1,2,296,0042400165
0042400165,419,PT08M21.00S,3,1610612747,LAL,1629060,Hachimura,R. Hachimura,-120,224,25,Made,1,59,64,123,h,Hachimura 25' 3PT Jump Shot (13 PTS) (Reaves 1 AST),Made Shot,Jump Shot,1,3,297,0042400165
0042400165,421,PT08M05.00S,3,1610612750,MIN,203497,Gobert,R. Gobert,4,13,1,Made,1,59,66,125,v,Gobert 1' Cutting Dunk Shot (18 PTS) (Randle 4 AST),Made Shot,Cutting Dunk Shot,1,2,298,0042400165
0042400165,423,PT07M52.00S,3,1610612747,LAL,2544,James,L. James,10,24,3,Made,1,61,66,127,h,L. James 3' Cutting Layup Shot (16 PTS) (Reaves 2 AST),Made Shot,Cutting Layup Shot,1,2,299,0042400165
0042400165,425,PT07M52.00S,3,1610612750,MIN,203497,Gobert,R. Gobert,0,0,0,,0,,,0,v,Gobert S.FOUL (P4.T2) (R.Acosta),Foul,Shooting,1,0,300,0042400165
0042400165,427,PT07M52.00S,3,1610612747,LAL,2544,James,L. James,0,0,0,,0,,,0,h,MISS L. James Free Throw 1 of 1,Free Throw,Free Throw 1 of 1,1,0,301,0042400165
0042400165,428,PT07M48.00S,3,1610612750,MIN,203497,Gobert,R. Gobert,0,0,0,,0,,,0,v,Gobert REBOUND (Off:4 Def:6),Rebound,Unknown,1,0,302,0042400165
0042400165,429,PT07M33.00S,3,1610612747,LAL,1627827,Finney-Smith,D. Finney-Smith,0,0,0,,0,,,0,h,Finney-Smith P.FOUL (P3.T3) (J.Goble),Foul,Personal,1,0,303,0042400165
0042400165,438,PT07M22.00S,3,1610612750,MIN,203944,Randle,J. Randle,-234,86,25,Missed,1,,,0,v,MISS Randle 25' 3PT Jump Shot,Missed Shot,Jump Shot,1,3,304,0042400165
0042400165,439,PT07M22.00S,3,0,,1610612750,,,0,0,0,,0,,,0,v,Timberwolves Rebound,Rebound,Unknown,0,0,305,0042400165
0042400165,433,PT07M22.00S,3,0,,1610612747,,,0,0,0,,0,,,0,h,LAKERS Timeout: Regular (Full 3 Short 0),Timeout,Regular,0,0,306,0042400165
0042400165,434,PT07M22.00S,3,0,,431,Kemp,S. Kemp,0,0,0,,0,61,66,127,,Instant Replay3rd Period (11:51 PM EST),Instant Replay,Coach Challenge Overturn Ruling,1,0,307,0042400165
0042400165,435,PT07M22.00S,3,1610612747,LAL,1629060,Hachimura,R. Hachimura,0,0,0,,0,,,0,h,Jump Ball (CC) Hachimura vs. Gobert: Tip to McDaniels,Jump Ball,Coach Challenge,1,0,308,0042400165
0042400165,440,PT06M59.00S,3,1610612750,MIN,1630162,Edwards,A. Edwards,-20,84,9,Made,1,61,68,129,v,Edwards 9' Driving Hook Shot (12 PTS),Made Shot,Driving Hook Shot,1,2,309,0042400165
0042400165,441,PT06M43.00S,3,1610612747,LAL,1629029,Dončić,L. Dončić,67,24,7,Made,1,63,68,131,h,Doncic 7' Driving Floating Jump Shot (17 PTS),Made Shot,Driving Floating Jump Shot,1,2,310,0042400165
0042400165,442,PT06M30.00S,3,1610612747,LAL,1629029,Dončić,L. Dončić,0,0,0,,0,,,0,h,Doncic S.FOUL (P3.T4) (J.Williams),Foul,Shooting,1,0,311,0042400165
0042400165,444,PT06M30.00S,3,1610612750,MIN,201144,Conley,M. Conley,0,0,0,,0,63,69,132,v,Conley Free Throw 1 of 2 (4 PTS),Free Throw,Free Throw 1 of 2,1,0,312,0042400165
0042400165,445,PT06M30.00S,3,1610612750,MIN,201144,Conley,M. Conley,0,0,0,,0,63,70,133,v,Conley Free Throw 2 of 2 (5 PTS),Free Throw,Free Throw 2 of 2,1,0,313,0042400165
0042400165,446,PT06M05.00S,3,1610612747,LAL,1629060,Hachimura,R. Hachimura,81,157,18,Missed,1,,,0,h,MISS Hachimura 18' Pullup Jump Shot,Missed Shot,Pullup Jump shot,1,2,314,0042400165
0042400165,447,PT06M01.00S,3,1610612747,LAL,1627827,Finney-Smith,D. Finney-Smith,0,0,0,,0,,,0,h,Finney-Smith REBOUND (Off:1 Def:2),Rebound,Unknown,1,0,315,0042400165
0042400165,448,PT05M57.00S,3,1610612747,LAL,1629060,Hachimura,R. Hachimura,108,225,25,Made,1,66,70,136,h,Hachimura 25' 3PT Jump Shot (16 PTS) (L. James 4 AST),Made Shot,Jump Shot,1,3,316,0042400165
0042400165,450,PT05M36.00S,3,1610612750,MIN,203944,Randle,J. Randle,-45,44,6,Missed,1,,,0,v,MISS Randle 6' Driving Floating Bank Jump Shot,Missed Shot,Driving Floating Bank Jump Shot,1,2,317,0042400165
0042400165,451,PT05M32.00S,3,1610612750,MIN,203497,Gobert,R. Gobert,0,0,0,,0,,,0,v,Gobert REBOUND (Off:5 Def:6),Rebound,Unknown,1,0,318,0042400165
0042400165,452,PT05M32.00S,3,1610612750,MIN,203497,Gobert,R. Gobert,0,0,0,Made,1,66,72,138,v,Gobert Tip Dunk Shot (20 PTS),Made Shot,Tip Dunk Shot,1,2,319,0042400165
0042400165,453,PT05M24.00S,3,1610612747,LAL,1629029,Dončić,L. Dončić,28,17,3,Made,1,68,72,140,h,Doncic 3' Driving Layup (19 PTS) (Finney-Smith 2 AST),Made Shot,Driving Layup Shot,1,2,320,0042400165
0042400165,455,PT05M04.00S,3,1610612747,LAL,1627827,Finney-Smith,D. Finney-Smith,0,0,0,,0,,,0,h,Finney-Smith P.FOUL (P4.PN) (J.Goble),Foul,Personal,1,0,321,0042400165
0042400165,457,PT05M04.00S,3,1610612750,MIN,1630162,Edwards,A. Edwards,0,0,0,,0,,,0,v,MISS Edwards Free Throw 1 of 2,Free Throw,Free Throw 1 of 2,1,0,322,0042400165
0042400165,458,PT05M04.00S,3,0,,1610612750,,,0,0,0,,0,,,0,v,Timberwolves Rebound,Rebound,Normal Rebound,0,0,323,0042400165
0042400165,459,PT05M04.00S,3,1610612747,LAL,1630559,Reaves,A. Reaves,0,0,0,,0,,,0,h,SUB: Vincent FOR Reaves,Substitution,,0,0,324,0042400165
0042400165,460,PT05M04.00S,3,1610612750,MIN,201144,Conley,M. Conley,0,0,0,,0,,,0,v,SUB: Reid FOR Conley,Substitution,,0,0,325,0042400165
0042400165,461,PT05M04.00S,3,1610612750,MIN,203497,Gobert,R. Gobert,0,0,0,,0,,,0,v,SUB: DiVincenzo FOR Gobert,Substitution,,0,0,326,0042400165
0042400165,465,PT05M04.00S,3,1610612750,MIN,1630162,Edwards,A. Edwards,0,0,0,,0,68,73,141,v,Edwards Free Throw 2 of 2 (13 PTS),Free Throw,Free Throw 2 of 2,1,0,327,0042400165
0042400165,466,PT04M51.00S,3,1610612750,MIN,1630183,McDaniels,J. McDaniels,0,0,0,,0,,,0,v,McDaniels P.FOUL (P4.T3) (R.Acosta),Foul,Personal,1,0,328,0042400165
0042400165,468,PT04M51.00S,3,1610612750,MIN,1630183,McDaniels,J. McDaniels,0,0,0,,0,,,0,v,SUB: Alexander-Walker FOR McDaniels,Substitution,,0,0,329,0042400165
0042400165,470,PT04M39.00S,3,1610612747,LAL,1629029,Dončić,L. Dončić,-59,264,27,Missed,1,,,0,h,MISS Doncic 27' 3PT Step Back Jump Shot,Missed Shot,Step Back Jump shot,1,3,330,0042400165
0042400165,470,PT04M39.00S,3,1610612750,MIN,1629675,Reid,N. Reid,0,0,0,,0,,,0,v,Reid BLOCK (3 BLK),,,1,3,331,0042400165
0042400165,472,PT04M35.00S,3,1610612750,MIN,1630162,Edwards,A. Edwards,0,0,0,,0,,,0,v,Edwards REBOUND (Off:1 Def:5),Rebound,Unknown,1,0,332,0042400165
0042400165,473,PT04M30.00S,3,1610612750,MIN,1630162,Edwards,A. Edwards,-18,41,4,Missed,1,,,0,v,MISS Edwards 4' Driving Layup,Missed Shot,Driving Layup Shot,1,2,333,0042400165
0042400165,474,PT04M28.00S,3,1610612747,LAL,1629029,Dončić,L. Dončić,0,0,0,,0,,,0,h,Doncic REBOUND (Off:0 Def:7),Rebound,Unknown,1,0,334,0042400165
0042400165,475,PT04M20.00S,3,1610612750,MIN,1629675,Reid,N. Reid,0,0,0,,0,,,0,v,Reid S.FOUL (P2.T4) (J.Goble),Foul,Shooting,1,0,335,0042400165
0042400165,477,PT04M20.00S,3,1610612747,LAL,1629029,Dončić,L. Dončić,0,0,0,,0,69,73,142,h,Doncic Free Throw 1 of 2 (20 PTS),Free Throw,Free Throw 1 of 2,1,0,336,0042400165
0042400165,478,PT04M20.00S,3,1610612747,LAL,2544,James,L. James,0,0,0,,0,,,0,h,SUB: Vanderbilt FOR L. James,Substitution,,0,0,337,0042400165
0042400165,480,PT04M20.00S,3,1610612747,LAL,1629029,Dončić,L. Dončić,0,0,0,,0,70,73,143,h,Doncic Free Throw 2 of 2 (21 PTS),Free Throw,Free Throw 2 of 2,1,0,338,0042400165
0042400165,481,PT04M10.00S,3,1610612750,MIN,203944,Randle,J. Randle,-15,18,2,Made,1,70,75,145,v,Randle 2' Driving Layup (10 PTS) (DiVincenzo 4 AST),Made Shot,Driving Layup Shot,1,2,339,0042400165
0042400165,483,PT03M57.00S,3,1610612747,LAL,1627827,Finney-Smith,D. Finney-Smith,75,263,27,Missed,1,,,0,h,MISS Finney-Smith 27' 3PT Jump Shot,Missed Shot,Jump Shot,1,3,340,0042400165
0042400165,484,PT03M53.00S,3,1610612747,LAL,1629020,Vanderbilt,J. Vanderbilt,0,0,0,,0,,,0,h,Vanderbilt REBOUND (Off:1 Def:4),Rebound,Unknown,1,0,341,0042400165
0042400165,485,PT03M52.00S,3,1610612747,LAL,1629029,Dončić,L. Dončić,-223,-5,0,Made,1,73,75,148,h,Doncic 3PT Fadeaway Jumper (24 PTS) (Vanderbilt 3 AST),Made Shot,Fadeaway Jump Shot,1,3,342,0042400165
0042400165,487,PT03M39.00S,3,1610612750,MIN,203944,Randle,J. Randle,-42,80,9,Made,1,73,77,150,v,Randle 9' Turnaround Fadeaway (12 PTS) (DiVincenzo 5 AST),Made Shot,Turnaround Fadeaway shot,1,2,343,0042400165
0042400165,489,PT03M21.00S,3,1610612747,LAL,1629029,Dončić,L. Dončić,-42,68,8,Missed,1,,,0,h,MISS Doncic 8' Fadeaway Jumper,Missed Shot,Fadeaway Jump Shot,1,2,344,0042400165
0042400165,490,PT03M18.00S,3,1610612750,MIN,203944,Randle,J. Randle,0,0,0,,0,,,0,v,Randle REBOUND (Off:2 Def:2),Rebound,Unknown,1,0,345,0042400165
0042400165,491,PT03M14.00S,3,1610612750,MIN,1630162,Edwards,A. Edwards,-228,21,0,Missed,1,,,0,v,MISS Edwards 3PT Step Back Jump Shot,Missed Shot,Step Back Jump shot,1,3,346,0042400165
0042400165,492,PT03M10.00S,3,1610612747,LAL,1629020,Vanderbilt,J. Vanderbilt,0,0,0,,0,,,0,h,Vanderbilt REBOUND (Off:1 Def:5),Rebound,Unknown,1,0,347,0042400165
0042400165,493,PT03M06.00S,3,1610612747,LAL,1629060,Hachimura,R. Hachimura,-2,-5,1,Made,1,75,77,152,h,Hachimura 1' Running Alley Oop Dunk Shot (18 PTS) (Doncic 6 AST),Made Shot,Running Alley Oop Dunk Shot,1,2,348,0042400165
0042400165,495,PT02M53.00S,3,1610612750,MIN,1628978,DiVincenzo,D. DiVincenzo,152,221,27,Missed,1,,,0,v,MISS DiVincenzo 27' 3PT Jump Shot,Missed Shot,Jump Shot,1,3,349,0042400165
0042400165,496,PT02M49.00S,3,1610612747,LAL,1627827,Finney-Smith,D. Finney-Smith,0,0,0,,0,,,0,h,Finney-Smith REBOUND (Off:1 Def:3),Rebound,Unknown,1,0,350,0042400165
0042400165,497,PT02M38.00S,3,1610612747,LAL,1627827,Finney-Smith,D. Finney-Smith,145,222,27,Made,1,78,77,155,h,Finney-Smith 27' 3PT Jump Shot (7 PTS) (Doncic 7 AST),Made Shot,Jump Shot,1,3,351,0042400165
0042400165,499,PT02M16.00S,3,1610612750,MIN,1630162,Edwards,A. Edwards,-59,25,6,Missed,1,,,0,v,MISS Edwards 6' Driving Reverse Layup,Missed Shot,Driving Reverse Layup Shot,1,2,352,0042400165
0042400165,500,PT02M14.00S,3,1610612747,LAL,1629020,Vanderbilt,J. Vanderbilt,0,0,0,,0,,,0,h,Vanderbilt REBOUND (Off:1 Def:6),Rebound,Unknown,1,0,353,0042400165
0042400165,501,PT02M09.00S,3,1610612750,MIN,1628978,DiVincenzo,D. DiVincenzo,0,0,0,,0,,,0,v,DiVincenzo P.FOUL (P2.PN) (J.Goble),Foul,Personal,1,0,354,0042400165
0042400165,503,PT02M09.00S,3,1610612747,LAL,1629029,Dončić,L. Dončić,0,0,0,,0,,,0,h,MISS Doncic Free Throw 1 of 2,Free Throw,Free Throw 1 of 2,1,0,355,0042400165
0042400165,504,PT02M09.00S,3,0,,1610612747,,,0,0,0,,0,,,0,h,LAKERS Rebound,Rebound,Normal Rebound,0,0,356,0042400165
0042400165,505,PT02M09.00S,3,1610612747,LAL,1627827,Finney-Smith,D. Finney-Smith,0,0,0,,0,,,0,h,SUB: L. James FOR Finney-Smith,Substitution,,0,0,357,0042400165
0042400165,506,PT02M09.00S,3,1610612750,MIN,203944,Randle,J. Randle,0,0,0,,0,,,0,v,SUB: Gobert FOR Randle,Substitution,,0,0,358,0042400165
0042400165,509,PT02M09.00S,3,1610612747,LAL,1629029,Dončić,L. Dončić,0,0,0,,0,79,77,156,h,Doncic Free Throw 2 of 2 (25 PTS),Free Throw,Free Throw 2 of 2,1,0,359,0042400165
0042400165,510,PT01M54.00S,3,1610612750,MIN,203497,Gobert,R. Gobert,-1,13,1,Made,1,79,79,158,v,Gobert 1' Cutting Dunk Shot (22 PTS) (Alexander-Walker 3 AST),Made Shot,Cutting Dunk Shot,1,2,360,0042400165
0042400165,512,PT01M36.00S,3,1610612747,LAL,1629029,Dončić,L. Dončić,145,230,27,Missed,1,,,0,h,MISS Doncic 27' 3PT Step Back Jump Shot,Missed Shot,Step Back Jump shot,1,3,361,0042400165
0042400165,513,PT01M31.00S,3,1610612750,MIN,203497,Gobert,R. Gobert,0,0,0,,0,,,0,v,Gobert REBOUND (Off:5 Def:7),Rebound,Unknown,1,0,362,0042400165
0042400165,514,PT01M19.00S,3,1610612750,MIN,1629638,Alexander-Walker,N. Alexander-Walker,-105,116,16,Missed,1,,,0,v,MISS Alexander-Walker 16' Driving Floating Jump Shot,Missed Shot,Driving Floating Jump Shot,1,2,363,0042400165
0042400165,515,PT01M16.00S,3,1610612747,LAL,1629216,Vincent,G. Vincent,0,0,0,,0,,,0,h,Vincent REBOUND (Off:0 Def:2),Rebound,Unknown,1,0,364,0042400165
0042400165,516,PT01M11.00S,3,1610612750,MIN,1629638,Alexander-Walker,N. Alexander-Walker,0,0,0,,0,,,0,v,Alexander-Walker P.FOUL (P2.PN) (J.Williams),Foul,Personal,1,0,365,0042400165
0042400165,518,PT01M11.00S,3,1610612747,LAL,2544,James,L. James,0,0,0,,0,80,79,159,h,L. James Free Throw 1 of 2 (17 PTS),Free Throw,Free Throw 1 of 2,0,0,366,0042400165
0042400165,519,PT01M11.00S,3,1610612747,LAL,1629029,Dončić,L. Dončić,0,0,0,,0,,,0,h,SUB: Reaves FOR Doncic,Substitution,,0,0,367,0042400165
0042400165,521,PT01M11.00S,3,1610612747,LAL,2544,James,L. James,0,0,0,,0,,,0,h,MISS L. James Free Throw 2 of 2,Free Throw,Free Throw 2 of 2,1,0,368,0042400165
0042400165,522,PT01M08.00S,3,1610612750,MIN,203497,Gobert,R. Gobert,0,0,0,,0,,,0,v,Gobert REBOUND (Off:5 Def:8),Rebound,Unknown,1,0,369,0042400165
0042400165,523,PT00M58.50S,3,1610612750,MIN,1629638,Alexander-Walker,N. Alexander-Walker,0,0,0,,0,,,0,v,Alexander-Walker Out of Bounds - Bad Pass Turnover Turnover (P2.T10),Turnover,Out of Bounds - Bad Pass Turnover,1,0,370,0042400165
0042400165,524,PT00M50.10S,3,1610612747,LAL,2544,James,L. James,-179,184,26,Missed,1,,,0,h,MISS L. James 26' 3PT Jump Shot,Missed Shot,Jump Shot,1,3,371,0042400165
0042400165,525,PT00M46.20S,3,1610612747,LAL,2544,James,L. James,0,0,0,,0,,,0,h,L. James REBOUND (Off:1 Def:4),Rebound,Unknown,1,0,372,0042400165
0042400165,526,PT00M34.10S,3,1610612747,LAL,2544,James,L. James,-53,37,6,Missed,1,,,0,h,MISS L. James 6' Turnaround Fadeaway Bank Jump Shot,Missed Shot,Turnaround Fadeaway Bank Jump Shot,1,2,373,0042400165
0042400165,527,PT00M31.70S,3,1610612750,MIN,203497,Gobert,R. Gobert,0,0,0,,0,,,0,v,Gobert REBOUND (Off:5 Def:9),Rebound,Unknown,1,0,374,0042400165
0042400165,528,PT00M21.30S,3,1610612750,MIN,1630162,Edwards,A. Edwards,37,18,4,Missed,1,,,0,v,MISS Edwards 4' Driving Layup,Missed Shot,Driving Layup Shot,1,2,375,0042400165
0042400165,529,PT00M20.50S,3,1610612750,MIN,203497,Gobert,R. Gobert,0,0,0,,0,,,0,v,Gobert REBOUND (Off:6 Def:9),Rebound,Unknown,1,0,376,0042400165
0042400165,530,PT00M19.90S,3,1610612750,MIN,203497,Gobert,R. Gobert,-1,49,5,Made,1,80,81,161,v,Gobert 5' Putback Layup (24 PTS),Made Shot,Putback Layup Shot,1,2,377,0042400165
0042400165,531,PT00M02.50S,3,1610612747,LAL,1630559,Reaves,A. Reaves,-141,221,26,Missed,1,,,0,h,MISS Reaves 26' 3PT Pullup Jump Shot,Missed Shot,Pullup Jump shot,1,3,378,0042400165
0042400165,532,PT00M00.10S,3,1610612750,MIN,203497,Gobert,R. Gobert,0,0,0,,0,,,0,v,Gobert REBOUND (Off:6 Def:10),Rebound,Unknown,1,0,379,0042400165
0042400165,533,PT00M00.00S,3,0,,0,,,0,0,0,,0,80,81,161,,End of 3rd Period (12:09 AM EST),period,end,1,0,380,0042400165
0042400165,540,PT12M00.00S,4,0,,0,,,0,0,0,,0,80,81,161,,Start of 4th Period (12:13 AM EST),period,start,0,0,381,0042400165
0042400165,541,PT11M39.00S,4,1610612750,MIN,203944,Randle,J. Randle,7,86,9,Missed,1,,,0,v,MISS Randle 9' Turnaround Fadeaway Shot,Missed Shot,Turnaround Fadeaway shot,1,2,382,0042400165
0042400165,542,PT11M37.00S,4,1610612747,LAL,1630559,Reaves,A. Reaves,0,0,0,,0,,,0,h,Reaves REBOUND (Off:1 Def:1),Rebound,Unknown,1,0,383,0042400165
0042400165,543,PT11M27.00S,4,1610612747,LAL,1627827,Finney-Smith,D. Finney-Smith,-232,5,0,Missed,1,,,0,h,MISS Finney-Smith 3PT Jump Shot,Missed Shot,Jump Shot,1,3,384,0042400165
0042400165,544,PT11M24.00S,4,1610612750,MIN,1628978,DiVincenzo,D. DiVincenzo,0,0,0,,0,,,0,v,DiVincenzo REBOUND (Off:1 Def:3),Rebound,Unknown,1,0,385,0042400165
0042400165,545,PT11M22.00S,4,1610612747,LAL,1630559,Reaves,A. Reaves,0,0,0,,0,,,0,h,Reaves S.FOUL (P4.T1) (J.Williams),Foul,Shooting,1,0,386,0042400165
0042400165,547,PT11M22.00S,4,1610612750,MIN,1629675,Reid,N. Reid,0,0,0,,0,80,82,162,v,Reid Free Throw 1 of 2 (3 PTS),Free Throw,Free Throw 1 of 2,1,0,387,0042400165
0042400165,548,PT11M22.00S,4,1610612750,MIN,1629675,Reid,N. Reid,0,0,0,,0,,,0,v,MISS Reid Free Throw 2 of 2,Free Throw,Free Throw 2 of 2,1,0,388,0042400165
0042400165,549,PT11M20.00S,4,1610612747,LAL,1630559,Reaves,A. Reaves,0,0,0,,0,,,0,h,Reaves REBOUND (Off:1 Def:2),Rebound,Unknown,1,0,389,0042400165
0042400165,550,PT11M03.00S,4,1610612747,LAL,1629060,Hachimura,R. Hachimura,-22,16,3,Made,1,82,82,164,h,Hachimura 3' Driving Layup (20 PTS) (L. James 5 AST),Made Shot,Driving Layup Shot,1,2,390,0042400165
0042400165,552,PT10M44.00S,4,1610612750,MIN,1629638,Alexander-Walker,N. Alexander-Walker,-10,275,28,Missed,1,,,0,v,MISS Alexander-Walker 28' 3PT Jump Shot,Missed Shot,Jump Shot,1,3,391,0042400165
0042400165,553,PT10M41.00S,4,1610612747,LAL,1630559,Reaves,A. Reaves,0,0,0,,0,,,0,h,Reaves REBOUND (Off:1 Def:3),Rebound,Unknown,1,0,392,0042400165
0042400165,554,PT10M33.00S,4,1610612747,LAL,1630559,Reaves,A. Reaves,0,0,0,,0,,,0,h,Reaves Lost Ball Turnover (P6.T13),Turnover,Lost Ball,1,0,393,0042400165
0042400165,555,PT10M33.00S,4,1610612747,LAL,1627827,Finney-Smith,D. Finney-Smith,0,0,0,,0,,,0,h,Finney-Smith L.B.FOUL (P5.T2) (J.Williams),Foul,Loose Ball,1,0,394,0042400165
0042400165,557,PT10M33.00S,4,0,,555,,,0,0,0,,0,82,82,164,,Instant Replay4th Period (12:16 AM EST),Instant Replay,Support Ruling,0,0,395,0042400165
0042400165,560,PT10M33.00S,4,1610612747,LAL,1627827,Finney-Smith,D. Finney-Smith,0,0,0,,0,,,0,h,SUB: Vanderbilt FOR Finney-Smith,Substitution,,0,0,396,0042400165
0042400165,558,PT10M18.00S,4,1610612750,MIN,1629675,Reid,N. Reid,-130,86,16,Missed,1,,,0,v,MISS Reid 16' Turnaround Bank Hook Shot,Missed Shot,Turnaround Bank Hook Shot,1,2,397,0042400165
0042400165,559,PT10M15.00S,4,1610612747,LAL,2544,James,L. James,0,0,0,,0,,,0,h,L. James REBOUND (Off:1 Def:5),Rebound,Unknown,1,0,398,0042400165
0042400165,562,PT10M05.00S,4,1610612747,LAL,1629020,Vanderbilt,J. Vanderbilt,0,0,0,,0,,,0,h,Vanderbilt Traveling Turnover (P1.T14),Turnover,Traveling,1,0,399,0042400165
0042400165,563,PT10M05.00S,4,1610612750,MIN,1629675,Reid,N. Reid,0,0,0,,0,,,0,v,SUB: Gobert FOR Reid,Substitution,,0,0,400,0042400165
0042400165,565,PT09M54.00S,4,1610612750,MIN,1629638,Alexander-Walker,N. Alexander-Walker,0,0,0,,0,,,0,v,Alexander-Walker Traveling Turnover (P3.T11),Turnover,Traveling,1,0,401,0042400165
0042400165,566,PT09M32.00S,4,1610612747,LAL,1629060,Hachimura,R. Hachimura,116,32,12,Missed,1,,,0,h,MISS Hachimura 12' Pullup Jump Shot,Missed Shot,Pullup Jump shot,1,2,402,0042400165
0042400165,567,PT09M29.00S,4,1610612750,MIN,203497,Gobert,R. Gobert,0,0,0,,0,,,0,v,Gobert REBOUND (Off:6 Def:11),Rebound,Unknown,1,0,403,0042400165
0042400165,568,PT09M15.00S,4,1610612750,MIN,203944,Randle,J. Randle,2,115,12,Made,1,82,84,166,v,Randle 12' Turnaround Fadeaway (14 PTS),Made Shot,Turnaround Fadeaway shot,1,2,404,0042400165
0042400165,570,PT09M00.00S,4,1610612747,LAL,1629060,Hachimura,R. Hachimura,0,0,0,,0,,,0,h,SUB: Doncic FOR Hachimura,Substitution,,0,0,405,0042400165
0042400165,571,PT09M00.00S,4,1610612750,MIN,1629638,Alexander-Walker,N. Alexander-Walker,0,0,0,,0,,,0,v,SUB: McDaniels FOR Alexander-Walker,Substitution,,0,0,406,0042400165
0042400165,574,PT09M00.00S,4,0,,1610612750,,,0,0,0,,0,,,0,v,Timberwolves Timeout: Regular (Reg.4 Short 0),Timeout,Regular,0,0,407,0042400165
0042400165,575,PT09M00.00S,4,0,,569,,,0,0,0,,0,82,84,166,,Instant Replay4th Period (12:21 AM EST),Instant Replay,Coach Challenge Ruling Stands,1,0,408,0042400165
0042400165,576,PT08M54.00S,4,1610612747,LAL,2544,James,L. James,-221,-8,0,Missed,1,,,0,h,MISS L. James 3PT Pullup Jump Shot,Missed Shot,Pullup Jump shot,1,3,409,0042400165
0042400165,577,PT08M52.00S,4,1610612750,MIN,201144,Conley,M. Conley,0,0,0,,0,,,0,v,Conley REBOUND (Off:0 Def:4),Rebound,Unknown,1,0,410,0042400165
0042400165,578,PT08M42.00S,4,1610612750,MIN,1628978,DiVincenzo,D. DiVincenzo,159,215,27,Missed,1,,,0,v,MISS DiVincenzo 27' 3PT Jump Shot,Missed Shot,Jump Shot,1,3,411,0042400165
0042400165,579,PT08M39.00S,4,1610612750,MIN,203497,Gobert,R. Gobert,0,0,0,,0,,,0,v,Gobert REBOUND (Off:7 Def:11),Rebound,Unknown,1,0,412,0042400165
0042400165,580,PT08M39.00S,4,1610612750,MIN,1628978,DiVincenzo,D. DiVincenzo,0,0,0,,0,,,0,v,DiVincenzo OFF.Foul (P3) (R.Acosta),Foul,Offensive,1,0,413,0042400165
0042400165,582,PT08M39.00S,4,1610612750,MIN,1628978,DiVincenzo,D. DiVincenzo,0,0,0,,0,,,0,v,DiVincenzo Offensive Foul Turnover (P3.T12),Turnover,Offensive Foul Turnover,1,0,414,0042400165
0042400165,583,PT08M39.00S,4,1610612747,LAL,2544,James,L. James,0,0,0,,0,,,0,h,SUB: Hachimura FOR L. James,Substitution,,0,0,415,0042400165
0042400165,584,PT08M39.00S,4,1610612750,MIN,1628978,DiVincenzo,D. DiVincenzo,0,0,0,,0,,,0,v,SUB: Edwards FOR DiVincenzo,Substitution,,0,0,416,0042400165
0042400165,587,PT08M20.00S,4,1610612747,LAL,1630559,Reaves,A. Reaves,-1,279,28,Made,1,85,84,169,h,Reaves 28' 3PT Pullup Jump Shot (12 PTS),Made Shot,Pullup Jump shot,1,3,417,0042400165
0042400165,588,PT08M00.00S,4,1610612747,LAL,1629029,Dončić,L. Dončić,0,0,0,,0,,,0,h,Doncic S.FOUL (P4.T3) (J.Williams),Foul,Shooting,1,0,418,0042400165
0042400165,590,PT08M00.00S,4,1610612750,MIN,203944,Randle,J. Randle,0,0,0,,0,85,85,170,v,Randle Free Throw 1 of 2 (15 PTS),Free Throw,Free Throw 1 of 2,1,0,419,0042400165
0042400165,591,PT08M00.00S,4,1610612750,MIN,203944,Randle,J. Randle,0,0,0,,0,85,86,171,v,Randle Free Throw 2 of 2 (16 PTS),Free Throw,Free Throw 2 of 2,1,0,420,0042400165
0042400165,592,PT07M43.00S,4,1610612747,LAL,1629060,Hachimura,R. Hachimura,-225,35,0,Missed,1,,,0,h,MISS Hachimura 3PT Jump Shot,Missed Shot,Jump Shot,1,3,421,0042400165
0042400165,593,PT07M40.00S,4,1610612750,MIN,1630162,Edwards,A. Edwards,0,0,0,,0,,,0,v,Edwards REBOUND (Off:1 Def:6),Rebound,Unknown,1,0,422,0042400165
0042400165,594,PT07M25.00S,4,1610612750,MIN,1630162,Edwards,A. Edwards,-140,223,26,Missed,1,,,0,v,MISS Edwards 26' 3PT Pullup Jump Shot,Missed Shot,Pullup Jump shot,1,3,423,0042400165
0042400165,595,PT07M23.00S,4,1610612750,MIN,203497,Gobert,R. Gobert,0,0,0,,0,,,0,v,Gobert REBOUND (Off:8 Def:11),Rebound,Unknown,1,0,424,0042400165
0042400165,596,PT07M23.00S,4,1610612747,LAL,1629060,Hachimura,R. Hachimura,0,0,0,,0,,,0,h,Hachimura S.FOUL (P2.T4) (J.Goble),Foul,Shooting,1,0,425,0042400165
0042400165,598,PT07M23.00S,4,1610612750,MIN,203497,Gobert,R. Gobert,0,0,0,,0,,,0,v,MISS Gobert Free Throw 1 of 2,Free Throw,Free Throw 1 of 2,1,0,426,0042400165
0042400165,599,PT07M23.00S,4,0,,1610612750,,,0,0,0,,0,,,0,v,Timberwolves Rebound,Rebound,Normal Rebound,0,0,427,0042400165
0042400165,600,PT07M23.00S,4,1610612747,LAL,1629216,Vincent,G. Vincent,0,0,0,,0,,,0,h,SUB: L. James FOR Vincent,Substitution,,0,0,428,0042400165
0042400165,602,PT07M23.00S,4,1610612750,MIN,203497,Gobert,R. Gobert,0,0,0,,0,85,87,172,v,Gobert Free Throw 2 of 2 (25 PTS),Free Throw,Free Throw 2 of 2,1,0,429,0042400165
0042400165,603,PT07M10.00S,4,1610612750,MIN,1630183,McDaniels,J. McDaniels,0,0,0,,0,,,0,v,McDaniels S.FOUL (P5.T1) (J.Goble),Foul,Shooting,1,0,430,0042400165
0042400165,605,PT07M10.00S,4,1610612747,LAL,1629029,Dončić,L. Dončić,0,0,0,,0,86,87,173,h,Doncic Free Throw 1 of 2 (26 PTS),Free Throw,Free Throw 1 of 2,1,0,431,0042400165
0042400165,606,PT07M10.00S,4,1610612747,LAL,1629029,Dončić,L. Dončić,0,0,0,,0,,,0,h,MISS Doncic Free Throw 2 of 2,Free Throw,Free Throw 2 of 2,0,0,432,0042400165
0042400165,607,PT07M07.00S,4,1610612750,MIN,203497,Gobert,R. Gobert,0,0,0,,0,,,0,v,Gobert REBOUND (Off:8 Def:12),Rebound,Unknown,0,0,433,0042400165
0042400165,608,PT06M55.00S,4,1610612750,MIN,201144,Conley,M. Conley,-2,91,9,Missed,1,,,0,v,MISS Conley 9' Driving Floating Jump Shot,Missed Shot,Driving Floating Jump Shot,1,2,434,0042400165
0042400165,609,PT06M51.00S,4,1610612747,LAL,1629060,Hachimura,R. Hachimura,0,0,0,,0,,,0,h,Hachimura REBOUND (Off:2 Def:1),Rebound,Unknown,1,0,435,0042400165
0042400165,610,PT06M43.00S,4,1610612747,LAL,1629020,Vanderbilt,J. Vanderbilt,-47,21,5,Missed,1,,,0,h,MISS Vanderbilt 5' Layup,Missed Shot,Layup Shot,1,2,436,0042400165
0042400165,610,PT06M43.00S,4,1610612750,MIN,203497,Gobert,R. Gobert,0,0,0,,0,,,0,v,Gobert BLOCK (2 BLK),,,1,2,437,0042400165
0042400165,612,PT06M43.00S,4,0,,1610612747,,,0,0,0,,0,,,0,h,LAKERS Rebound,Rebound,Unknown,0,0,438,0042400165
0042400165,614,PT06M43.00S,4,1610612747,LAL,1629020,Vanderbilt,J. Vanderbilt,0,0,0,,0,,,0,h,SUB: Finney-Smith FOR Vanderbilt,Substitution,,0,0,439,0042400165
0042400165,616,PT06M29.00S,4,1610612747,LAL,1629029,Dončić,L. Dončić,11,100,10,Made,1,88,87,175,h,Doncic 10' Fadeaway Jumper (28 PTS),Made Shot,Fadeaway Jump Shot,1,2,440,0042400165
0042400165,617,PT06M07.00S,4,1610612750,MIN,203944,Randle,J. Randle,-16,80,8,Missed,1,,,0,v,MISS Randle 8' Driving Floating Jump Shot,Missed Shot,Driving Floating Jump Shot,1,2,441,0042400165
0042400165,618,PT06M07.00S,4,0,,1610612750,,,0,0,0,,0,,,0,v,Timberwolves Rebound,Rebound,Unknown,0,0,442,0042400165
0042400165,619,PT06M07.00S,4,1610612747,LAL,1627827,Finney-Smith,D. Finney-Smith,0,0,0,,0,,,0,h,Finney-Smith L.B.FOUL (P6.PN) (J.Goble),Foul,Loose Ball,1,0,443,0042400165
0042400165,622,PT06M07.00S,4,1610612747,LAL,1627827,Finney-Smith,D. Finney-Smith,0,0,0,,0,,,0,h,SUB: Vincent FOR Finney-Smith,Substitution,,0,0,444,0042400165
0042400165,624,PT06M07.00S,4,1610612750,MIN,1630183,McDaniels,J. McDaniels,0,0,0,,0,88,88,176,v,McDaniels Free Throw 1 of 2 (7 PTS),Free Throw,Free Throw 1 of 2,1,0,445,0042400165
0042400165,625,PT06M07.00S,4,1610612750,MIN,201144,Conley,M. Conley,0,0,0,,0,,,0,v,SUB: DiVincenzo FOR Conley,Substitution,,0,0,446,0042400165
0042400165,627,PT06M07.00S,4,1610612750,MIN,1630183,McDaniels,J. McDaniels,0,0,0,,0,88,89,177,v,McDaniels Free Throw 2 of 2 (8 PTS),Free Throw,Free Throw 2 of 2,1,0,447,0042400165
0042400165,628,PT05M46.00S,4,1610612747,LAL,2544,James,L. James,-36,109,11,Missed,1,,,0,h,MISS L. James 11' Turnaround Fadeaway Shot,Missed Shot,Turnaround Fadeaway shot,1,2,448,0042400165
0042400165,629,PT05M43.00S,4,1610612750,MIN,1630162,Edwards,A. Edwards,0,0,0,,0,,,0,v,Edwards REBOUND (Off:1 Def:7),Rebound,Unknown,1,0,449,0042400165
0042400165,630,PT05M39.00S,4,1610612750,MIN,1628978,DiVincenzo,D. DiVincenzo,124,228,26,Missed,1,,,0,v,MISS DiVincenzo 26' 3PT Step Back Jump Shot,Missed Shot,Step Back Jump shot,1,3,450,0042400165
0042400165,631,PT05M39.00S,4,1610612750,MIN,203497,Gobert,R. Gobert,0,0,0,,0,,,0,v,Gobert REBOUND (Off:9 Def:12),Rebound,Unknown,1,0,451,0042400165
0042400165,632,PT05M36.00S,4,1610612750,MIN,203497,Gobert,R. Gobert,0,0,0,Made,1,88,91,179,v,Gobert Tip Dunk Shot (27 PTS),Made Shot,Tip Dunk Shot,1,2,452,0042400165
0042400165,633,PT05M36.00S,4,0,,1610612747,,,0,0,0,,0,,,0,h,LAKERS Timeout: Regular (Full 4 Short 0),Timeout,Regular,0,0,453,0042400165
0042400165,634,PT05M36.00S,4,1610612747,LAL,1629216,Vincent,G. Vincent,0,0,0,,0,,,0,h,SUB: Kleber FOR Vincent,Substitution,,0,0,454,0042400165
0042400165,636,PT05M20.00S,4,1610612747,LAL,1628467,Kleber,M. Kleber,240,56,25,Missed,1,,,0,h,MISS Kleber 25' 3PT Jump Shot,Missed Shot,Jump Shot,1,3,455,0042400165
0042400165,637,PT05M16.00S,4,1610612747,LAL,2544,James,L. James,0,0,0,,0,,,0,h,L. James REBOUND (Off:2 Def:5),Rebound,Unknown,1,0,456,0042400165
0042400165,638,PT05M14.00S,4,1610612747,LAL,2544,James,L. James,147,13,15,Missed,1,,,0,h,MISS L. James 15' Fadeaway Jumper,Missed Shot,Fadeaway Jump Shot,1,2,457,0042400165
0042400165,639,PT05M12.00S,4,1610612750,MIN,1630162,Edwards,A. Edwards,0,0,0,,0,,,0,v,Edwards REBOUND (Off:1 Def:8),Rebound,Unknown,1,0,458,0042400165
0042400165,640,PT04M56.00S,4,1610612750,MIN,1630183,McDaniels,J. McDaniels,223,32,0,Missed,1,,,0,v,MISS McDaniels 3PT Jump Shot,Missed Shot,Jump Shot,1,3,459,0042400165
0042400165,641,PT04M54.00S,4,1610612747,LAL,1630559,Reaves,A. Reaves,0,0,0,,0,,,0,h,Reaves REBOUND (Off:1 Def:4),Rebound,Unknown,1,0,460,0042400165
0042400165,642,PT04M34.00S,4,1610612747,LAL,1629029,Dončić,L. Dončić,115,256,28,Missed,1,,,0,h,MISS Doncic 28' 3PT Jump Shot,Missed Shot,Jump Shot,1,3,461,0042400165
0042400165,643,PT04M29.00S,4,1610612747,LAL,1629060,Hachimura,R. Hachimura,0,0,0,,0,,,0,h,Hachimura REBOUND (Off:3 Def:1),Rebound,Unknown,1,0,462,0042400165
0042400165,644,PT04M28.00S,4,1610612747,LAL,2544,James,L. James,-168,208,27,Missed,1,,,0,h,MISS L. James 27' 3PT Jump Shot,Missed Shot,Jump Shot,1,3,463,0042400165
0042400165,645,PT04M28.00S,4,0,,1610612747,,,0,0,0,,0,,,0,h,LAKERS Rebound,Rebound,Unknown,0,0,464,0042400165
0042400165,646,PT04M28.00S,4,1610612750,MIN,1630183,McDaniels,J. McDaniels,0,0,0,,0,,,0,v,McDaniels L.B.FOUL (P6.T2) (J.Goble),Foul,Loose Ball,1,0,465,0042400165
0042400165,648,PT04M28.00S,4,1610612750,MIN,1630183,McDaniels,J. McDaniels,0,0,0,,0,,,0,v,SUB: Alexander-Walker FOR McDaniels,Substitution,,0,0,466,0042400165
0042400165,650,PT04M25.00S,4,1610612750,MIN,1629638,Alexander-Walker,N. Alexander-Walker,0,0,0,,0,,,0,v,Alexander-Walker P.FOUL (P3.T3) (R.Acosta),Foul,Personal,1,0,467,0042400165
0042400165,652,PT04M19.00S,4,1610612747,LAL,1628467,Kleber,M. Kleber,0,0,0,,0,,,0,h,Kleber Step Out of Bounds Turnover (P1.T15),Turnover,Step Out of Bounds Turnover,1,0,468,0042400165
0042400165,653,PT04M00.00S,4,1610612750,MIN,1629638,Alexander-Walker,N. Alexander-Walker,141,225,27,Missed,1,,,0,v,MISS Alexander-Walker 27' 3PT Jump Shot,Missed Shot,Jump Shot,1,3,469,0042400165
0042400165,654,PT03M56.00S,4,1610612750,MIN,203944,Randle,J. Randle,0,0,0,,0,,,0,v,Randle REBOUND (Off:3 Def:2),Rebound,Unknown,1,0,470,0042400165
0042400165,655,PT03M47.00S,4,1610612750,MIN,1630162,Edwards,A. Edwards,-210,190,28,Missed,1,,,0,v,MISS Edwards 28' 3PT Step Back Jump Shot,Missed Shot,Step Back Jump shot,1,3,471,0042400165
0042400165,656,PT03M42.00S,4,1610612750,MIN,1630162,Edwards,A. Edwards,0,0,0,,0,,,0,v,Edwards REBOUND (Off:2 Def:8),Rebound,Unknown,1,0,472,0042400165
0042400165,657,PT03M29.00S,4,1610612750,MIN,203944,Randle,J. Randle,-29,68,7,Made,1,88,93,181,v,Randle 7' Driving Floating Jump Shot (18 PTS) (Edwards 6 AST),Made Shot,Driving Floating Jump Shot,1,2,473,0042400165
0042400165,659,PT03M27.00S,4,0,,1610612747,,,0,0,0,,0,,,0,h,LAKERS Timeout: Regular (Full 5 Short 0),Timeout,Regular,0,0,474,0042400165
0042400165,660,PT03M27.00S,4,1610612747,LAL,1628467,Kleber,M. Kleber,0,0,0,,0,,,0,h,SUB: Vincent FOR Kleber,Substitution,,0,0,475,0042400165
0042400165,663,PT03M08.00S,4,1610612747,LAL,2544,James,L. James,-230,-7,0,Made,1,91,93,184,h,L. James 3PT Jump Shot (20 PTS) (Doncic 8 AST),Made Shot,Jump Shot,1,3,476,0042400165
0042400165,665,PT03M01.00S,4,0,,1610612750,,,0,0,0,,0,,,0,v,Timberwolves Timeout: Regular (Reg.5 Short 0),Timeout,Regular,0,0,477,0042400165
0042400165,666,PT03M01.00S,4,1610612750,MIN,1629638,Alexander-Walker,N. Alexander-Walker,0,0,0,,0,,,0,v,SUB: Conley FOR Alexander-Walker,Substitution,,0,0,478,0042400165
0042400165,668,PT02M45.00S,4,1610612750,MIN,203944,Randle,J. Randle,-29,37,5,Made,1,91,95,186,v,Randle 5' Driving Layup (20 PTS) (Edwards 7 AST),Made Shot,Driving Layup Shot,1,2,479,0042400165
0042400165,670,PT02M29.00S,4,1610612747,LAL,1629029,Dončić,L. Dončić,33,21,4,Missed,1,,,0,h,MISS Doncic 4' Driving Layup,Missed Shot,Driving Layup Shot,1,2,480,0042400165
0042400165,671,PT02M26.00S,4,1610612750,MIN,203497,Gobert,R. Gobert,0,0,0,,0,,,0,v,Gobert REBOUND (Off:9 Def:13),Rebound,Unknown,1,0,481,0042400165
0042400165,672,PT02M22.00S,4,1610612750,MIN,1630162,Edwards,A. Edwards,15,34,4,Made,1,91,97,188,v,Edwards 4' Running Finger Roll Layup (15 PTS) (Conley 3 AST),Made Shot,Running Finger Roll Layup Shot,1,2,482,0042400165
0042400165,674,PT02M09.00S,4,1610612747,LAL,2544,James,L. James,-175,183,25,Missed,1,,,0,h,MISS L. James 25' 3PT Step Back Jump Shot,Missed Shot,Step Back Jump shot,1,3,483,0042400165
0042400165,675,PT02M05.00S,4,1610612750,MIN,1630162,Edwards,A. Edwards,0,0,0,,0,,,0,v,Edwards REBOUND (Off:2 Def:9),Rebound,Unknown,1,0,484,0042400165
0042400165,676,PT01M53.00S,4,1610612750,MIN,1630162,Edwards,A. Edwards,115,223,25,Missed,1,,,0,v,MISS Edwards 25' 3PT Pullup Jump Shot,Missed Shot,Pullup Jump shot,1,3,485,0042400165
0042400165,677,PT01M51.00S,4,0,,1610612747,,,0,0,0,,0,,,0,h,LAKERS Rebound,Rebound,Unknown,0,0,486,0042400165
0042400165,679,PT01M42.00S,4,1610612747,LAL,1629060,Hachimura,R. Hachimura,196,169,26,Made,1,94,97,191,h,Hachimura 26' 3PT Jump Shot (23 PTS) (L. James 6 AST),Made Shot,Jump Shot,1,3,487,0042400165
0042400165,681,PT01M22.00S,4,1610612750,MIN,201144,Conley,M. Conley,224,26,0,Made,1,94,100,194,v,Conley 3PT Jump Shot (8 PTS) (Edwards 8 AST),Made Shot,Jump Shot,1,3,488,0042400165
0042400165,683,PT01M10.00S,4,1610612747,LAL,1630559,Reaves,A. Reaves,16,30,3,Missed,1,,,0,h,MISS Reaves 3' Driving Layup,Missed Shot,Driving Layup Shot,1,2,489,0042400165
0042400165,684,PT01M08.00S,4,1610612750,MIN,203497,Gobert,R. Gobert,0,0,0,,0,,,0,v,Gobert REBOUND (Off:9 Def:14),Rebound,Unknown,1,0,490,0042400165
0042400165,685,PT00M51.40S,4,1610612750,MIN,203944,Randle,J. Randle,-72,258,27,Missed,1,,,0,v,MISS Randle 27' 3PT Jump Bank Shot,Missed Shot,Jump Bank Shot,1,3,491,0042400165
0042400165,686,PT00M47.60S,4,1610612747,LAL,1629216,Vincent,G. Vincent,0,0,0,,0,,,0,h,Vincent REBOUND (Off:0 Def:3),Rebound,Unknown,1,0,492,0042400165
0042400165,687,PT00M43.70S,4,1610612747,LAL,1629216,Vincent,G. Vincent,-141,219,26,Missed,1,,,0,h,MISS Vincent 26' 3PT Running Jump Shot,Missed Shot,Running Jump Shot,1,3,493,0042400165
0042400165,688,PT00M39.80S,4,1610612750,MIN,203497,Gobert,R. Gobert,0,0,0,,0,,,0,v,Gobert REBOUND (Off:9 Def:15),Rebound,Unknown,1,0,494,0042400165
0042400165,689,PT00M38.20S,4,1610612747,LAL,2544,James,L. James,0,0,0,,0,,,0,h,L. James Personal Take Foul (P2.PN) (J.Williams),Foul,Personal Take,1,0,495,0042400165
0042400165,691,PT00M38.20S,4,1610612750,MIN,203944,Randle,J. Randle,0,0,0,,0,94,101,195,v,Randle Free Throw 1 of 2 (21 PTS),Free Throw,Free Throw 1 of 2,1,0,496,0042400165
0042400165,692,PT00M38.20S,4,1610612750,MIN,203497,Gobert,R. Gobert,0,0,0,,0,,,0,v,SUB: Alexander-Walker FOR Gobert,Substitution,,0,0,497,0042400165
0042400165,693,PT00M38.20S,4,1610612750,MIN,201144,Conley,M. Conley,0,0,0,,0,,,0,v,SUB: Reid FOR Conley,Substitution,,0,0,498,0042400165
0042400165,696,PT00M38.20S,4,1610612750,MIN,203944,Randle,J. Randle,0,0,0,,0,94,102,196,v,Randle Free Throw 2 of 2 (22 PTS),Free Throw,Free Throw 2 of 2,1,0,499,0042400165
0042400165,697,PT00M38.20S,4,0,,1610612747,,,0,0,0,,0,,,0,h,LAKERS Timeout: Regular (Full 6 Short 0),Timeout,Regular,0,0,500,0042400165
0042400165,698,PT00M37.50S,4,1610612750,MIN,203944,Randle,J. Randle,0,0,0,,0,,,0,v,Randle P.FOUL (P4.T4) (J.Williams),Foul,Personal,1,0,501,0042400165
0042400165,700,PT00M33.60S,4,1610612747,LAL,2544,James,L. James,-1,6,1,Made,1,96,102,198,h,L. James 1' Driving Layup (22 PTS) (Doncic 9 AST),Made Shot,Driving Layup Shot,1,2,502,0042400165
0042400165,702,PT00M22.30S,4,1610612747,LAL,1629216,Vincent,G. Vincent,0,0,0,,0,,,0,h,Vincent Personal Take Foul (P3.PN) (R.Acosta),Foul,Personal Take,1,0,503,0042400165
0042400165,704,PT00M22.30S,4,1610612750,MIN,203944,Randle,J. Randle,0,0,0,,0,96,103,199,v,Randle Free Throw 1 of 2 (23 PTS),Free Throw,Free Throw 1 of 2,1,0,504,0042400165
0042400165,705,PT00M22.30S,4,1610612750,MIN,203944,Randle,J. Randle,0,0,0,,0,,,0,v,MISS Randle Free Throw 2 of 2,Free Throw,Free Throw 2 of 2,1,0,505,0042400165
0042400165,706,PT00M18.40S,4,1610612750,MIN,1629675,Reid,N. Reid,0,0,0,,0,,,0,v,Reid REBOUND (Off:1 Def:1),Rebound,Unknown,1,0,506,0042400165
0042400165,707,PT00M07.00S,4,0,,1610612750,,,0,0,0,,0,,,0,v,Timberwolves Turnover: Shot Clock (T#13),Turnover,Shot Clock Turnover,1,0,507,0042400165
0042400165,708,PT00M00.00S,4,0,,0,,,0,0,0,,0,96,103,199,,End of 4th Period (12:53 AM EST),period,end,1,0,508,0042400165
