gameId,actionNumber,clock,period,teamId,teamTricode,personId,playerName,playerNameI,xLegacy,yLegacy,shotDistance,shotResult,isFieldGoal,scoreHome,scoreAway,pointsTotal,location,description,actionType,subType,videoAvailable,shotValue,actionId,game_id
0022300225,2,PT12M00.00S,1,0,,0,,,0,0,0,,0,0,0,0,,Start of 1st Period (7:11 PM EST),period,start,0,0,1,0022300225
0022300225,4,PT12M00.00S,1,1610612766,CHA,1631109,Williams,M. Williams,0,0,0,,0,,,0,h,Jump Ball Williams vs. Gafford: Tip to Ball,Jump Ball,,1,0,2,0022300225
0022300225,7,PT11M43.00S,1,1610612766,CHA,1628970,Bridges,M. Bridges,-4,5,1,Missed,1,,,0,h,MISS Bridges 1' Driving Layup,Missed Shot,Driving Layup Shot,1,2,3,0022300225
0022300225,8,PT11M41.00S,1,1610612764,WAS,1629655,Gafford,D. Gafford,0,0,0,,0,,,0,v,Gafford REBOUND (Off:0 Def:1),Rebound,Unknown,1,0,4,0022300225
0022300225,9,PT11M23.00S,1,1610612764,WAS,1626145,Jones,T. Jones,-9,80,8,Made,1,0,2,2,v,Jones 8' Floating Jump Shot (2 PTS) (Kuzma 1 AST),Made Shot,Floating Jump shot,1,2,5,0022300225
0022300225,11,PT11M07.00S,1,1610612766,CHA,1628970,Bridges,M. Bridges,-190,166,25,Missed,1,,,0,h,MISS Bridges 25' 3PT Jump Shot,Missed Shot,Jump Shot,1,3,6,0022300225
0022300225,12,PT11M04.00S,1,1610612764,WAS,1629655,Gafford,D. Gafford,0,0,0,,0,,,0,v,Gafford REBOUND (Off:0 Def:2),Rebound,Unknown,1,0,7,0022300225
0022300225,13,PT10M48.00S,1,1610612764,WAS,1630166,Avdija,D. Avdija,-224,23,0,Made,1,0,5,5,v,Avdija 3PT Jump Shot (3 PTS) (Jones 1 AST),Made Shot,Jump Shot,1,3,8,0022300225
0022300225,15,PT10M40.00S,1,1610612764,WAS,1626145,Jones,T. Jones,0,0,0,,0,,,0,v,Jones P.FOUL (P1.T1) (A.Smith),Foul,Personal,1,0,9,0022300225
0022300225,17,PT10M25.00S,1,1610612764,WAS,1629655,Gafford,D. Gafford,0,0,0,,0,,,0,v,Gafford Violation:Kicked Ball (A.Smith),Violation,Kicked Ball,0,0,10,0022300225
0022300225,18,PT10M13.00S,1,1610612766,CHA,1630163,Ball,L. Ball,-4,63,6,Made,1,2,5,7,h,Ball 6' Driving Floating Jump Shot (2 PTS),Made Shot,Driving Floating Jump Shot,1,2,11,0022300225
0022300225,20,PT10M00.00S,1,1610612764,WAS,1629673,Poole,J. Poole,96,257,27,Missed,1,,,0,v,MISS Poole 27' 3PT Jump Shot,Missed Shot,Jump Shot,1,3,12,0022300225
0022300225,21,PT10M00.00S,1,1610612766,CHA,202330,Hayward,G. Hayward,0,0,0,,0,,,0,h,Hayward REBOUND (Off:0 Def:1),Rebound,Unknown,1,0,13,0022300225
0022300225,22,PT09M49.00S,1,1610612766,CHA,1630163,Ball,L. Ball,-173,241,30,Missed,1,,,0,h,MISS Ball 30' 3PT Jump Shot,Missed Shot,Jump Shot,1,3,14,0022300225
0022300225,23,PT09M46.00S,1,1610612764,WAS,1628398,Kuzma,K. Kuzma,0,0,0,,0,,,0,v,Kuzma REBOUND (Off:0 Def:1),Rebound,Unknown,1,0,15,0022300225
0022300225,24,PT09M41.00S,1,1610612764,WAS,1629673,Poole,J. Poole,237,33,24,Missed,1,,,0,v,MISS Poole 24' 3PT Running Jump Shot,Missed Shot,Running Jump Shot,1,3,16,0022300225
0022300225,25,PT09M36.00S,1,1610612766,CHA,1630163,Ball,L. Ball,0,0,0,,0,,,0,h,Ball REBOUND (Off:0 Def:1),Rebound,Unknown,1,0,17,0022300225
0022300225,26,PT09M27.00S,1,1610612766,CHA,1630163,Ball,L. Ball,104,100,14,Missed,1,,,0,h,MISS Ball 14' Pullup Jump Shot,Missed Shot,Pullup Jump shot,1,2,18,0022300225
0022300225,27,PT09M21.00S,1,1610612766,CHA,1630163,Ball,L. Ball,0,0,0,,0,,,0,h,Ball REBOUND (Off:1 Def:1),Rebound,Unknown,1,0,19,0022300225
0022300225,28,PT09M18.00S,1,1610612766,CHA,1630163,Ball,L. Ball,-15,36,4,Made,1,4,5,9,h,Ball 4' Putback Layup (4 PTS),Made Shot,Putback Layup Shot,1,2,20,0022300225
0022300225,29,PT09M14.00S,1,1610612766,CHA,1631109,Williams,M. Williams,0,0,0,,0,,,0,h,Williams P.FOUL (P1.T1) (S.Mehta),Foul,Personal,1,0,21,0022300225
0022300225,31,PT09M07.00S,1,1610612764,WAS,1626145,Jones,T. Jones,-23,90,9,Missed,1,,,0,v,MISS Jones 9' Floating Jump Shot,Missed Shot,Floating Jump shot,1,2,22,0022300225
0022300225,31,PT09M07.00S,1,1610612766,CHA,1631109,Williams,M. Williams,0,0,0,,0,,,0,h,Williams BLOCK (1 BLK),,,1,2,23,0022300225
0022300225,33,PT09M03.00S,1,1610612766,CHA,1631109,Williams,M. Williams,0,0,0,,0,,,0,h,Williams REBOUND (Off:0 Def:1),Rebound,Unknown,1,0,24,0022300225
0022300225,34,PT09M01.00S,1,1610612766,CHA,1641706,Miller,B. Miller,4,15,2,Missed,1,,,0,h,MISS Miller 2' Running Layup,Missed Shot,Running Layup Shot,1,2,25,0022300225
0022300225,34,PT09M01.00S,1,1610612764,WAS,1628398,Kuzma,K. Kuzma,0,0,0,,0,,,0,v,Kuzma BLOCK (1 BLK),,,1,2,26,0022300225
0022300225,36,PT09M01.00S,1,0,,1610612766,,,0,0,0,,0,,,0,h,HORNETS Rebound,Rebound,Unknown,1,0,27,0022300225
0022300225,38,PT08M58.00S,1,1610612766,CHA,202330,Hayward,G. Hayward,154,199,25,Missed,1,,,0,h,MISS Hayward 25' 3PT Jump Shot,Missed Shot,Jump Shot,1,3,28,0022300225
0022300225,39,PT08M55.00S,1,1610612764,WAS,1629655,Gafford,D. Gafford,0,0,0,,0,,,0,v,Gafford REBOUND (Off:0 Def:3),Rebound,Unknown,1,0,29,0022300225
0022300225,40,PT08M47.00S,1,1610612764,WAS,1629673,Poole,J. Poole,0,0,0,,0,,,0,v,Poole Traveling Turnover (P1.T1),Turnover,Traveling,1,0,30,0022300225
0022300225,41,PT08M30.00S,1,1610612766,CHA,1630163,Ball,L. Ball,-16,34,4,Made,1,6,5,11,h,Ball 4' Driving Floating Jump Shot (6 PTS),Made Shot,Driving Floating Jump Shot,1,2,31,0022300225
0022300225,42,PT08M21.00S,1,1610612764,WAS,1629655,Gafford,D. Gafford,0,0,0,,0,,,0,v,Gafford Offensive Charge Foul (P1) (A.Smith),Foul,Offensive Charge,1,0,32,0022300225
0022300225,44,PT08M21.00S,1,1610612764,WAS,1629655,Gafford,D. Gafford,0,0,0,,0,,,0,v,Gafford Offensive Foul Turnover (P1.T2),Turnover,Offensive Foul Turnover,1,0,33,0022300225
0022300225,45,PT08M06.00S,1,1610612766,CHA,1641706,Miller,B. Miller,-99,79,13,Made,1,8,5,13,h,Miller 13' Pullup Jump Shot (2 PTS) (Hayward 1 AST),Made Shot,Pullup Jump shot,1,2,34,0022300225
0022300225,47,PT07M47.00S,1,1610612764,WAS,1630166,Avdija,D. Avdija,45,22,5,Missed,1,,,0,v,MISS Avdija 5' Driving Layup,Missed Shot,Driving Layup Shot,1,2,35,0022300225
0022300225,48,PT07M44.00S,1,1610612764,WAS,1630166,Avdija,D. Avdija,0,0,0,,0,,,0,v,Avdija REBOUND (Off:1 Def:0),Rebound,Unknown,1,0,36,0022300225
0022300225,49,PT07M43.00S,1,1610612764,WAS,1630166,Avdija,D. Avdija,-15,8,2,Made,1,8,7,15,v,Avdija 2' Putback Layup (5 PTS),Made Shot,Putback Layup Shot,1,2,37,0022300225
0022300225,50,PT07M36.00S,1,1610612766,CHA,1628970,Bridges,M. Bridges,0,0,0,,0,,,0,h,Bridges Traveling Turnover (P1.T1),Turnover,Traveling,1,0,38,0022300225
0022300225,51,PT07M16.00S,1,1610612764,WAS,1628398,Kuzma,K. Kuzma,0,0,0,,0,,,0,v,Kuzma Bad Pass Turnover (P1.T3),Turnover,Bad Pass,1,0,39,0022300225
0022300225,51,PT07M16.00S,1,1610612766,CHA,1630163,Ball,L. Ball,0,0,0,,0,,,0,h,Ball STEAL (1 STL),,,1,0,40,0022300225
0022300225,53,PT07M13.00S,1,1610612766,CHA,1630163,Ball,L. Ball,0,0,0,,0,,,0,h,Ball Bad Pass Turnover (P1.T2),Turnover,Bad Pass,1,0,41,0022300225
0022300225,53,PT07M13.00S,1,1610612764,WAS,1629673,Poole,J. Poole,0,0,0,,0,,,0,v,Poole STEAL (1 STL),,,1,0,42,0022300225
0022300225,55,PT07M10.00S,1,1610612764,WAS,1626145,Jones,T. Jones,12,15,2,Missed,1,,,0,v,MISS Jones 2' Running Layup,Missed Shot,Running Layup Shot,1,2,43,0022300225
0022300225,79,PT07M08.00S,1,1610612764,WAS,1629673,Poole,J. Poole,0,0,0,,0,,,0,v,Poole REBOUND (Off:1 Def:0),Rebound,Unknown,1,0,44,0022300225
0022300225,84,PT07M08.00S,1,1610612764,WAS,1629673,Poole,J. Poole,9,35,4,Made,1,8,9,17,v,Poole 4' Tip Layup Shot (2 PTS),Made Shot,Tip Layup Shot,1,2,45,0022300225
0022300225,58,PT07M00.00S,1,1610612766,CHA,1628970,Bridges,M. Bridges,-173,193,26,Missed,1,,,0,h,MISS Bridges 26' 3PT Jump Shot,Missed Shot,Jump Shot,1,3,46,0022300225
0022300225,59,PT07M00.00S,1,1610612764,WAS,1629655,Gafford,D. Gafford,0,0,0,,0,,,0,v,Gafford REBOUND (Off:0 Def:4),Rebound,Unknown,1,0,47,0022300225
0022300225,60,PT06M44.00S,1,1610612764,WAS,1630166,Avdija,D. Avdija,4,31,3,Made,1,8,11,19,v,Avdija 3' Turnaround Hook Shot (7 PTS),Made Shot,Turnaround Hook Shot,1,2,48,0022300225
0022300225,61,PT06M24.00S,1,1610612766,CHA,1628970,Bridges,M. Bridges,2,-1,0,Made,1,10,11,21,h,Bridges Driving Layup (2 PTS) (Hayward 2 AST),Made Shot,Driving Layup Shot,1,2,49,0022300225
0022300225,63,PT06M24.00S,1,0,,1610612766,,,0,0,0,,0,,,0,h,HORNETS Timeout: Regular (Full 1 Short 0),Timeout,Regular,0,0,50,0022300225
0022300225,65,PT06M24.00S,1,1610612764,WAS,1629673,Poole,J. Poole,0,0,0,,0,,,0,v,SUB: Coulibaly FOR Poole,Substitution,,0,0,51,0022300225
0022300225,67,PT06M01.00S,1,1610612764,WAS,1626145,Jones,T. Jones,6,149,15,Made,1,10,13,23,v,Jones 15' Pullup Jump Shot (4 PTS),Made Shot,Pullup Jump shot,1,2,52,0022300225
0022300225,68,PT05M37.00S,1,1610612766,CHA,1630163,Ball,L. Ball,0,0,0,,0,,,0,h,Ball Traveling Turnover (P2.T3),Turnover,Traveling,1,0,53,0022300225
0022300225,69,PT05M37.00S,1,1610612766,CHA,1630163,Ball,L. Ball,0,0,0,,0,,,0,h,SUB: Smith FOR Ball,Substitution,,0,0,54,0022300225
0022300225,71,PT05M14.00S,1,1610612764,WAS,1629655,Gafford,D. Gafford,6,20,2,Made,1,10,15,25,v,Gafford 2' Dunk (2 PTS) (Coulibaly 1 AST),Made Shot,Dunk Shot,1,2,55,0022300225
0022300225,73,PT05M02.00S,1,1610612766,CHA,1641706,Miller,B. Miller,-158,203,26,Made,1,13,15,28,h,Miller 26' 3PT Jump Shot (5 PTS) (Smith 1 AST),Made Shot,Jump Shot,1,3,56,0022300225
0022300225,75,PT04M48.00S,1,1610612766,CHA,1641706,Miller,B. Miller,0,0,0,,0,,,0,h,Miller S.FOUL (P1.T2) (S.Mehta),Foul,Shooting,1,0,57,0022300225
0022300225,77,PT04M48.00S,1,1610612764,WAS,1641731,Coulibaly,B. Coulibaly,0,0,0,,0,13,16,29,v,Coulibaly Free Throw 1 of 2 (1 PTS),Free Throw,Free Throw 1 of 2,1,0,58,0022300225
0022300225,78,PT04M48.00S,1,1610612764,WAS,1641731,Coulibaly,B. Coulibaly,0,0,0,,0,13,17,30,v,Coulibaly Free Throw 2 of 2 (2 PTS),Free Throw,Free Throw 2 of 2,1,0,59,0022300225
0022300225,80,PT04M30.00S,1,1610612766,CHA,202330,Hayward,G. Hayward,17,158,16,Missed,1,,,0,h,MISS Hayward 16' Fadeaway Jumper,Missed Shot,Fadeaway Jump Shot,1,2,60,0022300225
0022300225,81,PT04M28.00S,1,1610612764,WAS,1628398,Kuzma,K. Kuzma,0,0,0,,0,,,0,v,Kuzma REBOUND (Off:0 Def:2),Rebound,Unknown,1,0,61,0022300225
0022300225,82,PT04M27.00S,1,1610612764,WAS,1641731,Coulibaly,B. Coulibaly,9,20,2,Made,1,13,19,32,v,Coulibaly 2' Layup (4 PTS),Made Shot,Layup Shot,1,2,62,0022300225
0022300225,83,PT04M27.00S,1,1610612766,CHA,1641706,Miller,B. Miller,0,0,0,,0,,,0,h,Miller S.FOUL (P2.T3) (A.Smith),Foul,Shooting,1,0,63,0022300225
0022300225,86,PT04M27.00S,1,1610612766,CHA,1641706,Miller,B. Miller,0,0,0,,0,,,0,h,SUB: McGowens FOR Miller,Substitution,,0,0,64,0022300225
0022300225,121,PT04M27.00S,1,1610612764,WAS,1630166,Avdija,D. Avdija,0,0,0,,0,,,0,v,SUB: Kispert FOR Avdija,Substitution,,0,0,65,0022300225
0022300225,88,PT04M27.00S,1,1610612764,WAS,1641731,Coulibaly,B. Coulibaly,0,0,0,,0,13,20,33,v,Coulibaly Free Throw 1 of 1 (5 PTS),Free Throw,Free Throw 1 of 1,1,0,66,0022300225
0022300225,89,PT04M13.00S,1,1610612766,CHA,202397,Smith,I. Smith,0,0,0,,0,,,0,h,Smith Lost Ball Turnover (P1.T4),Turnover,Lost Ball,1,0,67,0022300225
0022300225,89,PT04M13.00S,1,1610612764,WAS,1628398,Kuzma,K. Kuzma,0,0,0,,0,,,0,v,Kuzma STEAL (1 STL),,,1,0,68,0022300225
0022300225,91,PT04M07.00S,1,1610612764,WAS,1628398,Kuzma,K. Kuzma,0,0,0,,0,,,0,v,Kuzma Bad Pass Turnover (P2.T4),Turnover,Bad Pass,1,0,69,0022300225
0022300225,91,PT04M07.00S,1,1610612766,CHA,202397,Smith,I. Smith,0,0,0,,0,,,0,h,Smith STEAL (1 STL),,,1,0,70,0022300225
0022300225,93,PT03M59.00S,1,1610612766,CHA,1628970,Bridges,M. Bridges,-6,0,1,Made,1,15,20,35,h,Bridges 1' Running Dunk (4 PTS) (Hayward 3 AST),Made Shot,Running Dunk Shot,1,2,71,0022300225
0022300225,95,PT03M53.00S,1,1610612764,WAS,1626145,Jones,T. Jones,4,23,2,Made,1,15,22,37,v,Jones 2' Driving Floating Jump Shot (6 PTS) (Gafford 1 AST),Made Shot,Driving Floating Jump Shot,1,2,72,0022300225
0022300225,96,PT03M53.00S,1,1610612766,CHA,1631109,Williams,M. Williams,0,0,0,,0,,,0,h,Williams Violation:Defensive Goaltending (A.Smith),Violation,Defensive Goaltending,1,0,73,0022300225
0022300225,99,PT03M29.00S,1,0,,1610612766,,,0,0,0,,0,,,0,h,HORNETS Turnover: Shot Clock (T#5),Turnover,Shot Clock Turnover,1,0,74,0022300225
0022300225,100,PT03M29.00S,1,1610612766,CHA,1631109,Williams,M. Williams,0,0,0,,0,,,0,h,SUB: Thor FOR Williams,Substitution,,0,0,75,0022300225
0022300225,101,PT03M29.00S,1,1610612766,CHA,202330,Hayward,G. Hayward,0,0,0,,0,,,0,h,SUB: Ball FOR Hayward,Substitution,,0,0,76,0022300225
0022300225,102,PT03M29.00S,1,1610612764,WAS,1629655,Gafford,D. Gafford,0,0,0,,0,,,0,v,SUB: Gallinari FOR Gafford,Substitution,,0,0,77,0022300225
0022300225,106,PT03M12.00S,1,1610612764,WAS,1630557,Kispert,C. Kispert,20,49,5,Missed,1,,,0,v,MISS Kispert 5' Turnaround Jump Shot,Missed Shot,Turnaround Jump Shot,1,2,78,0022300225
0022300225,107,PT03M10.00S,1,1610612766,CHA,1630550,Thor,J. Thor,0,0,0,,0,,,0,h,Thor REBOUND (Off:0 Def:1),Rebound,Unknown,1,0,79,0022300225
0022300225,108,PT03M05.00S,1,1610612766,CHA,1630163,Ball,L. Ball,-4,67,7,Made,1,17,22,39,h,Ball 7' Pullup Jump Shot (8 PTS),Made Shot,Pullup Jump shot,1,2,80,0022300225
0022300225,109,PT03M05.00S,1,1610612764,WAS,1641731,Coulibaly,B. Coulibaly,0,0,0,,0,,,0,v,Coulibaly S.FOUL (P1.T2) (A.Smith),Foul,Shooting,1,0,81,0022300225
0022300225,111,PT03M05.00S,1,1610612766,CHA,1630163,Ball,L. Ball,0,0,0,,0,,,0,h,MISS Ball Free Throw 1 of 1,Free Throw,Free Throw 1 of 1,1,0,82,0022300225
0022300225,112,PT03M02.00S,1,1610612764,WAS,201568,Gallinari,D. Gallinari,0,0,0,,0,,,0,v,Gallinari REBOUND (Off:0 Def:1),Rebound,Unknown,1,0,83,0022300225
0022300225,113,PT02M48.00S,1,1610612764,WAS,1628398,Kuzma,K. Kuzma,7,71,7,Missed,1,,,0,v,MISS Kuzma 7' Pullup Jump Shot,Missed Shot,Pullup Jump shot,1,2,84,0022300225
0022300225,114,PT02M46.00S,1,1610612766,CHA,1628970,Bridges,M. Bridges,0,0,0,,0,,,0,h,Bridges REBOUND (Off:0 Def:1),Rebound,Unknown,1,0,85,0022300225
0022300225,115,PT02M39.00S,1,1610612766,CHA,1630163,Ball,L. Ball,-6,5,1,Missed,1,,,0,h,MISS Ball 1' Driving Reverse Layup,Missed Shot,Driving Reverse Layup Shot,1,2,86,0022300225
0022300225,116,PT02M37.00S,1,1610612764,WAS,201568,Gallinari,D. Gallinari,0,0,0,,0,,,0,v,Gallinari REBOUND (Off:0 Def:2),Rebound,Unknown,1,0,87,0022300225
0022300225,117,PT02M30.00S,1,1610612764,WAS,1626145,Jones,T. Jones,-153,216,26,Missed,1,,,0,v,MISS Jones 26' 3PT Jump Shot,Missed Shot,Jump Shot,1,3,88,0022300225
0022300225,118,PT02M29.00S,1,0,,1610612766,,,0,0,0,,0,,,0,h,HORNETS Rebound,Rebound,Unknown,0,0,89,0022300225
0022300225,120,PT02M29.00S,1,0,,1610612764,,,0,0,0,,0,,,0,v,Wizards Timeout: Regular (Reg.1 Short 0),Timeout,Regular,0,0,90,0022300225
0022300225,123,PT02M29.00S,1,1610612764,WAS,1626145,Jones,T. Jones,0,0,0,,0,,,0,v,SUB: Poole FOR Jones,Substitution,,0,0,91,0022300225
0022300225,124,PT02M29.00S,1,1610612764,WAS,1628398,Kuzma,K. Kuzma,0,0,0,,0,,,0,v,SUB: Avdija FOR Kuzma,Substitution,,0,0,92,0022300225
0022300225,127,PT02M12.00S,1,1610612766,CHA,1628970,Bridges,M. Bridges,-2,21,2,Made,1,19,22,41,h,Bridges 2' Hook Shot (6 PTS) (Ball 1 AST),Made Shot,Hook Shot,1,2,93,0022300225
0022300225,128,PT02M01.00S,1,1610612764,WAS,1629673,Poole,J. Poole,22,17,3,Missed,1,,,0,v,MISS Poole 3' Driving Layup,Missed Shot,Driving Layup Shot,1,2,94,0022300225
0022300225,129,PT02M00.00S,1,1610612766,CHA,1631121,McGowens,B. McGowens,0,0,0,,0,,,0,h,McGowens REBOUND (Off:0 Def:1),Rebound,Unknown,1,0,95,0022300225
0022300225,130,PT01M41.00S,1,1610612766,CHA,202397,Smith,I. Smith,-7,3,1,Missed,1,,,0,h,MISS Smith 1' Driving Reverse Layup,Missed Shot,Driving Reverse Layup Shot,1,2,96,0022300225
0022300225,131,PT01M38.00S,1,1610612764,WAS,1630557,Kispert,C. Kispert,0,0,0,,0,,,0,v,Kispert REBOUND (Off:0 Def:1),Rebound,Unknown,1,0,97,0022300225
0022300225,132,PT01M37.00S,1,1610612764,WAS,1630557,Kispert,C. Kispert,0,0,0,,0,,,0,v,Kispert Out of Bounds Lost Ball Turnover (P1.T5),Turnover,Out of Bounds Lost Ball Turnover,1,0,98,0022300225
0022300225,133,PT01M22.00S,1,1610612766,CHA,1628970,Bridges,M. Bridges,-6,17,2,Missed,1,,,0,h,MISS Bridges 2' Turnaround Hook Shot,Missed Shot,Turnaround Hook Shot,1,2,99,0022300225
0022300225,134,PT01M21.00S,1,1610612764,WAS,201568,Gallinari,D. Gallinari,0,0,0,,0,,,0,v,Gallinari REBOUND (Off:0 Def:3),Rebound,Unknown,1,0,100,0022300225
0022300225,135,PT01M05.00S,1,1610612764,WAS,201568,Gallinari,D. Gallinari,22,91,9,Missed,1,,,0,v,MISS Gallinari 9' Fadeaway Jumper,Missed Shot,Fadeaway Jump Shot,1,2,101,0022300225
0022300225,136,PT01M03.00S,1,1610612766,CHA,1630163,Ball,L. Ball,0,0,0,,0,,,0,h,Ball REBOUND (Off:1 Def:2),Rebound,Unknown,1,0,102,0022300225
0022300225,137,PT00M53.50S,1,1610612766,CHA,1630163,Ball,L. Ball,-2,15,2,Missed,1,,,0,h,MISS Ball 2' Cutting Layup Shot,Missed Shot,Cutting Layup Shot,1,2,103,0022300225
0022300225,138,PT00M50.30S,1,1610612766,CHA,1631121,McGowens,B. McGowens,0,0,0,,0,,,0,h,McGowens REBOUND (Off:1 Def:1),Rebound,Unknown,1,0,104,0022300225
0022300225,139,PT00M44.00S,1,1610612766,CHA,1631121,McGowens,B. McGowens,-9,22,2,Made,1,21,22,43,h,McGowens 2' Driving Layup (2 PTS),Made Shot,Driving Layup Shot,1,2,105,0022300225
0022300225,140,PT00M33.40S,1,1610612766,CHA,1628970,Bridges,M. Bridges,0,0,0,,0,,,0,h,Bridges S.FOUL (P1.T4) (A.Smith),Foul,Shooting,1,0,106,0022300225
0022300225,142,PT00M33.40S,1,1610612764,WAS,1630166,Avdija,D. Avdija,0,0,0,,0,21,23,44,v,Avdija Free Throw 1 of 2 (8 PTS),Free Throw,Free Throw 1 of 2,1,0,107,0022300225
0022300225,143,PT00M33.40S,1,1610612764,WAS,1630166,Avdija,D. Avdija,0,0,0,,0,21,24,45,v,Avdija Free Throw 2 of 2 (9 PTS),Free Throw,Free Throw 2 of 2,0,0,108,0022300225
0022300225,145,PT00M10.10S,1,1610612766,CHA,1630163,Ball,L. Ball,25,-6,3,Missed,1,,,0,h,MISS Ball 3' Driving Layup,Missed Shot,Driving Layup Shot,1,2,109,0022300225
0022300225,146,PT00M08.30S,1,1610612764,WAS,1629673,Poole,J. Poole,0,0,0,,0,,,0,v,Poole REBOUND (Off:1 Def:1),Rebound,Unknown,1,0,110,0022300225
0022300225,147,PT00M00.00S,1,1610612764,WAS,201568,Gallinari,D. Gallinari,62,263,27,Missed,1,,,0,v,MISS Gallinari 27' 3PT Pullup Jump Shot,Missed Shot,Pullup Jump shot,1,3,111,0022300225
0022300225,148,PT00M00.00S,1,0,,1610612764,,,0,0,0,,0,,,0,v,Wizards Rebound,Rebound,Unknown,0,0,112,0022300225
0022300225,149,PT00M00.00S,1,0,,0,,,0,0,0,,0,21,24,45,,End of 1st Period (7:36 PM EST),period,end,1,0,113,0022300225
0022300225,154,PT12M00.00S,2,0,,0,,,0,0,0,,0,21,24,45,,Start of 2nd Period (7:38 PM EST),period,start,0,0,114,0022300225
0022300225,155,PT11M47.00S,2,1610612764,WAS,1641731,Coulibaly,B. Coulibaly,10,20,2,Missed,1,,,0,v,MISS Coulibaly 2' Driving Finger Roll Layup,Missed Shot,Driving Finger Roll Layup Shot,0,2,115,0022300225
0022300225,156,PT11M46.00S,2,1610612766,CHA,1631109,Williams,M. Williams,0,0,0,,0,,,0,h,Williams REBOUND (Off:0 Def:2),Rebound,Unknown,0,0,116,0022300225
0022300225,157,PT11M36.00S,2,1610612766,CHA,1631109,Williams,M. Williams,-13,4,1,Missed,1,,,0,h,MISS Williams 1' Reverse Layup,Missed Shot,Reverse Layup Shot,0,2,117,0022300225
0022300225,158,PT11M32.00S,2,1610612766,CHA,1631109,Williams,M. Williams,0,0,0,,0,,,0,h,Williams REBOUND (Off:1 Def:2),Rebound,Unknown,0,0,118,0022300225
0022300225,159,PT11M32.00S,2,1610612766,CHA,1631109,Williams,M. Williams,0,0,0,Made,1,23,24,47,h,Williams Putback Layup (2 PTS),Made Shot,Putback Layup Shot,0,2,119,0022300225
0022300225,160,PT11M14.00S,2,1610612764,WAS,201568,Gallinari,D. Gallinari,-105,259,28,Missed,1,,,0,v,MISS Gallinari 28' 3PT Jump Shot,Missed Shot,Jump Shot,0,3,120,0022300225
0022300225,161,PT11M14.00S,2,0,,1610612766,,,0,0,0,,0,,,0,h,HORNETS Rebound,Rebound,Unknown,0,0,121,0022300225
0022300225,163,PT10M52.00S,2,1610612766,CHA,1630163,Ball,L. Ball,-235,36,24,Made,1,26,24,50,h,Ball 24' 3PT Jump Shot (11 PTS) (Smith 2 AST),Made Shot,Jump Shot,0,3,122,0022300225
0022300225,165,PT10M33.00S,2,1610612764,WAS,201568,Gallinari,D. Gallinari,20,28,3,Missed,1,,,0,v,MISS Gallinari 3' Alley Oop Layup,Missed Shot,Alley Oop Layup shot,0,2,123,0022300225
0022300225,166,PT10M31.00S,2,1610612766,CHA,1631109,Williams,M. Williams,0,0,0,,0,,,0,h,Williams REBOUND (Off:1 Def:3),Rebound,Unknown,0,0,124,0022300225
0022300225,167,PT10M27.00S,2,1610612766,CHA,1630163,Ball,L. Ball,113,245,27,Missed,1,,,0,h,MISS Ball 27' 3PT Running Pull-Up Jump Shot,Missed Shot,Running Pull-Up Jump Shot,0,3,125,0022300225
0022300225,168,PT10M26.00S,2,0,,1610612764,,,0,0,0,,0,,,0,v,Wizards Rebound,Rebound,Unknown,0,0,126,0022300225
0022300225,170,PT10M07.00S,2,1610612764,WAS,1630166,Avdija,D. Avdija,12,20,2,Made,1,26,26,52,v,Avdija 2' Driving Layup (11 PTS),Made Shot,Driving Layup Shot,0,2,127,0022300225
0022300225,171,PT09M53.00S,2,1610612766,CHA,1630550,Thor,J. Thor,-159,195,25,Made,1,29,26,55,h,Thor 25' 3PT Jump Shot (3 PTS) (Ball 2 AST),Made Shot,Jump Shot,0,3,128,0022300225
0022300225,173,PT09M40.00S,2,1610612764,WAS,1629673,Poole,J. Poole,32,158,16,Missed,1,,,0,v,MISS Poole 16' Driving Floating Jump Shot,Missed Shot,Driving Floating Jump Shot,0,2,129,0022300225
0022300225,174,PT09M38.00S,2,0,,1610612764,,,0,0,0,,0,,,0,v,Wizards Rebound,Rebound,Unknown,0,0,130,0022300225
0022300225,176,PT09M35.00S,2,1610612766,CHA,1631109,Williams,M. Williams,0,0,0,,0,,,0,h,Williams S.FOUL (P2.T1) (A.Smith),Foul,Shooting,1,0,131,0022300225
0022300225,178,PT09M35.00S,2,1610612764,WAS,1629673,Poole,J. Poole,0,0,0,,0,29,27,56,v,Poole Free Throw 1 of 2 (3 PTS),Free Throw,Free Throw 1 of 2,1,0,132,0022300225
0022300225,179,PT09M35.00S,2,1610612766,CHA,202397,Smith,I. Smith,0,0,0,,0,,,0,h,SUB: Miller FOR Smith,Substitution,,0,0,133,0022300225
0022300225,181,PT09M35.00S,2,1610612764,WAS,1641731,Coulibaly,B. Coulibaly,0,0,0,,0,,,0,v,SUB: Shamet FOR Coulibaly,Substitution,,0,0,134,0022300225
0022300225,183,PT09M35.00S,2,1610612764,WAS,1629673,Poole,J. Poole,0,0,0,,0,29,28,57,v,Poole Free Throw 2 of 2 (4 PTS),Free Throw,Free Throw 2 of 2,1,0,135,0022300225
0022300225,184,PT09M24.00S,2,1610612766,CHA,1630163,Ball,L. Ball,37,252,25,Made,1,32,28,60,h,Ball 25' 3PT Step Back Jump Shot (14 PTS),Made Shot,Step Back Jump shot,1,3,136,0022300225
0022300225,185,PT09M08.00S,2,1610612764,WAS,1629673,Poole,J. Poole,-178,197,27,Made,1,32,31,63,v,Poole 27' 3PT Jump Shot (7 PTS) (Gallinari 1 AST),Made Shot,Jump Shot,1,3,137,0022300225
0022300225,187,PT08M47.00S,2,1610612766,CHA,1631121,McGowens,B. McGowens,222,4,0,Made,1,35,31,66,h,McGowens 3PT Jump Shot (5 PTS) (Ball 3 AST),Made Shot,Jump Shot,1,3,138,0022300225
0022300225,189,PT08M32.00S,2,1610612764,WAS,201568,Gallinari,D. Gallinari,15,20,3,Missed,1,,,0,v,MISS Gallinari 3' Driving Layup,Missed Shot,Driving Layup Shot,1,2,139,0022300225
0022300225,190,PT08M30.00S,2,1610612766,CHA,1630550,Thor,J. Thor,0,0,0,,0,,,0,h,Thor REBOUND (Off:0 Def:2),Rebound,Unknown,1,0,140,0022300225
0022300225,191,PT08M21.00S,2,1610612766,CHA,1630163,Ball,L. Ball,-184,231,30,Missed,1,,,0,h,MISS Ball 30' 3PT Jump Shot,Missed Shot,Jump Shot,1,3,141,0022300225
0022300225,192,PT08M19.00S,2,1610612764,WAS,1630166,Avdija,D. Avdija,0,0,0,,0,,,0,v,Avdija REBOUND (Off:1 Def:1),Rebound,Unknown,1,0,142,0022300225
0022300225,193,PT08M08.00S,2,1610612764,WAS,1630166,Avdija,D. Avdija,148,223,27,Missed,1,,,0,v,MISS Avdija 27' 3PT Jump Shot,Missed Shot,Jump Shot,1,3,143,0022300225
0022300225,194,PT08M05.00S,2,1610612766,CHA,1630550,Thor,J. Thor,0,0,0,,0,,,0,h,Thor REBOUND (Off:0 Def:3),Rebound,Unknown,1,0,144,0022300225
0022300225,195,PT07M50.00S,2,1610612766,CHA,1641706,Miller,B. Miller,-233,51,24,Missed,1,,,0,h,MISS Miller 24' 3PT Jump Shot,Missed Shot,Jump Shot,1,3,145,0022300225
0022300225,196,PT07M47.00S,2,1610612764,WAS,201568,Gallinari,D. Gallinari,0,0,0,,0,,,0,v,Gallinari REBOUND (Off:0 Def:4),Rebound,Unknown,1,0,146,0022300225
0022300225,197,PT07M40.00S,2,1610612764,WAS,1629673,Poole,J. Poole,-103,264,28,Made,1,35,34,69,v,Poole 28' 3PT Pullup Jump Shot (10 PTS),Made Shot,Pullup Jump shot,1,3,147,0022300225
0022300225,198,PT07M27.00S,2,1610612766,CHA,1630550,Thor,J. Thor,-112,232,26,Missed,1,,,0,h,MISS Thor 26' 3PT Jump Shot,Missed Shot,Jump Shot,1,3,148,0022300225
0022300225,199,PT07M25.00S,2,1610612764,WAS,1629673,Poole,J. Poole,0,0,0,,0,,,0,v,Poole REBOUND (Off:1 Def:2),Rebound,Unknown,1,0,149,0022300225
0022300225,200,PT07M15.00S,2,1610612764,WAS,1629013,Shamet,L. Shamet,-158,211,26,Missed,1,,,0,v,MISS Shamet 26' 3PT Jump Shot,Missed Shot,Jump Shot,1,3,150,0022300225
0022300225,201,PT07M09.00S,2,1610612766,CHA,1631121,McGowens,B. McGowens,0,0,0,,0,,,0,h,McGowens REBOUND (Off:1 Def:2),Rebound,Unknown,1,0,151,0022300225
0022300225,202,PT07M06.00S,2,1610612766,CHA,1631121,McGowens,B. McGowens,0,0,0,,0,,,0,h,McGowens OFF.Foul (P1) (T.Maddox),Foul,Offensive,1,0,152,0022300225
0022300225,204,PT07M06.00S,2,1610612766,CHA,1631121,McGowens,B. McGowens,0,0,0,,0,,,0,h,McGowens Offensive Foul Turnover (P1.T6),Turnover,Offensive Foul Turnover,1,0,153,0022300225
0022300225,205,PT07M06.00S,2,1610612766,CHA,1630163,Ball,L. Ball,0,0,0,,0,,,0,h,SUB: Smith FOR Ball,Substitution,,0,0,154,0022300225
0022300225,206,PT07M06.00S,2,1610612766,CHA,1631109,Williams,M. Williams,0,0,0,,0,,,0,h,SUB: Bridges FOR Williams,Substitution,,0,0,155,0022300225
0022300225,207,PT07M06.00S,2,1610612766,CHA,1631121,McGowens,B. McGowens,0,0,0,,0,,,0,h,SUB: Hayward FOR McGowens,Substitution,,0,0,156,0022300225
0022300225,211,PT07M06.00S,2,0,,1610612764,,,0,0,0,,0,,,0,v,Wizards Violation: Delay of game Violation,Violation,Delay Of Game,0,0,157,0022300225
0022300225,212,PT06M57.00S,2,1610612764,WAS,1629673,Poole,J. Poole,-120,258,28,Missed,1,,,0,v,MISS Poole 28' 3PT Jump Shot,Missed Shot,Jump Shot,1,3,158,0022300225
0022300225,213,PT06M55.00S,2,1610612766,CHA,1628970,Bridges,M. Bridges,0,0,0,,0,,,0,h,Bridges REBOUND (Off:0 Def:2),Rebound,Unknown,1,0,159,0022300225
0022300225,214,PT06M35.00S,2,1610612764,WAS,1629013,Shamet,L. Shamet,0,0,0,,0,,,0,v,Shamet S.FOUL (P1.T1) (S.Mehta),Foul,Shooting,1,0,160,0022300225
0022300225,216,PT06M35.00S,2,0,,1610612766,,,0,0,0,,0,,,0,h,HORNETS Timeout: Regular (Full 2 Short 0),Timeout,Regular,0,0,161,0022300225
0022300225,218,PT06M35.00S,2,1610612764,WAS,1631098,Davis,J. Davis,0,0,0,,0,,,0,v,SUB: Kuzma FOR Davis,Substitution,,0,0,162,0022300225
0022300225,219,PT06M35.00S,2,1610612764,WAS,1630166,Avdija,D. Avdija,0,0,0,,0,,,0,v,SUB: Kispert FOR Avdija,Substitution,,0,0,163,0022300225
0022300225,220,PT06M35.00S,2,1610612764,WAS,1629673,Poole,J. Poole,0,0,0,,0,,,0,v,SUB: Jones FOR Poole,Substitution,,0,0,164,0022300225
0022300225,221,PT06M35.00S,2,1610612764,WAS,201568,Gallinari,D. Gallinari,0,0,0,,0,,,0,v,SUB: Gafford FOR Gallinari,Substitution,,0,0,165,0022300225
0022300225,226,PT06M35.00S,2,1610612766,CHA,1628970,Bridges,M. Bridges,0,0,0,,0,36,34,70,h,Bridges Free Throw 1 of 2 (7 PTS),Free Throw,Free Throw 1 of 2,1,0,166,0022300225
0022300225,227,PT06M35.00S,2,1610612766,CHA,1628970,Bridges,M. Bridges,0,0,0,,0,37,34,71,h,Bridges Free Throw 2 of 2 (8 PTS),Free Throw,Free Throw 2 of 2,0,0,167,0022300225
0022300225,228,PT06M23.00S,2,1610612764,WAS,1629013,Shamet,L. Shamet,16,12,2,Missed,1,,,0,v,MISS Shamet 2' Driving Layup,Missed Shot,Driving Layup Shot,1,2,168,0022300225
0022300225,229,PT06M19.00S,2,1610612766,CHA,1628970,Bridges,M. Bridges,0,0,0,,0,,,0,h,Bridges REBOUND (Off:0 Def:3),Rebound,Unknown,1,0,169,0022300225
0022300225,230,PT06M04.00S,2,1610612766,CHA,1641706,Miller,B. Miller,-15,59,6,Made,1,39,34,73,h,Miller 6' Driving Floating Jump Shot (7 PTS) (Smith 3 AST),Made Shot,Driving Floating Jump Shot,1,2,170,0022300225
0022300225,232,PT05M42.00S,2,1610612764,WAS,1629655,Gafford,D. Gafford,13,5,1,Made,1,39,36,75,v,Gafford 1' Alley Oop Dunk (4 PTS) (Kuzma 2 AST),Made Shot,Alley Oop Dunk Shot,1,2,171,0022300225
0022300225,234,PT05M26.00S,2,1610612766,CHA,202330,Hayward,G. Hayward,-16,115,12,Missed,1,,,0,h,MISS Hayward 12' Driving Floating Jump Shot,Missed Shot,Driving Floating Jump Shot,1,2,172,0022300225
0022300225,235,PT05M24.00S,2,1610612764,WAS,1628398,Kuzma,K. Kuzma,0,0,0,,0,,,0,v,Kuzma REBOUND (Off:0 Def:3),Rebound,Unknown,1,0,173,0022300225
0022300225,236,PT05M12.00S,2,1610612764,WAS,1629013,Shamet,L. Shamet,159,217,27,Missed,1,,,0,v,MISS Shamet 27' 3PT Pullup Jump Shot,Missed Shot,Pullup Jump shot,1,3,174,0022300225
0022300225,237,PT05M09.00S,2,1610612764,WAS,1630557,Kispert,C. Kispert,0,0,0,,0,,,0,v,Kispert REBOUND (Off:1 Def:1),Rebound,Unknown,1,0,175,0022300225
0022300225,238,PT05M02.00S,2,1610612764,WAS,1630557,Kispert,C. Kispert,-109,262,28,Missed,1,,,0,v,MISS Kispert 28' 3PT Jump Shot,Missed Shot,Jump Shot,1,3,176,0022300225
0022300225,239,PT05M00.00S,2,1610612766,CHA,1628970,Bridges,M. Bridges,0,0,0,,0,,,0,h,Bridges REBOUND (Off:0 Def:4),Rebound,Unknown,1,0,177,0022300225
0022300225,240,PT04M41.00S,2,1610612766,CHA,1641706,Miller,B. Miller,-86,136,16,Missed,1,,,0,h,MISS Miller 16' Turnaround Fadeaway Shot,Missed Shot,Turnaround Fadeaway shot,1,2,178,0022300225
0022300225,241,PT04M39.00S,2,1610612764,WAS,1630557,Kispert,C. Kispert,0,0,0,,0,,,0,v,Kispert REBOUND (Off:1 Def:2),Rebound,Unknown,1,0,179,0022300225
0022300225,242,PT04M26.00S,2,1610612764,WAS,1628398,Kuzma,K. Kuzma,16,12,2,Made,1,39,38,77,v,Kuzma 2' Driving Layup (2 PTS) (Kispert 1 AST),Made Shot,Driving Layup Shot,1,2,180,0022300225
0022300225,244,PT03M59.00S,2,1610612766,CHA,1628970,Bridges,M. Bridges,143,210,25,Made,1,42,38,80,h,Bridges 25' 3PT Pullup Jump Shot (11 PTS) (Thor 1 AST),Made Shot,Pullup Jump shot,1,3,181,0022300225
0022300225,245,PT03M45.00S,2,1610612764,WAS,1628398,Kuzma,K. Kuzma,89,248,26,Made,1,42,41,83,v,Kuzma 26' 3PT Jump Shot (5 PTS) (Jones 2 AST),Made Shot,Jump Shot,1,3,182,0022300225
0022300225,248,PT03M33.00S,2,1610612764,WAS,1628398,Kuzma,K. Kuzma,0,0,0,,0,,,0,v,Kuzma S.FOUL (P1.T2) (A.Smith),Foul,Shooting,1,0,183,0022300225
0022300225,250,PT03M33.00S,2,1610612766,CHA,1628970,Bridges,M. Bridges,0,0,0,,0,43,41,84,h,Bridges Free Throw 1 of 2 (12 PTS),Free Throw,Free Throw 1 of 2,1,0,184,0022300225
0022300225,251,PT03M33.00S,2,1610612766,CHA,202397,Smith,I. Smith,0,0,0,,0,,,0,h,SUB: Ball FOR Smith,Substitution,,0,0,185,0022300225
0022300225,252,PT03M33.00S,2,1610612766,CHA,1641706,Miller,B. Miller,0,0,0,,0,,,0,h,SUB: McGowens FOR Miller,Substitution,,0,0,186,0022300225
0022300225,255,PT03M33.00S,2,1610612766,CHA,1628970,Bridges,M. Bridges,0,0,0,,0,44,41,85,h,Bridges Free Throw 2 of 2 (13 PTS),Free Throw,Free Throw 2 of 2,1,0,187,0022300225
0022300225,256,PT03M20.00S,2,1610612764,WAS,1626145,Jones,T. Jones,-78,63,10,Made,1,44,43,87,v,Jones 10' Driving Floating Bank Jump Shot (8 PTS) (Kuzma 3 AST),Made Shot,Driving Floating Bank Jump Shot,1,2,188,0022300225
0022300225,257,PT03M07.00S,2,1610612766,CHA,202330,Hayward,G. Hayward,-107,124,16,Missed,1,,,0,h,MISS Hayward 16' Pullup Jump Shot,Missed Shot,Pullup Jump shot,1,2,189,0022300225
0022300225,258,PT03M07.00S,2,1610612764,WAS,1629013,Shamet,L. Shamet,0,0,0,,0,,,0,v,Shamet REBOUND (Off:0 Def:1),Rebound,Unknown,1,0,190,0022300225
0022300225,259,PT02M57.00S,2,1610612764,WAS,1628398,Kuzma,K. Kuzma,12,64,7,Missed,1,,,0,v,MISS Kuzma 7' Driving Hook Shot,Missed Shot,Driving Hook Shot,1,2,191,0022300225
0022300225,260,PT02M55.00S,2,1610612766,CHA,1630163,Ball,L. Ball,0,0,0,,0,,,0,h,Ball REBOUND (Off:1 Def:3),Rebound,Unknown,1,0,192,0022300225
0022300225,261,PT02M44.00S,2,1610612766,CHA,1628970,Bridges,M. Bridges,2,255,26,Missed,1,,,0,h,MISS Bridges 26' 3PT Jump Shot,Missed Shot,Jump Shot,1,3,193,0022300225
0022300225,262,PT02M42.00S,2,1610612764,WAS,1629655,Gafford,D. Gafford,0,0,0,,0,,,0,v,Gafford REBOUND (Off:0 Def:5),Rebound,Unknown,1,0,194,0022300225
0022300225,263,PT02M32.00S,2,1610612764,WAS,1630557,Kispert,C. Kispert,7,27,3,Missed,1,,,0,v,MISS Kispert 3' Driving Layup,Missed Shot,Driving Layup Shot,1,2,195,0022300225
0022300225,264,PT02M30.00S,2,1610612766,CHA,1628970,Bridges,M. Bridges,0,0,0,,0,,,0,h,Bridges REBOUND (Off:0 Def:5),Rebound,Unknown,1,0,196,0022300225
0022300225,265,PT02M24.00S,2,1610612766,CHA,1631121,McGowens,B. McGowens,-240,1,24,Made,1,47,43,90,h,McGowens 24' 3PT Running Jump Shot (8 PTS) (Ball 4 AST),Made Shot,Running Jump Shot,1,3,197,0022300225
0022300225,267,PT02M08.00S,2,1610612764,WAS,1628398,Kuzma,K. Kuzma,11,16,2,Made,1,47,45,92,v,Kuzma 2' Driving Layup (7 PTS),Made Shot,Driving Layup Shot,1,2,198,0022300225
0022300225,268,PT02M01.00S,2,1610612766,CHA,1630550,Thor,J. Thor,-197,161,25,Missed,1,,,0,h,MISS Thor 25' 3PT Jump Shot,Missed Shot,Jump Shot,1,3,199,0022300225
0022300225,269,PT01M58.00S,2,1610612764,WAS,1628398,Kuzma,K. Kuzma,0,0,0,,0,,,0,v,Kuzma REBOUND (Off:0 Def:4),Rebound,Unknown,1,0,200,0022300225
0022300225,270,PT01M39.00S,2,1610612764,WAS,1628398,Kuzma,K. Kuzma,33,263,27,Made,1,47,48,95,v,Kuzma 27' 3PT Step Back Jump Shot (10 PTS),Made Shot,Step Back Jump shot,1,3,201,0022300225
0022300225,271,PT01M22.00S,2,1610612766,CHA,1628970,Bridges,M. Bridges,0,0,0,,0,,,0,h,Bridges Offensive Charge Foul (P2) (T.Maddox),Foul,Offensive Charge,1,0,202,0022300225
0022300225,273,PT01M22.00S,2,1610612766,CHA,1628970,Bridges,M. Bridges,0,0,0,,0,,,0,h,Bridges Offensive Foul Turnover (P2.T7),Turnover,Offensive Foul Turnover,1,0,203,0022300225
0022300225,274,PT01M22.00S,2,0,,1610612764,,,0,0,0,,0,,,0,v,Wizards Timeout: Regular (Reg.2 Short 0),Timeout,Regular,0,0,204,0022300225
0022300225,275,PT01M22.00S,2,1610612766,CHA,1628970,Bridges,M. Bridges,0,0,0,,0,,,0,h,SUB: Smith Jr. FOR Bridges,Substitution,,0,0,205,0022300225
0022300225,277,PT01M10.00S,2,1610612764,WAS,1629013,Shamet,L. Shamet,237,7,24,Made,1,47,51,98,v,Shamet 24' 3PT Jump Shot (3 PTS) (Kuzma 4 AST),Made Shot,Jump Shot,1,3,206,0022300225
0022300225,279,PT01M10.00S,2,1610612766,CHA,1641733,Smith Jr.,N. Smith Jr.,0,0,0,,0,,,0,h,Smith Jr. S.FOUL (P1.T2) (S.Mehta),Foul,Shooting,1,0,207,0022300225
0022300225,281,PT01M10.00S,2,1610612764,WAS,1629013,Shamet,L. Shamet,0,0,0,,0,,,0,v,MISS Shamet Free Throw 1 of 1,Free Throw,Free Throw 1 of 1,1,0,208,0022300225
0022300225,282,PT01M08.00S,2,1610612766,CHA,202330,Hayward,G. Hayward,0,0,0,,0,,,0,h,Hayward REBOUND (Off:0 Def:2),Rebound,Unknown,1,0,209,0022300225
0022300225,284,PT00M45.60S,2,1610612766,CHA,1630550,Thor,J. Thor,-103,156,19,Missed,1,,,0,h,MISS Thor 19' Jump Shot,Missed Shot,Jump Shot,1,2,210,0022300225
0022300225,285,PT00M43.40S,2,1610612764,WAS,1629655,Gafford,D. Gafford,0,0,0,,0,,,0,v,Gafford REBOUND (Off:0 Def:6),Rebound,Unknown,1,0,211,0022300225
0022300225,286,PT00M32.80S,2,1610612764,WAS,1628398,Kuzma,K. Kuzma,6,57,6,Missed,1,,,0,v,MISS Kuzma 6' Driving Floating Bank Jump Shot,Missed Shot,Driving Floating Bank Jump Shot,1,2,212,0022300225
0022300225,287,PT00M31.40S,2,1610612764,WAS,1629655,Gafford,D. Gafford,0,0,0,,0,,,0,v,Gafford REBOUND (Off:1 Def:6),Rebound,Unknown,1,0,213,0022300225
0022300225,288,PT00M26.80S,2,1610612764,WAS,1626145,Jones,T. Jones,-82,27,9,Missed,1,,,0,v,MISS Jones 9' Floating Jump Shot,Missed Shot,Floating Jump shot,1,2,214,0022300225
0022300225,289,PT00M26.80S,2,1610612764,WAS,1629013,Shamet,L. Shamet,0,0,0,,0,,,0,v,Shamet REBOUND (Off:1 Def:1),Rebound,Unknown,0,0,215,0022300225
0022300225,290,PT00M26.80S,2,1610612766,CHA,202330,Hayward,G. Hayward,0,0,0,,0,,,0,h,Hayward S.FOUL (P1.PN) (S.Mehta),Foul,Shooting,1,0,216,0022300225
0022300225,292,PT00M26.80S,2,1610612764,WAS,1629013,Shamet,L. Shamet,0,0,0,,0,47,52,99,v,Shamet Free Throw 1 of 2 (4 PTS),Free Throw,Free Throw 1 of 2,1,0,217,0022300225
0022300225,293,PT00M26.80S,2,1610612764,WAS,1629013,Shamet,L. Shamet,0,0,0,,0,47,53,100,v,Shamet Free Throw 2 of 2 (5 PTS),Free Throw,Free Throw 2 of 2,1,0,218,0022300225
0022300225,294,PT00M03.00S,2,1610612766,CHA,1641733,Smith Jr.,N. Smith Jr.,-7,75,8,Made,1,49,53,102,h,Smith Jr. 8' Jump Shot (2 PTS) (Hayward 4 AST),Made Shot,Jump Shot,1,2,219,0022300225
0022300225,296,PT00M00.00S,2,1610612764,WAS,1630557,Kispert,C. Kispert,147,365,39,Made,1,49,56,105,v,Kispert 39' 3PT Pullup Jump Shot (3 PTS) (Kuzma 5 AST),Made Shot,Pullup Jump shot,1,3,220,0022300225
0022300225,298,PT00M00.00S,2,0,,296,Fox,R. Fox,0,0,0,,0,49,56,105,,Instant Replay2nd Period (8:03 PM EST),Instant Replay,Support Ruling,0,0,221,0022300225
0022300225,299,PT00M00.00S,2,0,,0,,,0,0,0,,0,49,56,105,,End of 2nd Period (8:03 PM EST),period,end,1,0,222,0022300225
0022300225,311,PT12M00.00S,3,0,,0,,,0,0,0,,0,49,56,105,,Start of 3rd Period (8:17 PM EST),period,start,0,0,223,0022300225
0022300225,312,PT11M48.00S,3,1610612764,WAS,1629655,Gafford,D. Gafford,1,20,2,Made,1,49,58,107,v,Gafford 2' Dunk (6 PTS) (Poole 1 AST),Made Shot,Dunk Shot,0,2,224,0022300225
0022300225,314,PT11M31.00S,3,1610612766,CHA,1630163,Ball,L. Ball,0,0,0,,0,,,0,h,Ball Out of Bounds Lost Ball Turnover (P3.T8),Turnover,Out of Bounds Lost Ball Turnover,1,0,225,0022300225
0022300225,315,PT11M11.00S,3,1610612764,WAS,1628398,Kuzma,K. Kuzma,85,237,25,Made,1,49,61,110,v,Kuzma 25' 3PT Jump Shot (13 PTS),Made Shot,Jump Shot,1,3,226,0022300225
0022300225,316,PT10M51.00S,3,1610612766,CHA,1630163,Ball,L. Ball,-230,70,24,Missed,1,,,0,h,MISS Ball 24' 3PT Jump Shot,Missed Shot,Jump Shot,1,3,227,0022300225
0022300225,317,PT10M45.00S,3,1610612764,WAS,1628398,Kuzma,K. Kuzma,0,0,0,,0,,,0,v,Kuzma REBOUND (Off:0 Def:5),Rebound,Unknown,1,0,228,0022300225
0022300225,318,PT10M43.00S,3,1610612764,WAS,1626145,Jones,T. Jones,-9,5,1,Made,1,49,63,112,v,Jones 1' Running Layup (10 PTS) (Kuzma 6 AST),Made Shot,Running Layup Shot,1,2,229,0022300225
0022300225,320,PT10M43.00S,3,0,,1610612766,,,0,0,0,,0,,,0,h,HORNETS Timeout: Regular (Full 3 Short 0),Timeout,Regular,0,0,230,0022300225
0022300225,321,PT10M28.00S,3,1610612766,CHA,1630163,Ball,L. Ball,37,4,4,Missed,1,,,0,h,MISS Ball 4' Driving Floating Jump Shot,Missed Shot,Driving Floating Jump Shot,1,2,231,0022300225
0022300225,322,PT10M28.00S,3,0,,1610612764,,,0,0,0,,0,,,0,v,Wizards Rebound,Rebound,Unknown,0,0,232,0022300225
0022300225,323,PT10M28.00S,3,1610612766,CHA,1631109,Williams,M. Williams,0,0,0,,0,,,0,h,Williams L.B.FOUL (P3.T1) (S.Mehta),Foul,Loose Ball,1,0,233,0022300225
0022300225,326,PT10M11.00S,3,1610612764,WAS,1629673,Poole,J. Poole,-17,21,3,Missed,1,,,0,v,MISS Poole 3' Driving Layup,Missed Shot,Driving Layup Shot,1,2,234,0022300225
0022300225,327,PT10M09.00S,3,1610612766,CHA,1628970,Bridges,M. Bridges,0,0,0,,0,,,0,h,Bridges REBOUND (Off:0 Def:6),Rebound,Unknown,1,0,235,0022300225
0022300225,328,PT10M06.00S,3,1610612764,WAS,1629655,Gafford,D. Gafford,0,0,0,,0,,,0,v,Gafford Violation:Kicked Ball (A.Smith),Violation,Kicked Ball,0,0,236,0022300225
0022300225,329,PT09M56.00S,3,1610612766,CHA,1630163,Ball,L. Ball,-96,252,27,Missed,1,,,0,h,MISS Ball 27' 3PT Jump Shot,Missed Shot,Jump Shot,1,3,237,0022300225
0022300225,330,PT09M54.00S,3,1610612764,WAS,1628398,Kuzma,K. Kuzma,0,0,0,,0,,,0,v,Kuzma REBOUND (Off:0 Def:6),Rebound,Unknown,1,0,238,0022300225
0022300225,331,PT09M50.00S,3,1610612766,CHA,1630163,Ball,L. Ball,0,0,0,,0,,,0,h,Ball S.FOUL (P1.T2) (A.Smith),Foul,Shooting,1,0,239,0022300225
0022300225,333,PT09M50.00S,3,1610612764,WAS,1629655,Gafford,D. Gafford,0,0,0,,0,,,0,v,MISS Gafford Free Throw 1 of 2,Free Throw,Free Throw 1 of 2,1,0,240,0022300225
0022300225,334,PT09M50.00S,3,0,,1610612764,,,0,0,0,,0,,,0,v,Wizards Rebound,Rebound,Normal Rebound,0,0,241,0022300225
0022300225,335,PT09M50.00S,3,1610612764,WAS,1629655,Gafford,D. Gafford,0,0,0,,0,49,64,113,v,Gafford Free Throw 2 of 2 (7 PTS),Free Throw,Free Throw 2 of 2,1,0,242,0022300225
0022300225,336,PT09M40.00S,3,1610612766,CHA,202330,Hayward,G. Hayward,6,29,3,Made,1,51,64,115,h,Hayward 3' Driving Dunk (2 PTS) (Ball 5 AST),Made Shot,Driving Dunk Shot,1,2,243,0022300225
0022300225,338,PT09M26.00S,3,1610612764,WAS,1628398,Kuzma,K. Kuzma,-221,125,25,Missed,1,,,0,v,MISS Kuzma 25' 3PT Jump Shot,Missed Shot,Jump Shot,1,3,244,0022300225
0022300225,339,PT09M24.00S,3,1610612766,CHA,202330,Hayward,G. Hayward,0,0,0,,0,,,0,h,Hayward REBOUND (Off:0 Def:3),Rebound,Unknown,1,0,245,0022300225
0022300225,340,PT09M18.00S,3,1610612764,WAS,1628398,Kuzma,K. Kuzma,0,0,0,,0,,,0,v,Kuzma P.FOUL (P2.T1) (A.Smith),Foul,Personal,1,0,246,0022300225
0022300225,342,PT09M09.00S,3,1610612766,CHA,202330,Hayward,G. Hayward,10,23,3,Made,1,53,64,117,h,Hayward 3' Driving Dunk (4 PTS),Made Shot,Driving Dunk Shot,1,2,247,0022300225
0022300225,343,PT08M50.00S,3,1610612764,WAS,1630166,Avdija,D. Avdija,80,127,15,Missed,1,,,0,v,MISS Avdija 15' Jump Shot,Missed Shot,Jump Shot,1,2,248,0022300225
0022300225,344,PT08M48.00S,3,1610612766,CHA,1631109,Williams,M. Williams,0,0,0,,0,,,0,h,Williams REBOUND (Off:1 Def:4),Rebound,Unknown,1,0,249,0022300225
0022300225,345,PT08M38.00S,3,1610612766,CHA,1641706,Miller,B. Miller,119,238,27,Missed,1,,,0,h,MISS Miller 27' 3PT Step Back Jump Shot,Missed Shot,Step Back Jump shot,1,3,250,0022300225
0022300225,346,PT08M38.00S,3,1610612766,CHA,1631109,Williams,M. Williams,0,0,0,,0,,,0,h,Williams REBOUND (Off:2 Def:4),Rebound,Unknown,1,0,251,0022300225
0022300225,347,PT08M38.00S,3,1610612764,WAS,1628398,Kuzma,K. Kuzma,0,0,0,,0,,,0,v,Kuzma S.FOUL (P3.T2) (T.Maddox),Foul,Shooting,1,0,252,0022300225
0022300225,349,PT08M38.00S,3,1610612766,CHA,1631109,Williams,M. Williams,0,0,0,,0,54,64,118,h,Williams Free Throw 1 of 2 (3 PTS),Free Throw,Free Throw 1 of 2,1,0,253,0022300225
0022300225,350,PT08M38.00S,3,1610612766,CHA,1631109,Williams,M. Williams,0,0,0,,0,,,0,h,MISS Williams Free Throw 2 of 2,Free Throw,Free Throw 2 of 2,1,0,254,0022300225
0022300225,351,PT08M36.00S,3,1610612764,WAS,1630166,Avdija,D. Avdija,0,0,0,,0,,,0,v,Avdija REBOUND (Off:1 Def:2),Rebound,Unknown,1,0,255,0022300225
0022300225,352,PT08M22.00S,3,1610612764,WAS,1629673,Poole,J. Poole,136,237,27,Made,1,54,67,121,v,Poole 27' 3PT Jump Shot (13 PTS) (Jones 3 AST),Made Shot,Jump Shot,1,3,256,0022300225
0022300225,354,PT08M03.00S,3,1610612766,CHA,1630163,Ball,L. Ball,33,17,4,Missed,1,,,0,h,MISS Ball 4' Reverse Layup,Missed Shot,Reverse Layup Shot,1,2,257,0022300225
0022300225,355,PT07M59.00S,3,1610612766,CHA,1631109,Williams,M. Williams,0,0,0,,0,,,0,h,Williams REBOUND (Off:3 Def:4),Rebound,Unknown,1,0,258,0022300225
0022300225,356,PT07M59.00S,3,1610612766,CHA,1631109,Williams,M. Williams,0,0,0,Missed,1,,,0,h,MISS Williams Tip Layup Shot,Missed Shot,Tip Layup Shot,1,2,259,0022300225
0022300225,357,PT07M59.00S,3,1610612764,WAS,1629655,Gafford,D. Gafford,0,0,0,,0,,,0,v,Gafford REBOUND (Off:1 Def:7),Rebound,Unknown,1,0,260,0022300225
0022300225,358,PT07M48.00S,3,1610612764,WAS,1629655,Gafford,D. Gafford,-17,0,2,Made,1,54,69,123,v,Gafford 2' Layup (9 PTS) (Poole 2 AST),Made Shot,Layup Shot,1,2,261,0022300225
0022300225,360,PT07M31.00S,3,1610612766,CHA,1641706,Miller,B. Miller,135,230,27,Missed,1,,,0,h,MISS Miller 27' 3PT Step Back Jump Shot,Missed Shot,Step Back Jump shot,1,3,262,0022300225
0022300225,361,PT07M30.00S,3,1610612764,WAS,1630166,Avdija,D. Avdija,0,0,0,,0,,,0,v,Avdija REBOUND (Off:1 Def:3),Rebound,Unknown,1,0,263,0022300225
0022300225,362,PT07M27.00S,3,1610612764,WAS,1628398,Kuzma,K. Kuzma,-13,6,1,Made,1,54,71,125,v,Kuzma 1' Running Layup (15 PTS),Made Shot,Running Layup Shot,1,2,264,0022300225
0022300225,364,PT07M27.00S,3,1610612766,CHA,1630163,Ball,L. Ball,0,0,0,,0,,,0,h,Ball S.FOUL (P2.T3) (A.Smith),Foul,Shooting,1,0,265,0022300225
0022300225,366,PT07M27.00S,3,1610612764,WAS,1628398,Kuzma,K. Kuzma,0,0,0,,0,54,72,126,v,Kuzma Free Throw 1 of 1 (16 PTS),Free Throw,Free Throw 1 of 1,1,0,266,0022300225
0022300225,367,PT07M15.00S,3,1610612766,CHA,1630163,Ball,L. Ball,-132,244,28,Made,1,57,72,129,h,Ball 28' 3PT Step Back Jump Shot (17 PTS) (Miller 1 AST),Made Shot,Step Back Jump shot,1,3,267,0022300225
0022300225,369,PT06M56.00S,3,1610612764,WAS,1629673,Poole,J. Poole,-119,234,26,Missed,1,,,0,v,MISS Poole 26' 3PT Pullup Jump Shot,Missed Shot,Pullup Jump shot,1,3,268,0022300225
0022300225,370,PT06M54.00S,3,1610612766,CHA,202330,Hayward,G. Hayward,0,0,0,,0,,,0,h,Hayward REBOUND (Off:0 Def:4),Rebound,Unknown,1,0,269,0022300225
0022300225,371,PT06M45.00S,3,1610612766,CHA,202330,Hayward,G. Hayward,0,0,0,,0,,,0,h,Hayward Lost Ball Turnover (P1.T9),Turnover,Lost Ball,1,0,270,0022300225
0022300225,371,PT06M45.00S,3,1610612764,WAS,1629655,Gafford,D. Gafford,0,0,0,,0,,,0,v,Gafford STEAL (1 STL),,,1,0,271,0022300225
0022300225,373,PT06M39.00S,3,1610612764,WAS,1626145,Jones,T. Jones,191,158,25,Made,1,57,75,132,v,Jones 25' 3PT Running Jump Shot (13 PTS) (Kuzma 7 AST),Made Shot,Running Jump Shot,1,3,272,0022300225
0022300225,375,PT06M24.00S,3,1610612764,WAS,1629655,Gafford,D. Gafford,0,0,0,,0,,,0,v,Gafford P.FOUL (P2.T3) (A.Smith),Foul,Personal,1,0,273,0022300225
0022300225,377,PT06M24.00S,3,1610612764,WAS,1630166,Avdija,D. Avdija,0,0,0,,0,,,0,v,SUB: Coulibaly FOR Avdija,Substitution,,0,0,274,0022300225
0022300225,379,PT06M19.00S,3,1610612766,CHA,1628970,Bridges,M. Bridges,11,39,4,Made,1,59,75,134,h,Bridges 4' Reverse Layup (15 PTS) (Ball 6 AST),Made Shot,Reverse Layup Shot,1,2,275,0022300225
0022300225,381,PT06M19.00S,3,1610612764,WAS,1629655,Gafford,D. Gafford,0,0,0,,0,,,0,v,Gafford S.FOUL (P3.T4) (T.Maddox),Foul,Shooting,1,0,276,0022300225
0022300225,383,PT06M19.00S,3,1610612766,CHA,1628970,Bridges,M. Bridges,0,0,0,,0,60,75,135,h,Bridges Free Throw 1 of 1 (16 PTS),Free Throw,Free Throw 1 of 1,1,0,277,0022300225
0022300225,384,PT06M08.00S,3,1610612764,WAS,1629673,Poole,J. Poole,-179,222,29,Missed,1,,,0,v,MISS Poole 29' 3PT Jump Shot,Missed Shot,Jump Shot,1,3,278,0022300225
0022300225,385,PT06M06.00S,3,1610612766,CHA,202330,Hayward,G. Hayward,0,0,0,,0,,,0,h,Hayward REBOUND (Off:0 Def:5),Rebound,Unknown,1,0,279,0022300225
0022300225,386,PT05M45.00S,3,1610612766,CHA,202330,Hayward,G. Hayward,86,-10,9,Missed,1,,,0,h,MISS Hayward 9' Turnaround Jump Shot,Missed Shot,Turnaround Jump Shot,1,2,280,0022300225
0022300225,387,PT05M43.00S,3,1610612764,WAS,1629655,Gafford,D. Gafford,0,0,0,,0,,,0,v,Gafford REBOUND (Off:1 Def:8),Rebound,Unknown,1,0,281,0022300225
0022300225,388,PT05M36.00S,3,1610612764,WAS,1628398,Kuzma,K. Kuzma,86,5,9,Made,1,60,77,137,v,Kuzma 9' Jump Shot (18 PTS) (Jones 4 AST),Made Shot,Jump Shot,1,2,282,0022300225
0022300225,389,PT05M21.00S,3,1610612766,CHA,1628970,Bridges,M. Bridges,9,23,2,Made,1,62,77,139,h,Bridges 2' Layup (18 PTS),Made Shot,Layup Shot,1,2,283,0022300225
0022300225,390,PT05M21.00S,3,0,,1610612764,,,0,0,0,,0,,,0,v,Wizards Timeout: Regular (Reg.3 Short 0),Timeout,Regular,0,0,284,0022300225
0022300225,393,PT05M21.00S,3,1610612766,CHA,1630163,Ball,L. Ball,0,0,0,,0,,,0,h,SUB: Smith FOR Ball,Substitution,,0,0,285,0022300225
0022300225,394,PT05M21.00S,3,1610612764,WAS,1629673,Poole,J. Poole,0,0,0,,0,,,0,v,SUB: Kispert FOR Poole,Substitution,,0,0,286,0022300225
0022300225,397,PT05M11.00S,3,1610612764,WAS,1626145,Jones,T. Jones,-37,43,6,Missed,1,,,0,v,MISS Jones 6' Driving Floating Jump Shot,Missed Shot,Driving Floating Jump Shot,1,2,287,0022300225
0022300225,398,PT05M09.00S,3,1610612766,CHA,1628970,Bridges,M. Bridges,0,0,0,,0,,,0,h,Bridges REBOUND (Off:0 Def:7),Rebound,Unknown,1,0,288,0022300225
0022300225,401,PT04M54.00S,3,1610612766,CHA,202330,Hayward,G. Hayward,0,0,0,,0,,,0,h,Hayward Bad Pass Turnover (P2.T10),Turnover,Bad Pass,1,0,289,0022300225
0022300225,401,PT04M54.00S,3,1610612764,WAS,1626145,Jones,T. Jones,0,0,0,,0,,,0,v,Jones STEAL (1 STL),,,1,0,290,0022300225
0022300225,403,PT04M52.00S,3,1610612764,WAS,1641731,Coulibaly,B. Coulibaly,-12,8,1,Made,1,62,79,141,v,Coulibaly 1' Running Dunk (7 PTS) (Jones 5 AST),Made Shot,Running Dunk Shot,1,2,291,0022300225
0022300225,405,PT04M29.00S,3,1610612766,CHA,1641706,Miller,B. Miller,83,100,13,Missed,1,,,0,h,MISS Miller 13' Driving Floating Jump Shot,Missed Shot,Driving Floating Jump Shot,1,2,292,0022300225
0022300225,406,PT04M27.00S,3,1610612764,WAS,1628398,Kuzma,K. Kuzma,0,0,0,,0,,,0,v,Kuzma REBOUND (Off:0 Def:7),Rebound,Unknown,1,0,293,0022300225
0022300225,407,PT04M17.00S,3,1610612764,WAS,1628398,Kuzma,K. Kuzma,-5,74,7,Made,1,62,81,143,v,Kuzma 7' Driving Floating Jump Shot (20 PTS),Made Shot,Driving Floating Jump Shot,1,2,294,0022300225
0022300225,408,PT04M02.00S,3,1610612766,CHA,1641706,Miller,B. Miller,148,218,26,Made,1,65,81,146,h,Miller 26' 3PT Jump Shot (10 PTS) (Hayward 5 AST),Made Shot,Jump Shot,1,3,295,0022300225
0022300225,410,PT03M51.00S,3,1610612764,WAS,1629655,Gafford,D. Gafford,0,0,0,,0,,,0,v,Gafford Bad Pass Turnover (P2.T6),Turnover,Bad Pass,1,0,296,0022300225
0022300225,410,PT03M51.00S,3,1610612766,CHA,1641706,Miller,B. Miller,0,0,0,,0,,,0,h,Miller STEAL (1 STL),,,1,0,297,0022300225
0022300225,412,PT03M48.00S,3,1610612766,CHA,1641706,Miller,B. Miller,9,12,2,Made,1,67,81,148,h,Miller 2' Running Dunk (12 PTS),Made Shot,Running Dunk Shot,1,2,298,0022300225
0022300225,413,PT03M30.00S,3,1610612764,WAS,1641731,Coulibaly,B. Coulibaly,0,0,0,,0,,,0,v,Coulibaly Out of Bounds - Bad Pass Turnover Turnover (P1.T7),Turnover,Out of Bounds - Bad Pass Turnover,1,0,299,0022300225
0022300225,414,PT03M30.00S,3,1610612766,CHA,202330,Hayward,G. Hayward,0,0,0,,0,,,0,h,SUB: McGowens FOR Hayward,Substitution,,0,0,300,0022300225
0022300225,415,PT03M30.00S,3,1610612764,WAS,1641731,Coulibaly,B. Coulibaly,0,0,0,,0,,,0,v,SUB: Shamet FOR Coulibaly,Substitution,,0,0,301,0022300225
0022300225,418,PT03M13.00S,3,1610612766,CHA,1628970,Bridges,M. Bridges,2,33,3,Missed,1,,,0,h,MISS Bridges 3' Driving Layup,Missed Shot,Driving Layup Shot,1,2,302,0022300225
0022300225,419,PT03M10.00S,3,1610612764,WAS,1629655,Gafford,D. Gafford,0,0,0,,0,,,0,v,Gafford REBOUND (Off:1 Def:9),Rebound,Unknown,1,0,303,0022300225
0022300225,420,PT03M07.00S,3,1610612764,WAS,1629013,Shamet,L. Shamet,0,5,1,Made,1,67,83,150,v,Shamet 1' Running Layup (7 PTS),Made Shot,Running Layup Shot,1,2,304,0022300225
0022300225,421,PT03M07.00S,3,1610612766,CHA,1641706,Miller,B. Miller,0,0,0,,0,,,0,h,Miller Violation:Defensive Goaltending (A.Smith),Violation,Defensive Goaltending,1,0,305,0022300225
0022300225,422,PT02M51.00S,3,1610612764,WAS,1629013,Shamet,L. Shamet,0,0,0,,0,,,0,v,Shamet S.FOUL (P2.PN) (A.Smith),Foul,Shooting,1,0,306,0022300225
0022300225,424,PT02M51.00S,3,1610612766,CHA,1631121,McGowens,B. McGowens,0,0,0,,0,68,83,151,h,McGowens Free Throw 1 of 2 (9 PTS),Free Throw,Free Throw 1 of 2,1,0,307,0022300225
0022300225,425,PT02M51.00S,3,1610612766,CHA,1631109,Williams,M. Williams,0,0,0,,0,,,0,h,SUB: Ball FOR Williams,Substitution,,0,0,308,0022300225
0022300225,426,PT02M51.00S,3,1610612766,CHA,1641706,Miller,B. Miller,0,0,0,,0,,,0,h,SUB: Thor FOR Miller,Substitution,,0,0,309,0022300225
0022300225,427,PT02M51.00S,3,1610612764,WAS,1629655,Gafford,D. Gafford,0,0,0,,0,,,0,v,SUB: Avdija FOR Gafford,Substitution,,0,0,310,0022300225
0022300225,428,PT02M51.00S,3,1610612764,WAS,1628398,Kuzma,K. Kuzma,0,0,0,,0,,,0,v,SUB: Gallinari FOR Kuzma,Substitution,,0,0,311,0022300225
0022300225,433,PT02M51.00S,3,1610612766,CHA,1631121,McGowens,B. McGowens,0,0,0,,0,69,83,152,h,McGowens Free Throw 2 of 2 (10 PTS),Free Throw,Free Throw 2 of 2,1,0,312,0022300225
0022300225,434,PT02M35.00S,3,1610612764,WAS,1630557,Kispert,C. Kispert,-2,1,0,Made,1,69,85,154,v,Kispert Cutting Layup Shot (5 PTS) (Shamet 1 AST),Made Shot,Cutting Layup Shot,1,2,313,0022300225
0022300225,436,PT02M35.00S,3,1610612766,CHA,202397,Smith,I. Smith,0,0,0,,0,,,0,h,Smith S.FOUL (P1.T4) (A.Smith),Foul,Shooting,1,0,314,0022300225
0022300225,438,PT02M35.00S,3,1610612764,WAS,1630557,Kispert,C. Kispert,0,0,0,,0,69,86,155,v,Kispert Free Throw 1 of 1 (6 PTS),Free Throw,Free Throw 1 of 1,1,0,315,0022300225
0022300225,439,PT02M24.00S,3,1610612766,CHA,1630163,Ball,L. Ball,-15,53,6,Missed,1,,,0,h,MISS Ball 6' Driving Layup,Missed Shot,Driving Layup Shot,1,2,316,0022300225
0022300225,440,PT02M20.00S,3,1610612766,CHA,1628970,Bridges,M. Bridges,0,0,0,,0,,,0,h,Bridges REBOUND (Off:1 Def:7),Rebound,Unknown,1,0,317,0022300225
0022300225,441,PT02M20.00S,3,1610612766,CHA,1628970,Bridges,M. Bridges,0,0,0,Made,1,71,86,157,h,Bridges Putback Layup (20 PTS),Made Shot,Putback Layup Shot,1,2,318,0022300225
0022300225,442,PT02M02.00S,3,1610612764,WAS,1630166,Avdija,D. Avdija,-6,13,1,Missed,1,,,0,v,MISS Avdija 1' Layup,Missed Shot,Layup Shot,1,2,319,0022300225
0022300225,443,PT02M00.00S,3,1610612764,WAS,1630166,Avdija,D. Avdija,0,0,0,,0,,,0,v,Avdija REBOUND (Off:2 Def:3),Rebound,Unknown,1,0,320,0022300225
0022300225,444,PT02M00.00S,3,1610612764,WAS,1630166,Avdija,D. Avdija,0,0,0,Made,1,71,88,159,v,Avdija Tip Layup Shot (13 PTS),Made Shot,Tip Layup Shot,1,2,321,0022300225
0022300225,445,PT01M52.00S,3,1610612766,CHA,1630163,Ball,L. Ball,222,149,27,Made,1,74,88,162,h,Ball 27' 3PT Pullup Jump Shot (20 PTS),Made Shot,Pullup Jump shot,1,3,322,0022300225
0022300225,446,PT01M32.00S,3,1610612764,WAS,1630166,Avdija,D. Avdija,0,0,0,,0,,,0,v,Avdija Lost Ball Turnover (P1.T8),Turnover,Lost Ball,1,0,323,0022300225
0022300225,446,PT01M32.00S,3,1610612766,CHA,1628970,Bridges,M. Bridges,0,0,0,,0,,,0,h,Bridges STEAL (1 STL),,,1,0,324,0022300225
0022300225,448,PT01M20.00S,3,1610612766,CHA,1630163,Ball,L. Ball,6,16,2,Made,1,76,88,164,h,Ball 2' Driving Layup (22 PTS),Made Shot,Driving Layup Shot,1,2,325,0022300225
0022300225,470,PT00M57.40S,3,1610612764,WAS,1629013,Shamet,L. Shamet,11,19,2,Missed,1,,,0,v,MISS Shamet 2' Jump Shot,Missed Shot,Jump Shot,1,2,326,0022300225
0022300225,470,PT00M57.40S,3,1610612766,CHA,1631121,McGowens,B. McGowens,0,0,0,,0,,,0,h,McGowens BLOCK (1 BLK),,,1,2,327,0022300225
0022300225,472,PT00M57.40S,3,0,,1610612764,,,0,0,0,,0,,,0,v,Wizards Rebound,Rebound,Unknown,0,0,328,0022300225
0022300225,452,PT00M57.40S,3,0,,1610612766,,,0,0,0,,0,,,0,h,HORNETS Timeout: Coach Challenge (Full 3 Short 0),Timeout,Coach Challenge,0,0,329,0022300225
0022300225,451,PT00M57.40S,3,0,,449,,,0,0,0,,0,76,88,164,,Instant Replay3rd Period (8:42 PM EST),Instant Replay,Coach Challenge Overturn Ruling,0,0,330,0022300225
0022300225,491,PT00M57.40S,3,1610612764,WAS,1626145,Jones,T. Jones,0,0,0,,0,,,0,v,SUB: Poole FOR Jones,Substitution,,0,0,331,0022300225
0022300225,453,PT00M56.30S,3,1610612766,CHA,1630550,Thor,J. Thor,0,0,0,,0,,,0,h,Thor S.FOUL (P1.PN) (S.Mehta),Foul,Shooting,1,0,332,0022300225
0022300225,455,PT00M56.30S,3,1610612764,WAS,201568,Gallinari,D. Gallinari,0,0,0,,0,,,0,v,MISS Gallinari Free Throw 1 of 2,Free Throw,Free Throw 1 of 2,1,0,333,0022300225
0022300225,456,PT00M56.30S,3,0,,1610612764,,,0,0,0,,0,,,0,v,Wizards Rebound,Rebound,Normal Rebound,0,0,334,0022300225
0022300225,457,PT00M56.30S,3,1610612764,WAS,201568,Gallinari,D. Gallinari,0,0,0,,0,76,89,165,v,Gallinari Free Throw 2 of 2 (1 PTS),Free Throw,Free Throw 2 of 2,1,0,335,0022300225
0022300225,458,PT00M45.20S,3,1610612764,WAS,1630557,Kispert,C. Kispert,0,0,0,,0,,,0,v,Kispert P.FOUL (P1.PN) (A.Smith),Foul,Personal,1,0,336,0022300225
0022300225,460,PT00M45.20S,3,1610612766,CHA,1628970,Bridges,M. Bridges,0,0,0,,0,77,89,166,h,Bridges Free Throw 1 of 2 (21 PTS),Free Throw,Free Throw 1 of 2,1,0,337,0022300225
0022300225,461,PT00M45.20S,3,1610612766,CHA,1628970,Bridges,M. Bridges,0,0,0,,0,78,89,167,h,Bridges Free Throw 2 of 2 (22 PTS),Free Throw,Free Throw 2 of 2,1,0,338,0022300225
0022300225,462,PT00M34.40S,3,1610612764,WAS,1629673,Poole,J. Poole,-15,-4,2,Made,1,78,91,169,v,Poole 2' Driving Layup (15 PTS),Made Shot,Driving Layup Shot,1,2,339,0022300225
0022300225,465,PT00M09.30S,3,1610612766,CHA,1630163,Ball,L. Ball,-131,237,27,Missed,1,,,0,h,MISS Ball 27' 3PT Pullup Jump Shot,Missed Shot,Pullup Jump shot,1,3,340,0022300225
0022300225,466,PT00M07.30S,3,1610612764,WAS,1630557,Kispert,C. Kispert,0,0,0,,0,,,0,v,Kispert REBOUND (Off:1 Def:3),Rebound,Unknown,1,0,341,0022300225
0022300225,467,PT00M00.00S,3,1610612764,WAS,1629673,Poole,J. Poole,-1,40,4,Missed,1,,,0,v,MISS Poole 4' Driving Floating Bank Jump Shot,Missed Shot,Driving Floating Bank Jump Shot,1,2,342,0022300225
0022300225,468,PT00M00.00S,3,1610612766,CHA,1630550,Thor,J. Thor,0,0,0,,0,,,0,h,Thor REBOUND (Off:0 Def:4),Rebound,Unknown,1,0,343,0022300225
0022300225,469,PT00M00.00S,3,0,,0,,,0,0,0,,0,78,91,169,,End of 3rd Period (8:48 PM EST),period,end,1,0,344,0022300225
0022300225,475,PT12M00.00S,4,0,,0,,,0,0,0,,0,78,91,169,,Start of 4th Period (8:50 PM EST),period,start,0,0,345,0022300225
0022300225,476,PT11M38.00S,4,1610612766,CHA,1631121,McGowens,B. McGowens,195,193,27,Made,1,81,91,172,h,McGowens 27' 3PT Jump Shot (13 PTS) (Smith 4 AST),Made Shot,Jump Shot,1,3,346,0022300225
0022300225,478,PT11M25.00S,4,1610612764,WAS,1630557,Kispert,C. Kispert,225,22,0,Missed,1,,,0,v,MISS Kispert 3PT Jump Shot,Missed Shot,Jump Shot,1,3,347,0022300225
0022300225,479,PT11M21.00S,4,1610612766,CHA,1630163,Ball,L. Ball,0,0,0,,0,,,0,h,Ball REBOUND (Off:1 Def:4),Rebound,Unknown,1,0,348,0022300225
0022300225,480,PT11M13.00S,4,1610612766,CHA,1630163,Ball,L. Ball,-87,272,29,Missed,1,,,0,h,MISS Ball 29' 3PT Pullup Jump Shot,Missed Shot,Pullup Jump shot,1,3,349,0022300225
0022300225,481,PT11M10.00S,4,1610612764,WAS,201568,Gallinari,D. Gallinari,0,0,0,,0,,,0,v,Gallinari REBOUND (Off:0 Def:5),Rebound,Unknown,1,0,350,0022300225
0022300225,482,PT10M55.00S,4,1610612764,WAS,1630557,Kispert,C. Kispert,-241,36,24,Missed,1,,,0,v,MISS Kispert 24' 3PT Step Back Jump Shot,Missed Shot,Step Back Jump shot,1,3,351,0022300225
0022300225,483,PT10M53.00S,4,1610612766,CHA,1631109,Williams,M. Williams,0,0,0,,0,,,0,h,Williams REBOUND (Off:3 Def:5),Rebound,Unknown,1,0,352,0022300225
0022300225,484,PT10M43.00S,4,1610612766,CHA,1631109,Williams,M. Williams,6,26,3,Made,1,83,91,174,h,Williams 3' Cutting Dunk Shot (5 PTS) (Ball 7 AST),Made Shot,Cutting Dunk Shot,1,2,353,0022300225
0022300225,486,PT10M28.00S,4,1610612764,WAS,1629673,Poole,J. Poole,0,0,0,,0,,,0,v,Poole Bad Pass Turnover (P2.T9),Turnover,Bad Pass,1,0,354,0022300225
0022300225,486,PT10M28.00S,4,1610612766,CHA,1631121,McGowens,B. McGowens,0,0,0,,0,,,0,h,McGowens STEAL (1 STL),,,1,0,355,0022300225
0022300225,488,PT10M10.00S,4,1610612766,CHA,1631109,Williams,M. Williams,6,26,3,Made,1,85,91,176,h,Williams 3' Alley Oop Dunk (7 PTS) (Ball 8 AST),Made Shot,Alley Oop Dunk Shot,1,2,356,0022300225
0022300225,490,PT10M10.00S,4,0,,1610612764,,,0,0,0,,0,,,0,v,Wizards Timeout: Regular (Reg.4 Short 0),Timeout,Regular,0,0,357,0022300225
0022300225,493,PT10M10.00S,4,1610612764,WAS,1630557,Kispert,C. Kispert,0,0,0,,0,,,0,v,SUB: Gafford FOR Kispert,Substitution,,0,0,358,0022300225
0022300225,494,PT10M10.00S,4,1610612764,WAS,201568,Gallinari,D. Gallinari,0,0,0,,0,,,0,v,SUB: Kuzma FOR Gallinari,Substitution,,0,0,359,0022300225
0022300225,497,PT09M56.00S,4,1610612764,WAS,1629673,Poole,J. Poole,-65,87,11,Missed,1,,,0,v,MISS Poole 11' Jump Shot,Missed Shot,Jump Shot,1,2,360,0022300225
0022300225,498,PT09M51.00S,4,1610612764,WAS,1629655,Gafford,D. Gafford,0,0,0,,0,,,0,v,Gafford REBOUND (Off:2 Def:9),Rebound,Unknown,1,0,361,0022300225
0022300225,499,PT09M51.00S,4,1610612764,WAS,1629655,Gafford,D. Gafford,0,0,0,Missed,1,,,0,v,MISS Gafford Tip Layup Shot,Missed Shot,Tip Layup Shot,1,2,362,0022300225
0022300225,500,PT09M50.00S,4,1610612766,CHA,1631109,Williams,M. Williams,0,0,0,,0,,,0,h,Williams REBOUND (Off:3 Def:6),Rebound,Unknown,1,0,363,0022300225
0022300225,501,PT09M40.00S,4,1610612766,CHA,1631121,McGowens,B. McGowens,174,209,27,Missed,1,,,0,h,MISS McGowens 27' 3PT Jump Shot,Missed Shot,Jump Shot,1,3,364,0022300225
0022300225,502,PT09M36.00S,4,1610612764,WAS,1629655,Gafford,D. Gafford,0,0,0,,0,,,0,v,Gafford REBOUND (Off:2 Def:10),Rebound,Unknown,1,0,365,0022300225
0022300225,503,PT09M32.00S,4,1610612766,CHA,1631109,Williams,M. Williams,0,0,0,,0,,,0,h,Williams S.FOUL (P4.T1) (A.Smith),Foul,Shooting,1,0,366,0022300225
0022300225,505,PT09M32.00S,4,1610612764,WAS,1629673,Poole,J. Poole,0,0,0,,0,85,92,177,v,Poole Free Throw 1 of 2 (16 PTS),Free Throw,Free Throw 1 of 2,1,0,367,0022300225
0022300225,506,PT09M32.00S,4,1610612764,WAS,1629673,Poole,J. Poole,0,0,0,,0,85,93,178,v,Poole Free Throw 2 of 2 (17 PTS),Free Throw,Free Throw 2 of 2,1,0,368,0022300225
0022300225,507,PT09M19.00S,4,1610612766,CHA,1630163,Ball,L. Ball,129,239,27,Made,1,88,93,181,h,Ball 27' 3PT Pullup Jump Shot (25 PTS),Made Shot,Pullup Jump shot,1,3,369,0022300225
0022300225,508,PT08M53.00S,4,1610612764,WAS,1628398,Kuzma,K. Kuzma,25,31,4,Missed,1,,,0,v,MISS Kuzma 4' Turnaround Fadeaway Shot,Missed Shot,Turnaround Fadeaway shot,1,2,370,0022300225
0022300225,509,PT08M51.00S,4,1610612764,WAS,1629655,Gafford,D. Gafford,0,0,0,,0,,,0,v,Gafford REBOUND (Off:3 Def:10),Rebound,Unknown,1,0,371,0022300225
0022300225,510,PT08M51.00S,4,1610612764,WAS,1629655,Gafford,D. Gafford,0,0,0,Made,1,88,95,183,v,Gafford Tip Layup Shot (11 PTS),Made Shot,Tip Layup Shot,1,2,372,0022300225
0022300225,511,PT08M45.00S,4,1610612764,WAS,1629013,Shamet,L. Shamet,0,0,0,,0,,,0,v,Shamet P.FOUL (P3.T1) (T.Maddox),Foul,Personal,1,0,373,0022300225
0022300225,513,PT08M45.00S,4,1610612766,CHA,202397,Smith,I. Smith,0,0,0,,0,,,0,h,SUB: Miller FOR Smith,Substitution,,0,0,374,0022300225
0022300225,515,PT08M45.00S,4,0,,1610612766,,,0,0,0,,0,,,0,h,HORNETS Violation: Delay of game Violation,Violation,Delay Of Game,0,0,375,0022300225
0022300225,516,PT08M39.00S,4,1610612766,CHA,1630163,Ball,L. Ball,-59,265,27,Made,1,91,95,186,h,Ball 27' 3PT Pullup Jump Shot (28 PTS) (Miller 2 AST),Made Shot,Pullup Jump shot,1,3,376,0022300225
0022300225,518,PT08M21.00S,4,1610612764,WAS,1628398,Kuzma,K. Kuzma,32,73,8,Missed,1,,,0,v,MISS Kuzma 8' Driving Floating Jump Shot,Missed Shot,Driving Floating Jump Shot,1,2,377,0022300225
0022300225,519,PT08M16.00S,4,1610612764,WAS,1629655,Gafford,D. Gafford,0,0,0,,0,,,0,v,Gafford REBOUND (Off:4 Def:10),Rebound,Unknown,1,0,378,0022300225
0022300225,520,PT08M14.00S,4,1610612764,WAS,1629673,Poole,J. Poole,-234,-2,0,Made,1,91,98,189,v,Poole 3PT Jump Shot (20 PTS) (Kuzma 8 AST),Made Shot,Jump Shot,1,3,379,0022300225
0022300225,522,PT08M00.00S,4,1610612766,CHA,1630550,Thor,J. Thor,6,12,1,Made,1,93,98,191,h,Thor 1' Dunk (5 PTS) (Ball 9 AST),Made Shot,Dunk Shot,1,2,380,0022300225
0022300225,524,PT07M46.00S,4,1610612764,WAS,1629673,Poole,J. Poole,-5,11,1,Made,1,93,100,193,v,Poole 1' Driving Layup (22 PTS) (Avdija 1 AST),Made Shot,Driving Layup Shot,1,2,381,0022300225
0022300225,525,PT07M34.00S,4,1610612766,CHA,1630163,Ball,L. Ball,16,268,27,Missed,1,,,0,h,MISS Ball 27' 3PT Pullup Jump Shot,Missed Shot,Pullup Jump shot,1,3,382,0022300225
0022300225,526,PT07M34.00S,4,0,,1610612764,,,0,0,0,,0,,,0,v,Wizards Rebound,Rebound,Unknown,0,0,383,0022300225
0022300225,529,PT07M34.00S,4,1610612766,CHA,1630550,Thor,J. Thor,0,0,0,,0,,,0,h,SUB: Bridges FOR Thor,Substitution,,0,0,384,0022300225
0022300225,530,PT07M34.00S,4,1610612764,WAS,1630166,Avdija,D. Avdija,0,0,0,,0,,,0,v,SUB: Coulibaly FOR Avdija,Substitution,,0,0,385,0022300225
0022300225,531,PT07M34.00S,4,1610612764,WAS,1629013,Shamet,L. Shamet,0,0,0,,0,,,0,v,SUB: Jones FOR Shamet,Substitution,,0,0,386,0022300225
0022300225,535,PT07M21.00S,4,1610612764,WAS,1629673,Poole,J. Poole,205,141,25,Missed,1,,,0,v,MISS Poole 25' 3PT Jump Shot,Missed Shot,Jump Shot,1,3,387,0022300225
0022300225,536,PT07M19.00S,4,1610612766,CHA,1630163,Ball,L. Ball,0,0,0,,0,,,0,h,Ball REBOUND (Off:1 Def:5),Rebound,Unknown,1,0,388,0022300225
0022300225,537,PT07M10.00S,4,1610612766,CHA,1631109,Williams,M. Williams,21,34,4,Missed,1,,,0,h,MISS Williams 4' Layup,Missed Shot,Layup Shot,1,2,389,0022300225
0022300225,538,PT07M10.00S,4,1610612766,CHA,1631109,Williams,M. Williams,0,0,0,,0,,,0,h,Williams REBOUND (Off:4 Def:6),Rebound,Unknown,1,0,390,0022300225
0022300225,539,PT07M05.00S,4,1610612766,CHA,1631109,Williams,M. Williams,0,0,0,Missed,1,,,0,h,MISS Williams Tip Layup Shot,Missed Shot,Tip Layup Shot,1,2,391,0022300225
0022300225,540,PT07M05.00S,4,1610612766,CHA,1631109,Williams,M. Williams,0,0,0,,0,,,0,h,Williams REBOUND (Off:5 Def:6),Rebound,Unknown,1,0,392,0022300225
0022300225,541,PT07M03.00S,4,1610612766,CHA,1631109,Williams,M. Williams,0,0,0,Made,1,95,100,195,h,Williams Tip Layup Shot (9 PTS),Made Shot,Tip Layup Shot,1,2,393,0022300225
0022300225,542,PT06M47.00S,4,1610612764,WAS,1628398,Kuzma,K. Kuzma,-11,3,1,Made,1,95,102,197,v,Kuzma 1' Driving Reverse Layup (22 PTS) (Jones 6 AST),Made Shot,Driving Reverse Layup Shot,1,2,394,0022300225
0022300225,544,PT06M34.00S,4,1610612766,CHA,1630163,Ball,L. Ball,10,27,3,Missed,1,,,0,h,MISS Ball 3' Jump Shot,Missed Shot,Jump Shot,1,2,395,0022300225
0022300225,544,PT06M34.00S,4,1610612764,WAS,1641731,Coulibaly,B. Coulibaly,0,0,0,,0,,,0,v,Coulibaly BLOCK (1 BLK),,,1,2,396,0022300225
0022300225,546,PT06M31.00S,4,1610612766,CHA,1630163,Ball,L. Ball,0,0,0,,0,,,0,h,Ball REBOUND (Off:2 Def:5),Rebound,Unknown,1,0,397,0022300225
0022300225,547,PT06M30.00S,4,1610612766,CHA,1641706,Miller,B. Miller,123,243,27,Made,1,98,102,200,h,Miller 27' 3PT Jump Shot (15 PTS) (Ball 10 AST),Made Shot,Jump Shot,1,3,398,0022300225
0022300225,549,PT06M04.00S,4,1610612764,WAS,1628398,Kuzma,K. Kuzma,-110,126,17,Missed,1,,,0,v,MISS Kuzma 17' Turnaround Fadeaway Shot,Missed Shot,Turnaround Fadeaway shot,1,2,399,0022300225
0022300225,550,PT06M02.00S,4,1610612766,CHA,1630163,Ball,L. Ball,0,0,0,,0,,,0,h,Ball REBOUND (Off:2 Def:6),Rebound,Unknown,1,0,400,0022300225
0022300225,551,PT05M48.00S,4,1610612766,CHA,1628970,Bridges,M. Bridges,185,196,27,Made,1,101,102,203,h,Bridges 27' 3PT Jump Shot (25 PTS) (Ball 11 AST),Made Shot,Jump Shot,1,3,401,0022300225
0022300225,553,PT05M48.00S,4,0,,1610612764,,,0,0,0,,0,,,0,v,Wizards Timeout: Regular (Reg.5 Short 0),Timeout,Regular,0,0,402,0022300225
0022300225,554,PT05M48.00S,4,1610612766,CHA,1631121,McGowens,B. McGowens,0,0,0,,0,,,0,h,SUB: Hayward FOR McGowens,Substitution,,0,0,403,0022300225
0022300225,556,PT05M32.00S,4,1610612764,WAS,1629673,Poole,J. Poole,5,111,11,Missed,1,,,0,v,MISS Poole 11' Driving Floating Jump Shot,Missed Shot,Driving Floating Jump Shot,1,2,404,0022300225
0022300225,557,PT05M30.00S,4,1610612764,WAS,1629655,Gafford,D. Gafford,0,0,0,,0,,,0,v,Gafford REBOUND (Off:5 Def:10),Rebound,Unknown,1,0,405,0022300225
0022300225,558,PT05M29.00S,4,1610612764,WAS,1629655,Gafford,D. Gafford,6,3,1,Missed,1,,,0,v,MISS Gafford 1' Layup,Missed Shot,Layup Shot,1,2,406,0022300225
0022300225,558,PT05M29.00S,4,1610612766,CHA,1631109,Williams,M. Williams,0,0,0,,0,,,0,h,Williams BLOCK (2 BLK),,,1,2,407,0022300225
0022300225,560,PT05M29.00S,4,1610612764,WAS,1629673,Poole,J. Poole,0,0,0,,0,,,0,v,Poole REBOUND (Off:2 Def:2),Rebound,Unknown,1,0,408,0022300225
0022300225,561,PT05M20.00S,4,1610612764,WAS,1641731,Coulibaly,B. Coulibaly,179,169,25,Missed,1,,,0,v,MISS Coulibaly 25' 3PT Jump Shot,Missed Shot,Jump Shot,0,3,409,0022300225
0022300225,562,PT05M17.00S,4,1610612766,CHA,1631109,Williams,M. Williams,0,0,0,,0,,,0,h,Williams REBOUND (Off:5 Def:7),Rebound,Unknown,0,0,410,0022300225
0022300225,563,PT05M09.00S,4,1610612766,CHA,1628970,Bridges,M. Bridges,10,16,2,Made,1,103,102,205,h,Bridges 2' Cutting Layup Shot (27 PTS) (Ball 12 AST),Made Shot,Cutting Layup Shot,1,2,411,0022300225
0022300225,565,PT04M52.00S,4,1610612764,WAS,1626145,Jones,T. Jones,-31,30,4,Missed,1,,,0,v,MISS Jones 4' Jump Shot,Missed Shot,Jump Shot,1,2,412,0022300225
0022300225,565,PT04M52.00S,4,1610612766,CHA,1631109,Williams,M. Williams,0,0,0,,0,,,0,h,Williams BLOCK (3 BLK),,,1,2,413,0022300225
0022300225,567,PT04M52.00S,4,1610612766,CHA,1631109,Williams,M. Williams,0,0,0,,0,,,0,h,Williams REBOUND (Off:5 Def:8),Rebound,Unknown,1,0,414,0022300225
0022300225,568,PT04M45.00S,4,1610612766,CHA,1630163,Ball,L. Ball,-152,238,28,Missed,1,,,0,h,MISS Ball 28' 3PT Pullup Jump Shot,Missed Shot,Pullup Jump shot,1,3,415,0022300225
0022300225,569,PT04M43.00S,4,1610612766,CHA,202330,Hayward,G. Hayward,0,0,0,,0,,,0,h,Hayward REBOUND (Off:1 Def:5),Rebound,Unknown,1,0,416,0022300225
0022300225,570,PT04M40.00S,4,1610612766,CHA,1630163,Ball,L. Ball,-64,99,12,Made,1,105,102,207,h,Ball 12' Floating Jump Shot (30 PTS) (Hayward 6 AST),Made Shot,Floating Jump shot,1,2,417,0022300225
0022300225,572,PT04M22.00S,4,1610612764,WAS,1628398,Kuzma,K. Kuzma,-60,100,12,Made,1,105,104,209,v,Kuzma 12' Turnaround Jump Shot (24 PTS),Made Shot,Turnaround Jump Shot,1,2,418,0022300225
0022300225,573,PT04M22.00S,4,0,,1610612766,,,0,0,0,,0,,,0,h,HORNETS Timeout: Regular (Full 4 Short 0),Timeout,Regular,0,0,419,0022300225
0022300225,574,PT04M07.00S,4,1610612766,CHA,1630163,Ball,L. Ball,0,0,0,,0,,,0,h,Ball Bad Pass Turnover (P4.T11),Turnover,Bad Pass,1,0,420,0022300225
0022300225,574,PT04M07.00S,4,1610612764,WAS,1629673,Poole,J. Poole,0,0,0,,0,,,0,v,Poole STEAL (2 STL),,,1,0,421,0022300225
0022300225,576,PT03M59.00S,4,1610612764,WAS,1628398,Kuzma,K. Kuzma,-13,31,3,Missed,1,,,0,v,MISS Kuzma 3' Layup,Missed Shot,Layup Shot,1,2,422,0022300225
0022300225,577,PT03M56.00S,4,1610612766,CHA,202330,Hayward,G. Hayward,0,0,0,,0,,,0,h,Hayward REBOUND (Off:1 Def:6),Rebound,Unknown,1,0,423,0022300225
0022300225,578,PT03M45.00S,4,1610612766,CHA,202330,Hayward,G. Hayward,0,0,0,,0,,,0,h,Hayward Bad Pass Turnover (P3.T12),Turnover,Bad Pass,1,0,424,0022300225
0022300225,578,PT03M45.00S,4,1610612764,WAS,1626145,Jones,T. Jones,0,0,0,,0,,,0,v,Jones STEAL (2 STL),,,1,0,425,0022300225
0022300225,580,PT03M40.00S,4,1610612764,WAS,1629673,Poole,J. Poole,-10,9,1,Made,1,105,106,211,v,Poole 1' Running Layup (24 PTS) (Jones 7 AST),Made Shot,Running Layup Shot,1,2,426,0022300225
0022300225,582,PT03M16.00S,4,1610612766,CHA,202330,Hayward,G. Hayward,6,71,7,Missed,1,,,0,h,MISS Hayward 7' Fadeaway Jumper,Missed Shot,Fadeaway Jump Shot,1,2,427,0022300225
0022300225,583,PT03M16.00S,4,0,,1610612766,,,0,0,0,,0,,,0,h,HORNETS Rebound,Rebound,Unknown,1,0,428,0022300225
0022300225,585,PT03M16.00S,4,0,,1610612766,,,0,0,0,,0,,,0,h,HORNETS Timeout: Regular (Full 5 Short 0),Timeout,Regular,0,0,429,0022300225
0022300225,586,PT03M09.00S,4,1610612764,WAS,1629655,Gafford,D. Gafford,0,0,0,,0,,,0,v,Gafford S.FOUL (P4.T2) (A.Smith),Foul,Shooting,1,0,430,0022300225
0022300225,588,PT03M09.00S,4,1610612766,CHA,1631109,Williams,M. Williams,0,0,0,,0,106,106,212,h,Williams Free Throw 1 of 2 (10 PTS),Free Throw,Free Throw 1 of 2,1,0,431,0022300225
0022300225,589,PT03M09.00S,4,1610612766,CHA,1631109,Williams,M. Williams,0,0,0,,0,,,0,h,MISS Williams Free Throw 2 of 2,Free Throw,Free Throw 2 of 2,1,0,432,0022300225
0022300225,590,PT03M06.00S,4,1610612766,CHA,1628970,Bridges,M. Bridges,0,0,0,,0,,,0,h,Bridges REBOUND (Off:2 Def:7),Rebound,Unknown,1,0,433,0022300225
0022300225,591,PT03M01.00S,4,1610612766,CHA,1631109,Williams,M. Williams,-4,29,3,Missed,1,,,0,h,MISS Williams 3' Driving Finger Roll Layup,Missed Shot,Driving Finger Roll Layup Shot,1,2,434,0022300225
0022300225,592,PT02M59.00S,4,1610612764,WAS,1628398,Kuzma,K. Kuzma,0,0,0,,0,,,0,v,Kuzma REBOUND (Off:0 Def:8),Rebound,Unknown,1,0,435,0022300225
0022300225,593,PT02M53.00S,4,1610612764,WAS,1641731,Coulibaly,B. Coulibaly,223,2,0,Missed,1,,,0,v,MISS Coulibaly 3PT Jump Shot,Missed Shot,Jump Shot,1,3,436,0022300225
0022300225,594,PT02M50.00S,4,1610612766,CHA,1628970,Bridges,M. Bridges,0,0,0,,0,,,0,h,Bridges REBOUND (Off:2 Def:8),Rebound,Unknown,1,0,437,0022300225
0022300225,654,PT02M41.00S,4,1610612766,CHA,1628970,Bridges,M. Bridges,0,0,0,,0,,,0,h,Bridges Lost Ball Turnover (P3.T13),Turnover,Lost Ball,0,0,438,0022300225
0022300225,654,PT02M41.00S,4,1610612764,WAS,1629673,Poole,J. Poole,0,0,0,,0,,,0,v,Poole STEAL (3 STL),,,0,0,439,0022300225
0022300225,597,PT02M36.00S,4,1610612764,WAS,1641731,Coulibaly,B. Coulibaly,-7,41,4,Missed,1,,,0,v,MISS Coulibaly 4' Running Alley Oop Layup Shot,Missed Shot,Running Alley Oop Layup Shot,1,2,440,0022300225
0022300225,598,PT02M34.00S,4,1610612766,CHA,202330,Hayward,G. Hayward,0,0,0,,0,,,0,h,Hayward REBOUND (Off:1 Def:7),Rebound,Unknown,1,0,441,0022300225
0022300225,599,PT02M29.00S,4,1610612766,CHA,1630163,Ball,L. Ball,-29,81,9,Made,1,108,106,214,h,Ball 9' Floating Jump Shot (32 PTS) (Miller 3 AST),Made Shot,Floating Jump shot,1,2,442,0022300225
0022300225,602,PT02M10.00S,4,1610612764,WAS,1629673,Poole,J. Poole,221,9,0,Missed,1,,,0,v,MISS Poole 3PT Fadeaway Jumper,Missed Shot,Fadeaway Jump Shot,1,3,443,0022300225
0022300225,603,PT02M07.00S,4,1610612766,CHA,202330,Hayward,G. Hayward,0,0,0,,0,,,0,h,Hayward REBOUND (Off:1 Def:8),Rebound,Unknown,1,0,444,0022300225
0022300225,604,PT01M58.00S,4,1610612766,CHA,1628970,Bridges,M. Bridges,244,6,24,Missed,1,,,0,h,MISS Bridges 24' 3PT Jump Shot,Missed Shot,Jump Shot,1,3,445,0022300225
0022300225,605,PT01M57.00S,4,0,,1610612766,,,0,0,0,,0,,,0,h,HORNETS Rebound,Rebound,Unknown,1,0,446,0022300225
0022300225,606,PT01M57.00S,4,1610612764,WAS,1641731,Coulibaly,B. Coulibaly,0,0,0,,0,,,0,v,Coulibaly L.B.FOUL (P2.T3) (S.Mehta),Foul,Loose Ball,1,0,447,0022300225
0022300225,608,PT01M46.00S,4,1610612766,CHA,1630163,Ball,L. Ball,158,206,26,Missed,1,,,0,h,MISS Ball 26' 3PT Step Back Jump Shot,Missed Shot,Step Back Jump shot,1,3,448,0022300225
0022300225,609,PT01M44.00S,4,1610612764,WAS,1626145,Jones,T. Jones,0,0,0,,0,,,0,v,Jones REBOUND (Off:0 Def:1),Rebound,Unknown,1,0,449,0022300225
0022300225,610,PT01M37.00S,4,1610612764,WAS,1629655,Gafford,D. Gafford,-12,11,2,Made,1,108,108,216,v,Gafford 2' Alley Oop Dunk (13 PTS) (Kuzma 9 AST),Made Shot,Alley Oop Dunk Shot,1,2,450,0022300225
0022300225,612,PT01M21.00S,4,1610612766,CHA,1631109,Williams,M. Williams,5,25,3,Missed,1,,,0,h,MISS Williams 3' Dunk,Missed Shot,Dunk Shot,1,2,451,0022300225
0022300225,612,PT01M21.00S,4,1610612764,WAS,1628398,Kuzma,K. Kuzma,0,0,0,,0,,,0,v,Kuzma BLOCK (2 BLK),,,1,2,452,0022300225
0022300225,614,PT01M18.00S,4,1610612764,WAS,1629673,Poole,J. Poole,0,0,0,,0,,,0,v,Poole REBOUND (Off:2 Def:3),Rebound,Unknown,1,0,453,0022300225
0022300225,615,PT01M16.00S,4,1610612764,WAS,1629673,Poole,J. Poole,0,0,0,,0,,,0,v,Poole Lost Ball Turnover (P3.T10),Turnover,Lost Ball,1,0,454,0022300225
0022300225,615,PT01M16.00S,4,1610612766,CHA,1628970,Bridges,M. Bridges,0,0,0,,0,,,0,h,Bridges STEAL (2 STL),,,1,0,455,0022300225
0022300225,617,PT01M16.00S,4,1610612766,CHA,1628970,Bridges,M. Bridges,6,17,2,Made,1,110,108,218,h,Bridges 2' Driving Layup (29 PTS),Made Shot,Driving Layup Shot,1,2,456,0022300225
0022300225,618,PT01M16.00S,4,1610612764,WAS,1641731,Coulibaly,B. Coulibaly,0,0,0,,0,,,0,v,Coulibaly S.FOUL (P3.PN) (A.Smith),Foul,Shooting,1,0,457,0022300225
0022300225,620,PT01M16.00S,4,1610612766,CHA,1628970,Bridges,M. Bridges,0,0,0,,0,,,0,h,MISS Bridges Free Throw 1 of 1,Free Throw,Free Throw 1 of 1,1,0,458,0022300225
0022300225,621,PT01M12.00S,4,1610612764,WAS,1629655,Gafford,D. Gafford,0,0,0,,0,,,0,v,Gafford REBOUND (Off:5 Def:11),Rebound,Unknown,1,0,459,0022300225
0022300225,622,PT01M02.00S,4,1610612764,WAS,1628398,Kuzma,K. Kuzma,110,103,15,Made,1,110,110,220,v,Kuzma 15' Fadeaway Jumper (26 PTS),Made Shot,Fadeaway Jump Shot,1,2,460,0022300225
0022300225,623,PT00M47.20S,4,1610612766,CHA,1628970,Bridges,M. Bridges,-104,262,28,Made,1,113,110,223,h,Bridges 28' 3PT Step Back Jump Shot (32 PTS) (Ball 13 AST),Made Shot,Step Back Jump shot,1,3,461,0022300225
0022300225,624,PT00M35.80S,4,1610612764,WAS,1628398,Kuzma,K. Kuzma,118,241,27,Missed,1,,,0,v,MISS Kuzma 27' 3PT Pullup Jump Shot,Missed Shot,Pullup Jump shot,1,3,462,0022300225
0022300225,625,PT00M33.70S,4,1610612766,CHA,1631109,Williams,M. Williams,0,0,0,,0,,,0,h,Williams REBOUND (Off:5 Def:9),Rebound,Unknown,1,0,463,0022300225
0022300225,627,PT00M33.70S,4,1610612764,WAS,1629673,Poole,J. Poole,0,0,0,,0,,,0,v,Poole P.FOUL (P1.PN) (S.Mehta),Foul,Personal,1,0,464,0022300225
0022300225,630,PT00M33.70S,4,1610612766,CHA,1631109,Williams,M. Williams,0,0,0,,0,114,110,224,h,Williams Free Throw 1 of 2 (11 PTS),Free Throw,Free Throw 1 of 2,1,0,465,0022300225
0022300225,631,PT00M33.70S,4,1610612766,CHA,1631109,Williams,M. Williams,0,0,0,,0,,,0,h,MISS Williams Free Throw 2 of 2,Free Throw,Free Throw 2 of 2,1,0,466,0022300225
0022300225,632,PT00M33.50S,4,1610612764,WAS,1628398,Kuzma,K. Kuzma,0,0,0,,0,,,0,v,Kuzma REBOUND (Off:0 Def:9),Rebound,Unknown,1,0,467,0022300225
0022300225,633,PT00M33.50S,4,0,,1610612764,,,0,0,0,,0,,,0,v,Wizards Timeout: Regular (Reg.6 Short 0),Timeout,Regular,0,0,468,0022300225
0022300225,634,PT00M29.90S,4,1610612764,WAS,1628398,Kuzma,K. Kuzma,-6,-7,1,Made,1,114,112,226,v,Kuzma 1' Driving Reverse Layup (28 PTS) (Coulibaly 2 AST),Made Shot,Driving Reverse Layup Shot,1,2,469,0022300225
0022300225,636,PT00M28.10S,4,1610612764,WAS,1628398,Kuzma,K. Kuzma,0,0,0,,0,,,0,v,Kuzma Personal Take Foul (P4.PN) (A.Smith),Foul,Personal Take,1,0,470,0022300225
0022300225,638,PT00M28.10S,4,1610612766,CHA,1628970,Bridges,M. Bridges,0,0,0,,0,,,0,h,MISS Bridges Free Throw 1 of 2,Free Throw,Free Throw 1 of 2,1,0,471,0022300225
0022300225,639,PT00M28.10S,4,0,,1610612766,,,0,0,0,,0,,,0,h,HORNETS Rebound,Rebound,Normal Rebound,0,0,472,0022300225
0022300225,640,PT00M28.10S,4,1610612766,CHA,1628970,Bridges,M. Bridges,0,0,0,,0,115,112,227,h,Bridges Free Throw 2 of 2 (33 PTS),Free Throw,Free Throw 2 of 2,1,0,473,0022300225
0022300225,641,PT00M28.10S,4,0,,1610612764,,,0,0,0,,0,,,0,v,Wizards Timeout: Regular (Reg.7 Short 0),Timeout,Regular,0,0,474,0022300225
0022300225,642,PT00M18.80S,4,1610612764,WAS,1629655,Gafford,D. Gafford,-1,14,1,Made,1,115,114,229,v,Gafford 1' Dunk (15 PTS) (Kuzma 10 AST),Made Shot,Dunk Shot,1,2,475,0022300225
0022300225,644,PT00M17.00S,4,1610612764,WAS,1641731,Coulibaly,B. Coulibaly,0,0,0,,0,,,0,v,Coulibaly Personal Take Foul (P4.PN) (S.Mehta),Foul,Personal Take,1,0,476,0022300225
0022300225,646,PT00M17.00S,4,1610612766,CHA,1630163,Ball,L. Ball,0,0,0,,0,116,114,230,h,Ball Free Throw 1 of 2 (33 PTS),Free Throw,Free Throw 1 of 2,1,0,477,0022300225
0022300225,647,PT00M17.00S,4,1610612764,WAS,1641731,Coulibaly,B. Coulibaly,0,0,0,,0,,,0,v,SUB: Shamet FOR Coulibaly,Substitution,,0,0,478,0022300225
0022300225,649,PT00M17.00S,4,1610612766,CHA,1630163,Ball,L. Ball,0,0,0,,0,117,114,231,h,Ball Free Throw 2 of 2 (34 PTS),Free Throw,Free Throw 2 of 2,1,0,479,0022300225
0022300225,650,PT00M01.90S,4,1610612764,WAS,1628398,Kuzma,K. Kuzma,-121,306,33,Missed,1,,,0,v,MISS Kuzma 33' 3PT Jump Shot,Missed Shot,Jump Shot,1,3,480,0022300225
0022300225,651,PT00M01.90S,4,1610612766,CHA,1631109,Williams,M. Williams,0,0,0,,0,,,0,h,Williams REBOUND (Off:5 Def:10),Rebound,Unknown,1,0,481,0022300225
0022300225,652,PT00M00.00S,4,0,,0,,,0,0,0,,0,117,114,231,,End of 4th Period (9:24 PM EST),period,end,1,0,482,0022300225
